input.2,input.1,0.42794
input.3,input.1,0.42794
input.4,input.1,0.30816
input.balanceRun,input.1,0.99986
input.baseline,input.1,0.00000
input.baseline1,input.1,0.00134
input.baseline2,input.1,0.88017
input.baselineBM25,input.1,0.00000
input.Basic,input.1,0.16257
input.basicWISTUD,input.1,0.99995
input.ciirRun1,input.1,0.21302
input.ciirRun2,input.1,0.07610
input.ciirRun3,input.1,0.24208
input.ciirRun4,input.1,0.88008
input.clarity1,input.1,0.00034
input.clarity2,input.1,0.00034
input.clarity3,input.1,0.00019
input.clarity4,input.1,0.00173
input.COMMITbase,input.1,0.00000
input.COMMITexp,input.1,0.00366
input.COMMITfilter,input.1,0.01028
input.COMMITlinks,input.1,0.00366
input.cyfrun1,input.1,0.00003
input.cyfrun2,input.1,0.00000
input.dbpWISTUD,input.1,0.00523
input.DFReeKLIM,input.1,0.00001
input.DFReeKLIM30,input.1,0.00001
input.DFReeKLIMDC,input.1,0.00001
input.DFReeKLIMRA,input.1,0.00014
input.dutirLmFb,input.1,0.24206
input.dutirMixFb,input.1,0.21293
input.dutirMixSp,input.1,0.38539
input.dutirTfidfFb,input.1,0.52108
input.EMAX,input.1,0.00000
input.FASILKOM01,input.1,0.00004
input.FASILKOM02,input.1,0.00003
input.FASILKOM03,input.1,0.00039
input.FASILKOM04,input.1,0.00006
input.FDUNLP,input.1,0.06442
input.FDUNLP2,input.1,0.02355
input.Google1GNO,input.1,0.19943
input.gus,input.1,0.99991
input.gust,input.1,0.82095
input.gustc,input.1,0.82095
input.gut,input.1,0.30829
input.hitWId,input.1,0.00000
input.hitWIt,input.1,0.00000
input.ICTNET11MBR1,input.1,0.82095
input.ICTNET11MBR2,input.1,0.12176
input.ICTNET11MBR3,input.1,0.59730
input.ICTNET11MBR4,input.1,0.93976
input.IDEAACTQE,input.1,0.76260
input.IDEABASIC,input.1,0.70582
input.IDEABASICACT,input.1,0.70582
input.IDEABASICQE,input.1,0.79158
input.ikmRun1,input.1,0.00000
input.InL2c1,input.1,0.52116
input.iritfd1,input.1,0.01573
input.iritfd2,input.1,0.00587
input.IRSIGoogle1G,input.1,0.17431
input.IRSIGoogle2G,input.1,0.87999
input.isiFD,input.1,0.00001
input.isiFDL,input.1,0.00000
input.isiFDRM,input.1,0.00000
input.isiFDRML,input.1,0.00000
input.kanopeRun,input.1,0.00000
input.KAUSTBase,input.1,0.22711
input.KAUSTExp,input.1,0.32648
input.KAUSTExpRrnk,input.1,0.65063
input.KAUSTRerank,input.1,0.42808
input.LJQO10,input.1,0.18652
input.LJQO5,input.1,0.18652
input.LMOP10,input.1,0.24199
input.LMOP5,input.1,0.04155
input.LThresh,input.1,0.14106
input.manualWISTUD,input.1,0.00005
input.melblt,input.1,0.47343
input.MONASH1NEW,input.1,0.00016
input.MONASH2NEW,input.1,0.00003
input.MorpheusRun1,input.1,0.00000
input.mulnewWISTUD,input.1,0.93989
input.myRun,input.1,0.13114
input.myrun2,input.1,0.00366
input.myrun3,input.1,0.00737
input.Nestor,input.1,0.08946
input.NestorS,input.1,0.06442
input.normal,input.1,0.62380
input.nQCRIwoTag,input.1,0.45041
input.nQCRIwTag,input.1,0.30824
input.omarRun,input.1,0.93985
input.PKUICST,input.1,0.00287
input.PKUICST2,input.1,0.02356
input.PKUICST3,input.1,0.00117
input.PKUICST4,input.1,0.00078
input.PL2Bo1SDExt,input.1,0.00000
input.PL2NoQENoDM,input.1,0.70594
input.PL2NoQeSd,input.1,0.47336
input.PL2NoQeSdExt,input.1,0.00000
input.PRISrun1,input.1,0.00000
input.PRISrun2,input.1,0.00000
input.PRISrun3,input.1,0.00000
input.PRISrun4,input.1,0.62372
input.QCRIwoTagOrg,input.1,0.45041
input.QCRIwTagOrg,input.1,0.30824
input.qHtagBaseRun,input.1,0.09676
input.qRefLThresh,input.1,0.01742
input.refBalRun,input.1,0.47329
input.refRelRun,input.1,0.88021
input.relevanceRun,input.1,0.05428
input.RFD,input.1,0.15157
input.ri,input.1,0.00001
input.rit,input.1,0.32642
input.rit3,input.1,0.49690
input.RMITAR,input.1,0.03454
input.RMITM,input.1,0.32640
input.RMITMR,input.1,0.00464
input.RMITMRR,input.1,0.90999
input.Rocchio,input.1,0.11292
input.RTB,input.1,0.00000
input.run1,input.1,0.06444
input.run1a,input.1,0.00001
input.run1fix,input.1,0.00825
input.run2,input.1,0.00134
input.run2a,input.1,0.00045
input.run3,input.1,0.70573
input.run3a,input.1,0.01930
input.run4,input.1,0.16261
input.run4a,input.1,0.01417
input.RunAll,input.1,0.57121
input.RunFut,input.1,0.34535
input.runNeMIS,input.1,0.00003
input.runNeMISext,input.1,0.00078
input.RunPure,input.1,0.65055
input.scurtuRun1,input.1,0.00587
input.sielrun1,input.1,0.00000
input.sielrun2,input.1,0.00009
input.sielrun3,input.1,0.00004
input.sielrun4,input.1,0.00006
input.SienaCL1B,input.1,0.47332
input.SienaCL31,input.1,0.88008
input.SienaCL342,input.1,0.85034
input.SienaCLbase,input.1,0.93985
input.simfoll,input.1,0.52123
input.simfollTP01,input.1,0.47336
input.sylesNoRes,input.1,0.02356
input.tfTP01,input.1,0.57136
input.udelIndri,input.1,0.47339
input.udelLucene,input.1,0.00000
input.UDMicroComb1,input.1,0.12180
input.UDMicroComb2,input.1,0.67809
input.UDMicroIDF,input.1,0.59726
input.UDMicroIDFD,input.1,0.32645
input.uicir1,input.1,0.07606
input.uicir2,input.1,0.02859
input.UIowaS1,input.1,0.94003
input.UIowaS2,input.1,0.93989
input.UIowaS3,input.1,0.99991
input.UIowaS4,input.1,0.57144
input.uiucsf,input.1,0.00000
input.uogTrLqea,input.1,0.00465
input.uogTrLqeabd,input.1,0.00152
input.uogTrLqeabdd,input.1,0.00068
input.uogTrUB2,input.1,0.00039
input.UTBase,input.1,0.00224
input.UTBaseRTF,input.1,0.00000
input.UTWngFuture,input.1,0.00000
input.UTWngFutureQ,input.1,0.00000
input.waterlooa1,input.1,0.01572
input.waterlooa2,input.1,0.08256
input.waterlooa3,input.1,0.00045
input.waterlooa4,input.1,0.01275
input.WESTfilext,input.1,0.03146
input.WESTfilter,input.1,0.07008
input.WESTrelint,input.1,0.00000
input.WESTrlext,input.1,0.00000
input.Wise2ndRun,input.1,0.02597
input.WiseFifthRun,input.1,0.27378
input.WiseFouthRun,input.1,0.90981
input.WiseThirdRun,input.1,0.02597
input.ya3,input.1,0.01027
input.ya4,input.1,0.14106
input.YNDXTPC1,input.1,0.00921
input.YNDXTPC2,input.1,0.02132
input.3,input.2,1.00000
input.4,input.2,0.82090
input.balanceRun,input.2,0.42784
input.baseline,input.2,0.00000
input.baseline1,input.2,0.00006
input.baseline2,input.2,0.52090
input.baselineBM25,input.2,0.00000
input.Basic,input.2,0.02858
input.basicWISTUD,input.2,0.42798
input.ciirRun1,input.2,0.65084
input.ciirRun2,input.2,0.32656
input.ciirRun3,input.2,0.70611
input.ciirRun4,input.2,0.52097
input.clarity1,input.2,0.00523
input.clarity2,input.2,0.00523
input.clarity3,input.2,0.00325
input.clarity4,input.2,0.01930
input.COMMITbase,input.2,0.00005
input.COMMITexp,input.2,0.03459
input.COMMITfilter,input.2,0.07616
input.COMMITlinks,input.2,0.03459
input.cyfrun1,input.2,0.00000
input.cyfrun2,input.2,0.00000
input.dbpWISTUD,input.2,0.04549
input.DFReeKLIM,input.2,0.00025
input.DFReeKLIM30,input.2,0.00025
input.DFReeKLIMDC,input.2,0.00025
input.DFReeKLIMRA,input.2,0.00254
input.dutirLmFb,input.2,0.70607
input.dutirMixFb,input.2,0.65067
input.dutirMixSp,input.2,0.93998
input.dutirTfidfFb,input.2,0.87995
input.EMAX,input.2,0.00000
input.FASILKOM01,input.2,0.00090
input.FASILKOM02,input.2,0.00068
input.FASILKOM03,input.2,0.00587
input.FASILKOM04,input.2,0.00134
input.FDUNLP,input.2,0.00824
input.FDUNLP2,input.2,0.00223
input.Google1GNO,input.2,0.62380
input.gus,input.2,0.42801
input.gust,input.2,0.57113
input.gustc,input.2,0.57113
input.gut,input.2,0.82112
input.hitWId,input.2,0.00005
input.hitWIt,input.2,0.00001
input.ICTNET11MBR1,input.2,0.57113
input.ICTNET11MBR2,input.2,0.01928
input.ICTNET11MBR3,input.2,0.79145
input.ICTNET11MBR4,input.2,0.38524
input.IDEAACTQE,input.2,0.27361
input.IDEABASIC,input.2,0.24192
input.IDEABASICACT,input.2,0.24192
input.IDEABASICQE,input.2,0.29052
input.ikmRun1,input.2,0.00000
input.InL2c1,input.2,0.15149
input.iritfd1,input.2,0.10473
input.iritfd2,input.2,0.04973
input.IRSIGoogle1G,input.2,0.57155
input.IRSIGoogle2G,input.2,0.52104
input.isiFD,input.2,0.00034
input.isiFDL,input.2,0.00001
input.isiFDRM,input.2,0.00002
input.isiFDRML,input.2,0.00000
input.kanopeRun,input.2,0.00000
input.KAUSTBase,input.2,0.67805
input.KAUSTExp,input.2,0.85047
input.KAUSTExpRrnk,input.2,0.73398
input.KAUSTRerank,input.2,0.99982
input.LJQO10,input.2,0.59734
input.LJQO5,input.2,0.59734
input.LMOP10,input.2,0.04968
input.LMOP5,input.2,0.00464
input.LThresh,input.2,0.02354
input.manualWISTUD,input.2,0.00117
input.melblt,input.2,0.93958
input.MONASH1NEW,input.2,0.00000
input.MONASH2NEW,input.2,0.00000
input.MorpheusRun1,input.2,0.00000
input.mulnewWISTUD,input.2,0.47318
input.myRun,input.2,0.47343
input.myrun2,input.2,0.03455
input.myrun3,input.2,0.05918
input.Nestor,input.2,0.01274
input.NestorS,input.2,0.00824
input.normal,input.2,0.76247
input.nQCRIwoTag,input.2,0.96970
input.nQCRIwTag,input.2,0.82103
input.omarRun,input.2,0.38530
input.PKUICST,input.2,0.02862
input.PKUICST2,input.2,0.14115
input.PKUICST3,input.2,0.01417
input.PKUICST4,input.2,0.01029
input.PL2Bo1SDExt,input.2,0.00000
input.PL2NoQENoDM,input.2,0.24199
input.PL2NoQeSd,input.2,0.13111
input.PL2NoQeSdExt,input.2,0.00000
input.PRISrun1,input.2,0.00000
input.PRISrun2,input.2,0.00000
input.PRISrun3,input.2,0.00005
input.PRISrun4,input.2,0.76255
input.QCRIwoTagOrg,input.2,0.96970
input.QCRIwTagOrg,input.2,0.82103
input.qHtagBaseRun,input.2,0.01415
input.qRefLThresh,input.2,0.00152
input.refBalRun,input.2,0.13108
input.refRelRun,input.2,0.52086
input.relevanceRun,input.2,0.25769
input.RFD,input.2,0.02597
input.ri,input.2,0.00034
input.rit,input.2,0.85039
input.rit3,input.2,0.14099
input.RMITAR,input.2,0.00366
input.RMITM,input.2,0.07604
input.RMITMR,input.2,0.00029
input.RMITMRR,input.2,0.49672
input.Rocchio,input.2,0.01741
input.RTB,input.2,0.00000
input.run1,input.2,0.29078
input.run1a,input.2,0.00000
input.run1fix,input.2,0.06448
input.run2,input.2,0.01573
input.run2a,input.2,0.00002
input.run3,input.2,0.24188
input.run3a,input.2,0.00173
input.run4,input.2,0.02859
input.run4a,input.2,0.00117
input.RunAll,input.2,0.17415
input.RunFut,input.2,0.08250
input.runNeMIS,input.2,0.00000
input.runNeMISext,input.2,0.00003
input.RunPure,input.2,0.21287
input.scurtuRun1,input.2,0.00039
input.sielrun1,input.2,0.00000
input.sielrun2,input.2,0.00000
input.sielrun3,input.2,0.00000
input.sielrun4,input.2,0.00000
input.SienaCL1B,input.2,0.93971
input.SienaCL31,input.2,0.52097
input.SienaCL342,input.2,0.54582
input.SienaCLbase,input.2,0.47322
input.simfoll,input.2,0.87977
input.simfollTP01,input.2,0.93967
input.sylesNoRes,input.2,0.14116
input.tfTP01,input.2,0.82068
input.udelIndri,input.2,0.93962
input.udelLucene,input.2,0.00000
input.UDMicroComb1,input.2,0.01928
input.UDMicroComb2,input.2,0.22713
input.UDMicroIDF,input.2,0.79149
input.UDMicroIDFD,input.2,0.07606
input.uicir1,input.2,0.01027
input.uicir2,input.2,0.00287
input.UIowaS1,input.2,0.38542
input.UIowaS2,input.2,0.38533
input.UIowaS3,input.2,0.42801
input.UIowaS4,input.2,0.17426
input.uiucsf,input.2,0.00000
input.uogTrLqea,input.2,0.00029
input.uogTrLqeabd,input.2,0.00007
input.uogTrLqeabdd,input.2,0.00003
input.uogTrUB2,input.2,0.00001
input.UTBase,input.2,0.00012
input.UTBaseRTF,input.2,0.00000
input.UTWngFuture,input.2,0.00000
input.UTWngFutureQ,input.2,0.00000
input.waterlooa1,input.2,0.10468
input.waterlooa2,input.2,0.34553
input.waterlooa3,input.2,0.00659
input.waterlooa4,input.2,0.08950
input.WESTfilext,input.2,0.00324
input.WESTfilter,input.2,0.00921
input.WESTrelint,input.2,0.00000
input.WESTrlext,input.2,0.00000
input.Wise2ndRun,input.2,0.15159
input.WiseFifthRun,input.2,0.76290
input.WiseFouthRun,input.2,0.36494
input.WiseThirdRun,input.2,0.15159
input.ya3,input.2,0.00078
input.ya4,input.2,0.02354
input.YNDXTPC1,input.2,0.00068
input.YNDXTPC2,input.2,0.00197
input.4,input.3,0.82090
input.balanceRun,input.3,0.42784
input.baseline,input.3,0.00000
input.baseline1,input.3,0.00006
input.baseline2,input.3,0.52090
input.baselineBM25,input.3,0.00000
input.Basic,input.3,0.02858
input.basicWISTUD,input.3,0.42798
input.ciirRun1,input.3,0.65084
input.ciirRun2,input.3,0.32656
input.ciirRun3,input.3,0.70611
input.ciirRun4,input.3,0.52097
input.clarity1,input.3,0.00523
input.clarity2,input.3,0.00523
input.clarity3,input.3,0.00325
input.clarity4,input.3,0.01930
input.COMMITbase,input.3,0.00005
input.COMMITexp,input.3,0.03459
input.COMMITfilter,input.3,0.07616
input.COMMITlinks,input.3,0.03459
input.cyfrun1,input.3,0.00000
input.cyfrun2,input.3,0.00000
input.dbpWISTUD,input.3,0.04549
input.DFReeKLIM,input.3,0.00025
input.DFReeKLIM30,input.3,0.00025
input.DFReeKLIMDC,input.3,0.00025
input.DFReeKLIMRA,input.3,0.00254
input.dutirLmFb,input.3,0.70607
input.dutirMixFb,input.3,0.65067
input.dutirMixSp,input.3,0.93998
input.dutirTfidfFb,input.3,0.87995
input.EMAX,input.3,0.00000
input.FASILKOM01,input.3,0.00090
input.FASILKOM02,input.3,0.00068
input.FASILKOM03,input.3,0.00587
input.FASILKOM04,input.3,0.00134
input.FDUNLP,input.3,0.00824
input.FDUNLP2,input.3,0.00223
input.Google1GNO,input.3,0.62380
input.gus,input.3,0.42801
input.gust,input.3,0.57113
input.gustc,input.3,0.57113
input.gut,input.3,0.82112
input.hitWId,input.3,0.00005
input.hitWIt,input.3,0.00001
input.ICTNET11MBR1,input.3,0.57113
input.ICTNET11MBR2,input.3,0.01928
input.ICTNET11MBR3,input.3,0.79145
input.ICTNET11MBR4,input.3,0.38524
input.IDEAACTQE,input.3,0.27361
input.IDEABASIC,input.3,0.24192
input.IDEABASICACT,input.3,0.24192
input.IDEABASICQE,input.3,0.29052
input.ikmRun1,input.3,0.00000
input.InL2c1,input.3,0.15149
input.iritfd1,input.3,0.10473
input.iritfd2,input.3,0.04973
input.IRSIGoogle1G,input.3,0.57155
input.IRSIGoogle2G,input.3,0.52104
input.isiFD,input.3,0.00034
input.isiFDL,input.3,0.00001
input.isiFDRM,input.3,0.00002
input.isiFDRML,input.3,0.00000
input.kanopeRun,input.3,0.00000
input.KAUSTBase,input.3,0.67805
input.KAUSTExp,input.3,0.85047
input.KAUSTExpRrnk,input.3,0.73398
input.KAUSTRerank,input.3,0.99982
input.LJQO10,input.3,0.59734
input.LJQO5,input.3,0.59734
input.LMOP10,input.3,0.04968
input.LMOP5,input.3,0.00464
input.LThresh,input.3,0.02354
input.manualWISTUD,input.3,0.00117
input.melblt,input.3,0.93958
input.MONASH1NEW,input.3,0.00000
input.MONASH2NEW,input.3,0.00000
input.MorpheusRun1,input.3,0.00000
input.mulnewWISTUD,input.3,0.47318
input.myRun,input.3,0.47343
input.myrun2,input.3,0.03455
input.myrun3,input.3,0.05918
input.Nestor,input.3,0.01274
input.NestorS,input.3,0.00824
input.normal,input.3,0.76247
input.nQCRIwoTag,input.3,0.96970
input.nQCRIwTag,input.3,0.82103
input.omarRun,input.3,0.38530
input.PKUICST,input.3,0.02862
input.PKUICST2,input.3,0.14115
input.PKUICST3,input.3,0.01417
input.PKUICST4,input.3,0.01029
input.PL2Bo1SDExt,input.3,0.00000
input.PL2NoQENoDM,input.3,0.24199
input.PL2NoQeSd,input.3,0.13111
input.PL2NoQeSdExt,input.3,0.00000
input.PRISrun1,input.3,0.00000
input.PRISrun2,input.3,0.00000
input.PRISrun3,input.3,0.00005
input.PRISrun4,input.3,0.76255
input.QCRIwoTagOrg,input.3,0.96970
input.QCRIwTagOrg,input.3,0.82103
input.qHtagBaseRun,input.3,0.01415
input.qRefLThresh,input.3,0.00152
input.refBalRun,input.3,0.13108
input.refRelRun,input.3,0.52086
input.relevanceRun,input.3,0.25769
input.RFD,input.3,0.02597
input.ri,input.3,0.00034
input.rit,input.3,0.85039
input.rit3,input.3,0.14099
input.RMITAR,input.3,0.00366
input.RMITM,input.3,0.07604
input.RMITMR,input.3,0.00029
input.RMITMRR,input.3,0.49672
input.Rocchio,input.3,0.01741
input.RTB,input.3,0.00000
input.run1,input.3,0.29078
input.run1a,input.3,0.00000
input.run1fix,input.3,0.06448
input.run2,input.3,0.01573
input.run2a,input.3,0.00002
input.run3,input.3,0.24188
input.run3a,input.3,0.00173
input.run4,input.3,0.02859
input.run4a,input.3,0.00117
input.RunAll,input.3,0.17415
input.RunFut,input.3,0.08250
input.runNeMIS,input.3,0.00000
input.runNeMISext,input.3,0.00003
input.RunPure,input.3,0.21287
input.scurtuRun1,input.3,0.00039
input.sielrun1,input.3,0.00000
input.sielrun2,input.3,0.00000
input.sielrun3,input.3,0.00000
input.sielrun4,input.3,0.00000
input.SienaCL1B,input.3,0.93971
input.SienaCL31,input.3,0.52097
input.SienaCL342,input.3,0.54582
input.SienaCLbase,input.3,0.47322
input.simfoll,input.3,0.87977
input.simfollTP01,input.3,0.93967
input.sylesNoRes,input.3,0.14116
input.tfTP01,input.3,0.82068
input.udelIndri,input.3,0.93962
input.udelLucene,input.3,0.00000
input.UDMicroComb1,input.3,0.01928
input.UDMicroComb2,input.3,0.22713
input.UDMicroIDF,input.3,0.79149
input.UDMicroIDFD,input.3,0.07606
input.uicir1,input.3,0.01027
input.uicir2,input.3,0.00287
input.UIowaS1,input.3,0.38542
input.UIowaS2,input.3,0.38533
input.UIowaS3,input.3,0.42801
input.UIowaS4,input.3,0.17426
input.uiucsf,input.3,0.00000
input.uogTrLqea,input.3,0.00029
input.uogTrLqeabd,input.3,0.00007
input.uogTrLqeabdd,input.3,0.00003
input.uogTrUB2,input.3,0.00001
input.UTBase,input.3,0.00012
input.UTBaseRTF,input.3,0.00000
input.UTWngFuture,input.3,0.00000
input.UTWngFutureQ,input.3,0.00000
input.waterlooa1,input.3,0.10468
input.waterlooa2,input.3,0.34553
input.waterlooa3,input.3,0.00659
input.waterlooa4,input.3,0.08950
input.WESTfilext,input.3,0.00324
input.WESTfilter,input.3,0.00921
input.WESTrelint,input.3,0.00000
input.WESTrlext,input.3,0.00000
input.Wise2ndRun,input.3,0.15159
input.WiseFifthRun,input.3,0.76290
input.WiseFouthRun,input.3,0.36494
input.WiseThirdRun,input.3,0.15159
input.ya3,input.3,0.00078
input.ya4,input.3,0.02354
input.YNDXTPC1,input.3,0.00068
input.YNDXTPC2,input.3,0.00197
input.balanceRun,input.4,0.30807
input.baseline,input.4,0.00000
input.baseline1,input.4,0.00002
input.baseline2,input.4,0.38520
input.baselineBM25,input.4,0.00000
input.Basic,input.4,0.01571
input.basicWISTUD,input.4,0.30818
input.ciirRun1,input.4,0.82103
input.ciirRun2,input.4,0.45044
input.ciirRun3,input.4,0.88021
input.ciirRun4,input.4,0.38527
input.clarity1,input.4,0.01028
input.clarity2,input.4,0.01028
input.clarity3,input.4,0.00659
input.clarity4,input.4,0.03458
input.COMMITbase,input.4,0.00014
input.COMMITexp,input.4,0.05920
input.COMMITfilter,input.4,0.12185
input.COMMITlinks,input.4,0.05920
input.cyfrun1,input.4,0.00000
input.cyfrun2,input.4,0.00000
input.dbpWISTUD,input.4,0.07611
input.DFReeKLIM,input.4,0.00059
input.DFReeKLIM30,input.4,0.00059
input.DFReeKLIMDC,input.4,0.00059
input.DFReeKLIMRA,input.4,0.00523
input.dutirLmFb,input.4,0.88017
input.dutirMixFb,input.4,0.82086
input.dutirMixSp,input.4,0.87990
input.dutirTfidfFb,input.4,0.70586
input.EMAX,input.4,0.00000
input.FASILKOM01,input.4,0.00197
input.FASILKOM02,input.4,0.00152
input.FASILKOM03,input.4,0.01145
input.FASILKOM04,input.4,0.00287
input.FDUNLP,input.4,0.00413
input.FDUNLP2,input.4,0.00103
input.Google1GNO,input.4,0.79171
input.gus,input.4,0.30821
input.gust,input.4,0.42791
input.gustc,input.4,0.42791
input.gut,input.4,0.99977
input.hitWId,input.4,0.00012
input.hitWIt,input.4,0.00002
input.ICTNET11MBR1,input.4,0.42791
input.ICTNET11MBR2,input.4,0.01027
input.ICTNET11MBR3,input.4,0.62356
input.ICTNET11MBR4,input.4,0.27366
input.IDEAACTQE,input.4,0.18644
input.IDEABASIC,input.4,0.16254
input.IDEABASICACT,input.4,0.16254
input.IDEABASICQE,input.4,0.19937
input.ikmRun1,input.4,0.00000
input.InL2c1,input.4,0.09678
input.iritfd1,input.4,0.16273
input.iritfd2,input.4,0.08258
input.IRSIGoogle1G,input.4,0.73432
input.IRSIGoogle2G,input.4,0.38533
input.isiFD,input.4,0.00078
input.isiFDL,input.4,0.00002
input.isiFDRM,input.4,0.00005
input.isiFDRML,input.4,0.00001
input.kanopeRun,input.4,0.00000
input.KAUSTBase,input.4,0.85030
input.KAUSTExp,input.4,0.96979
input.KAUSTExpRrnk,input.4,0.57125
input.KAUSTRerank,input.4,0.82073
input.LJQO10,input.4,0.76277
input.LJQO5,input.4,0.76277
input.LMOP10,input.4,0.02859
input.LMOP5,input.4,0.00224
input.LThresh,input.4,0.01274
input.manualWISTUD,input.4,0.00254
input.melblt,input.4,0.76251
input.MONASH1NEW,input.4,0.00000
input.MONASH2NEW,input.4,0.00000
input.MorpheusRun1,input.4,0.00000
input.mulnewWISTUD,input.4,0.34533
input.myRun,input.4,0.62376
input.myrun2,input.4,0.05914
input.myrun3,input.4,0.09681
input.Nestor,input.4,0.00658
input.NestorS,input.4,0.00413
input.normal,input.4,0.59706
input.nQCRIwoTag,input.4,0.79149
input.nQCRIwTag,input.4,0.99986
input.omarRun,input.4,0.27371
input.PKUICST,input.4,0.04972
input.PKUICST2,input.4,0.21308
input.PKUICST3,input.4,0.02599
input.PKUICST4,input.4,0.01930
input.PL2Bo1SDExt,input.4,0.00000
input.PL2NoQENoDM,input.4,0.16259
input.PL2NoQeSd,input.4,0.08254
input.PL2NoQeSdExt,input.4,0.00000
input.PRISrun1,input.4,0.00000
input.PRISrun2,input.4,0.00000
input.PRISrun3,input.4,0.00014
input.PRISrun4,input.4,0.59714
input.QCRIwoTagOrg,input.4,0.79149
input.QCRIwTagOrg,input.4,0.99986
input.qHtagBaseRun,input.4,0.00736
input.qRefLThresh,input.4,0.00068
input.refBalRun,input.4,0.08252
input.refRelRun,input.4,0.38517
input.relevanceRun,input.4,0.36521
input.RFD,input.4,0.01416
input.ri,input.4,0.00078
input.rit,input.4,0.96988
input.rit3,input.4,0.08942
input.RMITAR,input.4,0.00173
input.RMITM,input.4,0.04545
input.RMITMR,input.4,0.00012
input.RMITMRR,input.4,0.36491
input.Rocchio,input.4,0.00921
input.RTB,input.4,0.00000
input.run1,input.4,0.40653
input.run1a,input.4,0.00000
input.run1fix,input.4,0.10471
input.run2,input.4,0.02861
input.run2a,input.4,0.00001
input.run3,input.4,0.16251
input.run3a,input.4,0.00078
input.run4,input.4,0.01572
input.run4a,input.4,0.00052
input.RunAll,input.4,0.11288
input.RunFut,input.4,0.04968
input.runNeMIS,input.4,0.00000
input.runNeMISext,input.4,0.00001
input.RunPure,input.4,0.14099
input.scurtuRun1,input.4,0.00016
input.sielrun1,input.4,0.00000
input.sielrun2,input.4,0.00000
input.sielrun3,input.4,0.00000
input.sielrun4,input.4,0.00000
input.SienaCL1B,input.4,0.76264
input.SienaCL31,input.4,0.38527
input.SienaCL342,input.4,0.40630
input.SienaCLbase,input.4,0.34535
input.simfoll,input.4,0.70569
input.simfollTP01,input.4,0.76260
input.sylesNoRes,input.4,0.21310
input.tfTP01,input.4,0.65051
input.udelIndri,input.4,0.76255
input.udelLucene,input.4,0.00000
input.UDMicroComb1,input.4,0.01028
input.UDMicroComb2,input.4,0.15152
input.UDMicroIDF,input.4,0.62360
input.UDMicroIDFD,input.4,0.04546
input.uicir1,input.4,0.00522
input.uicir2,input.4,0.00134
input.UIowaS1,input.4,0.27381
input.UIowaS2,input.4,0.27373
input.UIowaS3,input.4,0.30821
input.UIowaS4,input.4,0.11296
input.uiucsf,input.4,0.00000
input.uogTrLqea,input.4,0.00012
input.uogTrLqeabd,input.4,0.00003
input.uogTrLqeabdd,input.4,0.00001
input.uogTrUB2,input.4,0.00000
input.UTBase,input.4,0.00005
input.UTBaseRTF,input.4,0.00000
input.UTWngFuture,input.4,0.00000
input.UTWngFutureQ,input.4,0.00000
input.waterlooa1,input.4,0.16266
input.waterlooa2,input.4,0.47343
input.waterlooa3,input.4,0.01275
input.waterlooa4,input.4,0.14112
input.WESTfilext,input.4,0.00152
input.WESTfilter,input.4,0.00465
input.WESTrelint,input.4,0.00000
input.WESTrlext,input.4,0.00000
input.Wise2ndRun,input.4,0.22722
input.WiseFifthRun,input.4,0.93998
input.WiseFouthRun,input.4,0.25748
input.WiseThirdRun,input.4,0.22722
input.ya3,input.4,0.00034
input.ya4,input.4,0.01274
input.YNDXTPC1,input.4,0.00029
input.YNDXTPC2,input.4,0.00090
input.baseline,input.balanceRun,0.00000
input.baseline1,input.balanceRun,0.00134
input.baseline2,input.balanceRun,0.88004
input.baselineBM25,input.balanceRun,0.00000
input.Basic,input.balanceRun,0.16263
input.basicWISTUD,input.balanceRun,0.99982
input.ciirRun1,input.balanceRun,0.21295
input.ciirRun2,input.balanceRun,0.07607
input.ciirRun3,input.balanceRun,0.24201
input.ciirRun4,input.balanceRun,0.87995
input.clarity1,input.balanceRun,0.00034
input.clarity2,input.balanceRun,0.00034
input.clarity3,input.balanceRun,0.00019
input.clarity4,input.balanceRun,0.00173
input.COMMITbase,input.balanceRun,0.00000
input.COMMITexp,input.balanceRun,0.00366
input.COMMITfilter,input.balanceRun,0.01028
input.COMMITlinks,input.balanceRun,0.00366
input.cyfrun1,input.balanceRun,0.00003
input.cyfrun2,input.balanceRun,0.00000
input.dbpWISTUD,input.balanceRun,0.00522
input.DFReeKLIM,input.balanceRun,0.00001
input.DFReeKLIM30,input.balanceRun,0.00001
input.DFReeKLIMDC,input.balanceRun,0.00001
input.DFReeKLIMRA,input.balanceRun,0.00014
input.dutirLmFb,input.balanceRun,0.24199
input.dutirMixFb,input.balanceRun,0.21287
input.dutirMixSp,input.balanceRun,0.38530
input.dutirTfidfFb,input.balanceRun,0.52097
input.EMAX,input.balanceRun,0.00000
input.FASILKOM01,input.balanceRun,0.00004
input.FASILKOM02,input.balanceRun,0.00003
input.FASILKOM03,input.balanceRun,0.00039
input.FASILKOM04,input.balanceRun,0.00006
input.FDUNLP,input.balanceRun,0.06444
input.FDUNLP2,input.balanceRun,0.02356
input.Google1GNO,input.balanceRun,0.19937
input.gus,input.balanceRun,0.99977
input.gust,input.balanceRun,0.82081
input.gustc,input.balanceRun,0.82081
input.gut,input.balanceRun,0.30821
input.hitWId,input.balanceRun,0.00000
input.hitWIt,input.balanceRun,0.00000
input.ICTNET11MBR1,input.balanceRun,0.82081
input.ICTNET11MBR2,input.balanceRun,0.12180
input.ICTNET11MBR3,input.balanceRun,0.59718
input.ICTNET11MBR4,input.balanceRun,0.93989
input.IDEAACTQE,input.balanceRun,0.76273
input.IDEABASIC,input.balanceRun,0.70594
input.IDEABASICACT,input.balanceRun,0.70594
input.IDEABASICQE,input.balanceRun,0.79171
input.ikmRun1,input.balanceRun,0.00000
input.InL2c1,input.balanceRun,0.52127
input.iritfd1,input.balanceRun,0.01573
input.iritfd2,input.balanceRun,0.00587
input.IRSIGoogle1G,input.balanceRun,0.17426
input.IRSIGoogle2G,input.balanceRun,0.87986
input.isiFD,input.balanceRun,0.00001
input.isiFDL,input.balanceRun,0.00000
input.isiFDRM,input.balanceRun,0.00000
input.isiFDRML,input.balanceRun,0.00000
input.kanopeRun,input.balanceRun,0.00000
input.KAUSTBase,input.balanceRun,0.22704
input.KAUSTExp,input.balanceRun,0.32640
input.KAUSTExpRrnk,input.balanceRun,0.65051
input.KAUSTRerank,input.balanceRun,0.42798
input.LJQO10,input.balanceRun,0.18646
input.LJQO5,input.balanceRun,0.18646
input.LMOP10,input.balanceRun,0.24206
input.LMOP5,input.balanceRun,0.04157
input.LThresh,input.balanceRun,0.14110
input.manualWISTUD,input.balanceRun,0.00005
input.melblt,input.balanceRun,0.47332
input.MONASH1NEW,input.balanceRun,0.00016
input.MONASH2NEW,input.balanceRun,0.00003
input.MorpheusRun1,input.balanceRun,0.00000
input.mulnewWISTUD,input.balanceRun,0.93976
input.myRun,input.balanceRun,0.13109
input.myrun2,input.balanceRun,0.00366
input.myrun3,input.balanceRun,0.00737
input.Nestor,input.balanceRun,0.08949
input.NestorS,input.balanceRun,0.06445
input.normal,input.balanceRun,0.62368
input.nQCRIwoTag,input.balanceRun,0.45031
input.nQCRIwTag,input.balanceRun,0.30816
input.omarRun,input.balanceRun,0.93998
input.PKUICST,input.balanceRun,0.00287
input.PKUICST2,input.balanceRun,0.02355
input.PKUICST3,input.balanceRun,0.00117
input.PKUICST4,input.balanceRun,0.00078
input.PL2Bo1SDExt,input.balanceRun,0.00000
input.PL2NoQENoDM,input.balanceRun,0.70607
input.PL2NoQeSd,input.balanceRun,0.47346
input.PL2NoQeSdExt,input.balanceRun,0.00000
input.PRISrun1,input.balanceRun,0.00000
input.PRISrun2,input.balanceRun,0.00000
input.PRISrun3,input.balanceRun,0.00000
input.PRISrun4,input.balanceRun,0.62360
input.QCRIwoTagOrg,input.balanceRun,0.45031
input.QCRIwTagOrg,input.balanceRun,0.30816
input.qHtagBaseRun,input.balanceRun,0.09679
input.qRefLThresh,input.balanceRun,0.01743
input.refBalRun,input.balanceRun,0.47339
input.refRelRun,input.balanceRun,0.88008
input.relevanceRun,input.balanceRun,0.05426
input.RFD,input.balanceRun,0.15162
input.ri,input.balanceRun,0.00001
input.rit,input.balanceRun,0.32634
input.rit3,input.balanceRun,0.49700
input.RMITAR,input.balanceRun,0.03455
input.RMITM,input.balanceRun,0.32648
input.RMITMR,input.balanceRun,0.00465
input.RMITMRR,input.balanceRun,0.90986
input.Rocchio,input.balanceRun,0.11296
input.RTB,input.balanceRun,0.00000
input.run1,input.balanceRun,0.06442
input.run1a,input.balanceRun,0.00001
input.run1fix,input.balanceRun,0.00825
input.run2,input.balanceRun,0.00134
input.run2a,input.balanceRun,0.00045
input.run3,input.balanceRun,0.70586
input.run3a,input.balanceRun,0.01930
input.run4,input.balanceRun,0.16266
input.run4a,input.balanceRun,0.01417
input.RunAll,input.balanceRun,0.57132
input.RunFut,input.balanceRun,0.34544
input.runNeMIS,input.balanceRun,0.00003
input.runNeMISext,input.balanceRun,0.00078
input.RunPure,input.balanceRun,0.65067
input.scurtuRun1,input.balanceRun,0.00587
input.sielrun1,input.balanceRun,0.00000
input.sielrun2,input.balanceRun,0.00009
input.sielrun3,input.balanceRun,0.00004
input.sielrun4,input.balanceRun,0.00006
input.SienaCL1B,input.balanceRun,0.47322
input.SienaCL31,input.balanceRun,0.87995
input.SienaCL342,input.balanceRun,0.85021
input.SienaCLbase,input.balanceRun,0.93971
input.simfoll,input.balanceRun,0.52112
input.simfollTP01,input.balanceRun,0.47325
input.sylesNoRes,input.balanceRun,0.02355
input.tfTP01,input.balanceRun,0.57125
input.udelIndri,input.balanceRun,0.47329
input.udelLucene,input.balanceRun,0.00000
input.UDMicroComb1,input.balanceRun,0.12184
input.UDMicroComb2,input.balanceRun,0.67822
input.UDMicroIDF,input.balanceRun,0.59714
input.UDMicroIDFD,input.balanceRun,0.32654
input.uicir1,input.balanceRun,0.07609
input.uicir2,input.balanceRun,0.02860
input.UIowaS1,input.balanceRun,0.94016
input.UIowaS2,input.balanceRun,0.94003
input.UIowaS3,input.balanceRun,0.99977
input.UIowaS4,input.balanceRun,0.57155
input.uiucsf,input.balanceRun,0.00000
input.uogTrLqea,input.balanceRun,0.00465
input.uogTrLqeabd,input.balanceRun,0.00152
input.uogTrLqeabdd,input.balanceRun,0.00068
input.uogTrUB2,input.balanceRun,0.00039
input.UTBase,input.balanceRun,0.00224
input.UTBaseRTF,input.balanceRun,0.00000
input.UTWngFuture,input.balanceRun,0.00000
input.UTWngFutureQ,input.balanceRun,0.00000
input.waterlooa1,input.balanceRun,0.01572
input.waterlooa2,input.balanceRun,0.08253
input.waterlooa3,input.balanceRun,0.00045
input.waterlooa4,input.balanceRun,0.01274
input.WESTfilext,input.balanceRun,0.03147
input.WESTfilter,input.balanceRun,0.07010
input.WESTrelint,input.balanceRun,0.00000
input.WESTrlext,input.balanceRun,0.00000
input.Wise2ndRun,input.balanceRun,0.02596
input.WiseFifthRun,input.balanceRun,0.27371
input.WiseFouthRun,input.balanceRun,0.90995
input.WiseThirdRun,input.balanceRun,0.02596
input.ya3,input.balanceRun,0.01028
input.ya4,input.balanceRun,0.14110
input.YNDXTPC1,input.balanceRun,0.00922
input.YNDXTPC2,input.balanceRun,0.02133
input.baseline1,input.baseline,0.00010
input.baseline2,input.baseline,0.00000
input.baselineBM25,input.baseline,0.08256
input.Basic,input.baseline,0.00000
input.basicWISTUD,input.baseline,0.00000
input.ciirRun1,input.baseline,0.00000
input.ciirRun2,input.baseline,0.00000
input.ciirRun3,input.baseline,0.00000
input.ciirRun4,input.baseline,0.00000
input.clarity1,input.baseline,0.00000
input.clarity2,input.baseline,0.00000
input.clarity3,input.baseline,0.00000
input.clarity4,input.baseline,0.00000
input.COMMITbase,input.baseline,0.00000
input.COMMITexp,input.baseline,0.00000
input.COMMITfilter,input.baseline,0.00000
input.COMMITlinks,input.baseline,0.00000
input.cyfrun1,input.baseline,0.00324
input.cyfrun2,input.baseline,0.59730
input.dbpWISTUD,input.baseline,0.00000
input.DFReeKLIM,input.baseline,0.00000
input.DFReeKLIM30,input.baseline,0.00000
input.DFReeKLIMDC,input.baseline,0.00000
input.DFReeKLIMRA,input.baseline,0.00000
input.dutirLmFb,input.baseline,0.00000
input.dutirMixFb,input.baseline,0.00000
input.dutirMixSp,input.baseline,0.00000
input.dutirTfidfFb,input.baseline,0.00000
input.EMAX,input.baseline,0.04969
input.FASILKOM01,input.baseline,0.00000
input.FASILKOM02,input.baseline,0.00000
input.FASILKOM03,input.baseline,0.00000
input.FASILKOM04,input.baseline,0.00000
input.FDUNLP,input.baseline,0.00000
input.FDUNLP2,input.baseline,0.00000
input.Google1GNO,input.baseline,0.00000
input.gus,input.baseline,0.00000
input.gust,input.baseline,0.00000
input.gustc,input.baseline,0.00000
input.gut,input.baseline,0.00000
input.hitWId,input.baseline,0.00000
input.hitWIt,input.baseline,0.00000
input.ICTNET11MBR1,input.baseline,0.00000
input.ICTNET11MBR2,input.baseline,0.00000
input.ICTNET11MBR3,input.baseline,0.00000
input.ICTNET11MBR4,input.baseline,0.00000
input.IDEAACTQE,input.baseline,0.00000
input.IDEABASIC,input.baseline,0.00000
input.IDEABASICACT,input.baseline,0.00000
input.IDEABASICQE,input.baseline,0.00000
input.ikmRun1,input.baseline,0.01929
input.InL2c1,input.baseline,0.00000
input.iritfd1,input.baseline,0.00000
input.iritfd2,input.baseline,0.00000
input.IRSIGoogle1G,input.baseline,0.00000
input.IRSIGoogle2G,input.baseline,0.00000
input.isiFD,input.baseline,0.00000
input.isiFDL,input.baseline,0.00000
input.isiFDRM,input.baseline,0.00000
input.isiFDRML,input.baseline,0.00000
input.kanopeRun,input.baseline,0.36512
input.KAUSTBase,input.baseline,0.00000
input.KAUSTExp,input.baseline,0.00000
input.KAUSTExpRrnk,input.baseline,0.00000
input.KAUSTRerank,input.baseline,0.00000
input.LJQO10,input.baseline,0.00000
input.LJQO5,input.baseline,0.00000
input.LMOP10,input.baseline,0.00000
input.LMOP5,input.baseline,0.00000
input.LThresh,input.baseline,0.00000
input.manualWISTUD,input.baseline,0.00000
input.melblt,input.baseline,0.00000
input.MONASH1NEW,input.baseline,0.00090
input.MONASH2NEW,input.baseline,0.00366
input.MorpheusRun1,input.baseline,0.05917
input.mulnewWISTUD,input.baseline,0.00000
input.myRun,input.baseline,0.00000
input.myrun2,input.baseline,0.00000
input.myrun3,input.baseline,0.00000
input.Nestor,input.baseline,0.00000
input.NestorS,input.baseline,0.00000
input.normal,input.baseline,0.00000
input.nQCRIwoTag,input.baseline,0.00000
input.nQCRIwTag,input.baseline,0.00000
input.omarRun,input.baseline,0.00000
input.PKUICST,input.baseline,0.00000
input.PKUICST2,input.baseline,0.00000
input.PKUICST3,input.baseline,0.00000
input.PKUICST4,input.baseline,0.00000
input.PL2Bo1SDExt,input.baseline,0.96997
input.PL2NoQENoDM,input.baseline,0.00000
input.PL2NoQeSd,input.baseline,0.00000
input.PL2NoQeSdExt,input.baseline,0.99986
input.PRISrun1,input.baseline,0.00000
input.PRISrun2,input.baseline,0.00000
input.PRISrun3,input.baseline,0.00000
input.PRISrun4,input.baseline,0.00000
input.QCRIwoTagOrg,input.baseline,0.00000
input.QCRIwTagOrg,input.baseline,0.00000
input.qHtagBaseRun,input.baseline,0.00000
input.qRefLThresh,input.baseline,0.00000
input.refBalRun,input.baseline,0.00000
input.refRelRun,input.baseline,0.00000
input.relevanceRun,input.baseline,0.00000
input.RFD,input.baseline,0.00000
input.ri,input.baseline,0.00000
input.rit,input.baseline,0.00000
input.rit3,input.baseline,0.00000
input.RMITAR,input.baseline,0.00000
input.RMITM,input.baseline,0.00000
input.RMITMR,input.baseline,0.00002
input.RMITMRR,input.baseline,0.00000
input.Rocchio,input.baseline,0.00000
input.RTB,input.baseline,0.18650
input.run1,input.baseline,0.00000
input.run1a,input.baseline,0.00658
input.run1fix,input.baseline,0.00000
input.run2,input.baseline,0.00000
input.run2a,input.baseline,0.00034
input.run3,input.baseline,0.00000
input.run3a,input.baseline,0.00000
input.run4,input.baseline,0.00000
input.run4a,input.baseline,0.00000
input.RunAll,input.baseline,0.00000
input.RunFut,input.baseline,0.00000
input.runNeMIS,input.baseline,0.00366
input.runNeMISext,input.baseline,0.00019
input.RunPure,input.baseline,0.00000
input.scurtuRun1,input.baseline,0.00001
input.sielrun1,input.baseline,0.04157
input.sielrun2,input.baseline,0.00152
input.sielrun3,input.baseline,0.00287
input.sielrun4,input.baseline,0.00197
input.SienaCL1B,input.baseline,0.00000
input.SienaCL31,input.baseline,0.00000
input.SienaCL342,input.baseline,0.00000
input.SienaCLbase,input.baseline,0.00000
input.simfoll,input.baseline,0.00000
input.simfollTP01,input.baseline,0.00000
input.sylesNoRes,input.baseline,0.00000
input.tfTP01,input.baseline,0.00000
input.udelIndri,input.baseline,0.00000
input.udelLucene,input.baseline,0.19949
input.UDMicroComb1,input.baseline,0.00000
input.UDMicroComb2,input.baseline,0.00000
input.UDMicroIDF,input.baseline,0.00000
input.UDMicroIDFD,input.baseline,0.00000
input.uicir1,input.baseline,0.00000
input.uicir2,input.baseline,0.00000
input.UIowaS1,input.baseline,0.00000
input.UIowaS2,input.baseline,0.00000
input.UIowaS3,input.baseline,0.00000
input.UIowaS4,input.baseline,0.00000
input.uiucsf,input.baseline,0.05915
input.uogTrLqea,input.baseline,0.00002
input.uogTrLqeabd,input.baseline,0.00009
input.uogTrLqeabdd,input.baseline,0.00022
input.uogTrUB2,input.baseline,0.00039
input.UTBase,input.baseline,0.00005
input.UTBaseRTF,input.baseline,0.67801
input.UTWngFuture,input.baseline,0.93971
input.UTWngFutureQ,input.baseline,0.04157
input.waterlooa1,input.baseline,0.00000
input.waterlooa2,input.baseline,0.00000
input.waterlooa3,input.baseline,0.00000
input.waterlooa4,input.baseline,0.00000
input.WESTfilext,input.baseline,0.00000
input.WESTfilter,input.baseline,0.00000
input.WESTrelint,input.baseline,0.07005
input.WESTrlext,input.baseline,0.07005
input.Wise2ndRun,input.baseline,0.00000
input.WiseFifthRun,input.baseline,0.00000
input.WiseFouthRun,input.baseline,0.00000
input.WiseThirdRun,input.baseline,0.00000
input.ya3,input.baseline,0.00001
input.ya4,input.baseline,0.00000
input.YNDXTPC1,input.baseline,0.00001
input.YNDXTPC2,input.baseline,0.00000
input.baseline2,input.baseline1,0.00078
input.baselineBM25,input.baseline1,0.03147
input.Basic,input.baseline1,0.07006
input.basicWISTUD,input.baseline1,0.00134
input.ciirRun1,input.baseline1,0.00001
input.ciirRun2,input.baseline1,0.00000
input.ciirRun3,input.baseline1,0.00001
input.ciirRun4,input.baseline1,0.00078
input.clarity1,input.baseline1,0.00000
input.clarity2,input.baseline1,0.00000
input.clarity3,input.baseline1,0.00000
input.clarity4,input.baseline1,0.00000
input.COMMITbase,input.baseline1,0.00000
input.COMMITexp,input.baseline1,0.00000
input.COMMITfilter,input.baseline1,0.00000
input.COMMITlinks,input.baseline1,0.00000
input.cyfrun1,input.baseline1,0.34550
input.cyfrun2,input.baseline1,0.00078
input.dbpWISTUD,input.baseline1,0.00000
input.DFReeKLIM,input.baseline1,0.00000
input.DFReeKLIM30,input.baseline1,0.00000
input.DFReeKLIMDC,input.baseline1,0.00000
input.DFReeKLIMRA,input.baseline1,0.00000
input.dutirLmFb,input.baseline1,0.00001
input.dutirMixFb,input.baseline1,0.00001
input.dutirMixSp,input.baseline1,0.00005
input.dutirTfidfFb,input.baseline1,0.00012
input.EMAX,input.baseline1,0.00000
input.FASILKOM01,input.baseline1,0.00000
input.FASILKOM02,input.baseline1,0.00000
input.FASILKOM03,input.baseline1,0.00000
input.FASILKOM04,input.baseline1,0.00000
input.FDUNLP,input.baseline1,0.17424
input.FDUNLP2,input.baseline1,0.34538
input.Google1GNO,input.baseline1,0.00001
input.gus,input.baseline1,0.00134
input.gust,input.baseline1,0.00059
input.gustc,input.baseline1,0.00059
input.gut,input.baseline1,0.00002
input.hitWId,input.baseline1,0.00000
input.hitWIt,input.baseline1,0.00000
input.ICTNET11MBR1,input.baseline1,0.00059
input.ICTNET11MBR2,input.baseline1,0.09680
input.ICTNET11MBR3,input.baseline1,0.00019
input.ICTNET11MBR4,input.baseline1,0.00173
input.IDEAACTQE,input.baseline1,0.00366
input.IDEABASIC,input.baseline1,0.00465
input.IDEABASICACT,input.baseline1,0.00465
input.IDEABASICQE,input.baseline1,0.00324
input.ikmRun1,input.baseline1,0.12182
input.InL2c1,input.baseline1,0.01028
input.iritfd1,input.baseline1,0.00000
input.iritfd2,input.baseline1,0.00000
input.IRSIGoogle1G,input.baseline1,0.00000
input.IRSIGoogle2G,input.baseline1,0.00078
input.isiFD,input.baseline1,0.00000
input.isiFDL,input.baseline1,0.00000
input.isiFDRM,input.baseline1,0.00000
input.isiFDRML,input.baseline1,0.00000
input.kanopeRun,input.baseline1,0.00000
input.KAUSTBase,input.baseline1,0.00001
input.KAUSTExp,input.baseline1,0.00003
input.KAUSTExpRrnk,input.baseline1,0.00025
input.KAUSTRerank,input.baseline1,0.00006
input.LJQO10,input.baseline1,0.00001
input.LJQO5,input.baseline1,0.00001
input.LMOP10,input.baseline1,0.04155
input.LMOP5,input.baseline1,0.24199
input.LThresh,input.baseline1,0.08254
input.manualWISTUD,input.baseline1,0.00000
input.melblt,input.baseline1,0.00009
input.MONASH1NEW,input.baseline1,0.57148
input.MONASH2NEW,input.baseline1,0.32651
input.MorpheusRun1,input.baseline1,0.04548
input.mulnewWISTUD,input.baseline1,0.00103
input.myRun,input.baseline1,0.00000
input.myrun2,input.baseline1,0.00000
input.myrun3,input.baseline1,0.00000
input.Nestor,input.baseline1,0.13111
input.NestorS,input.baseline1,0.17422
input.normal,input.baseline1,0.00022
input.nQCRIwoTag,input.baseline1,0.00007
input.nQCRIwTag,input.baseline1,0.00002
input.omarRun,input.baseline1,0.00173
input.PKUICST,input.baseline1,0.00000
input.PKUICST2,input.baseline1,0.00000
input.PKUICST3,input.baseline1,0.00000
input.PKUICST4,input.baseline1,0.00000
input.PL2Bo1SDExt,input.baseline1,0.00012
input.PL2NoQENoDM,input.baseline1,0.00464
input.PL2NoQeSd,input.baseline1,0.01274
input.PL2NoQeSdExt,input.baseline1,0.00010
input.PRISrun1,input.baseline1,0.00000
input.PRISrun2,input.baseline1,0.00000
input.PRISrun3,input.baseline1,0.00000
input.PRISrun4,input.baseline1,0.00022
input.QCRIwoTagOrg,input.baseline1,0.00007
input.QCRIwTagOrg,input.baseline1,0.00002
input.qHtagBaseRun,input.baseline1,0.12181
input.qRefLThresh,input.baseline1,0.40640
input.refBalRun,input.baseline1,0.01274
input.refRelRun,input.baseline1,0.00078
input.relevanceRun,input.baseline1,0.00000
input.RFD,input.baseline1,0.07606
input.ri,input.baseline1,0.00000
input.rit,input.baseline1,0.00003
input.rit3,input.baseline1,0.01145
input.RMITAR,input.baseline1,0.27383
input.RMITM,input.baseline1,0.02597
input.RMITMR,input.baseline1,0.70599
input.RMITMRR,input.baseline1,0.00090
input.Rocchio,input.baseline1,0.10463
input.RTB,input.baseline1,0.00000
input.run1,input.baseline1,0.00000
input.run1a,input.baseline1,0.24204
input.run1fix,input.baseline1,0.00000
input.run2,input.baseline1,0.00000
input.run2a,input.baseline1,0.76273
input.run3,input.baseline1,0.00465
input.run3a,input.baseline1,0.38527
input.run4,input.baseline1,0.07004
input.run4a,input.baseline1,0.45024
input.RunAll,input.baseline1,0.00825
input.RunFut,input.baseline1,0.02355
input.runNeMIS,input.baseline1,0.32648
input.runNeMISext,input.baseline1,0.87999
input.RunPure,input.baseline1,0.00587
input.scurtuRun1,input.baseline1,0.65055
input.sielrun1,input.baseline1,0.06442
input.sielrun2,input.baseline1,0.47343
input.sielrun3,input.baseline1,0.36512
input.sielrun4,input.baseline1,0.42817
input.SienaCL1B,input.baseline1,0.00009
input.SienaCL31,input.baseline1,0.00078
input.SienaCL342,input.baseline1,0.00068
input.SienaCLbase,input.baseline1,0.00103
input.simfoll,input.baseline1,0.00012
input.simfollTP01,input.baseline1,0.00009
input.sylesNoRes,input.baseline1,0.00000
input.tfTP01,input.baseline1,0.00016
input.udelIndri,input.baseline1,0.00009
input.udelLucene,input.baseline1,0.00921
input.UDMicroComb1,input.baseline1,0.09677
input.UDMicroComb2,input.baseline1,0.00522
input.UDMicroIDF,input.baseline1,0.00019
input.UDMicroIDFD,input.baseline1,0.02597
input.uicir1,input.baseline1,0.15157
input.uicir2,input.baseline1,0.30824
input.UIowaS1,input.baseline1,0.00173
input.UIowaS2,input.baseline1,0.00173
input.UIowaS3,input.baseline1,0.00134
input.UIowaS4,input.baseline1,0.00824
input.uiucsf,input.baseline1,0.00000
input.uogTrLqea,input.baseline1,0.70573
input.uogTrLqeabd,input.baseline1,0.96979
input.uogTrLqeabdd,input.baseline1,0.85047
input.uogTrUB2,input.baseline1,0.73411
input.UTBase,input.baseline1,0.87995
input.UTBaseRTF,input.baseline1,0.00002
input.UTWngFuture,input.baseline1,0.00007
input.UTWngFutureQ,input.baseline1,0.06442
input.waterlooa1,input.baseline1,0.00000
input.waterlooa2,input.baseline1,0.00000
input.waterlooa3,input.baseline1,0.00000
input.waterlooa4,input.baseline1,0.00000
input.WESTfilext,input.baseline1,0.29063
input.WESTfilter,input.baseline1,0.16254
input.WESTrelint,input.baseline1,0.03794
input.WESTrlext,input.baseline1,0.03794
input.Wise2ndRun,input.baseline1,0.00000
input.WiseFifthRun,input.baseline1,0.00002
input.WiseFouthRun,input.baseline1,0.00197
input.WiseThirdRun,input.baseline1,0.00000
input.ya3,input.baseline1,0.52119
input.ya4,input.baseline1,0.08254
input.YNDXTPC1,input.baseline1,0.54590
input.YNDXTPC2,input.baseline1,0.36509
input.baselineBM25,input.baseline2,0.00000
input.Basic,input.baseline2,0.12181
input.basicWISTUD,input.baseline2,0.88021
input.ciirRun1,input.baseline2,0.27371
input.ciirRun2,input.baseline2,0.10459
input.ciirRun3,input.baseline2,0.30818
input.ciirRun4,input.baseline2,0.99991
input.clarity1,input.baseline2,0.00059
input.clarity2,input.baseline2,0.00059
input.clarity3,input.baseline2,0.00034
input.clarity4,input.baseline2,0.00287
input.COMMITbase,input.baseline2,0.00000
input.COMMITexp,input.baseline2,0.00587
input.COMMITfilter,input.baseline2,0.01572
input.COMMITlinks,input.baseline2,0.00587
input.cyfrun1,input.baseline2,0.00002
input.cyfrun2,input.baseline2,0.00000
input.dbpWISTUD,input.baseline2,0.00824
input.DFReeKLIM,input.baseline2,0.00002
input.DFReeKLIM30,input.baseline2,0.00002
input.DFReeKLIMDC,input.baseline2,0.00002
input.DFReeKLIMRA,input.baseline2,0.00025
input.dutirLmFb,input.baseline2,0.30816
input.dutirMixFb,input.baseline2,0.27361
input.dutirMixSp,input.baseline2,0.47322
input.dutirTfidfFb,input.baseline2,0.62348
input.EMAX,input.baseline2,0.00000
input.FASILKOM01,input.baseline2,0.00007
input.FASILKOM02,input.baseline2,0.00005
input.FASILKOM03,input.baseline2,0.00068
input.FASILKOM04,input.baseline2,0.00012
input.FDUNLP,input.baseline2,0.04550
input.FDUNLP2,input.baseline2,0.01573
input.Google1GNO,input.baseline2,0.25745
input.gus,input.baseline2,0.88026
input.gust,input.baseline2,0.93976
input.gustc,input.baseline2,0.93976
input.gut,input.baseline2,0.38536
input.hitWId,input.baseline2,0.00000
input.hitWIt,input.baseline2,0.00000
input.ICTNET11MBR1,input.baseline2,0.93976
input.ICTNET11MBR2,input.baseline2,0.08947
input.ICTNET11MBR3,input.baseline2,0.70578
input.ICTNET11MBR4,input.baseline2,0.82095
input.IDEAACTQE,input.baseline2,0.65067
input.IDEABASIC,input.baseline2,0.59734
input.IDEABASICACT,input.baseline2,0.59734
input.IDEABASICQE,input.baseline2,0.67813
input.ikmRun1,input.baseline2,0.00000
input.InL2c1,input.baseline2,0.42817
input.iritfd1,input.baseline2,0.02356
input.iritfd2,input.baseline2,0.00921
input.IRSIGoogle1G,input.baseline2,0.22715
input.IRSIGoogle2G,input.baseline2,0.99982
input.isiFD,input.baseline2,0.00002
input.isiFDL,input.baseline2,0.00000
input.isiFDRM,input.baseline2,0.00000
input.isiFDRML,input.baseline2,0.00000
input.kanopeRun,input.baseline2,0.00000
input.KAUSTBase,input.baseline2,0.29047
input.KAUSTExp,input.baseline2,0.40627
input.KAUSTExpRrnk,input.baseline2,0.76255
input.KAUSTRerank,input.baseline2,0.52104
input.LJQO10,input.baseline2,0.24192
input.LJQO5,input.baseline2,0.24192
input.LMOP10,input.baseline2,0.18658
input.LMOP5,input.baseline2,0.02862
input.LThresh,input.baseline2,0.10467
input.manualWISTUD,input.baseline2,0.00010
input.melblt,input.baseline2,0.57128
input.MONASH1NEW,input.baseline2,0.00009
input.MONASH2NEW,input.baseline2,0.00001
input.MorpheusRun1,input.baseline2,0.00000
input.mulnewWISTUD,input.baseline2,0.93994
input.myRun,input.baseline2,0.17419
input.myrun2,input.baseline2,0.00586
input.myrun3,input.baseline2,0.01144
input.Nestor,input.baseline2,0.06446
input.NestorS,input.baseline2,0.04550
input.normal,input.baseline2,0.73407
input.nQCRIwoTag,input.baseline2,0.54586
input.nQCRIwTag,input.baseline2,0.38530
input.omarRun,input.baseline2,0.82103
input.PKUICST,input.baseline2,0.00464
input.PKUICST2,input.baseline2,0.03456
input.PKUICST3,input.baseline2,0.00197
input.PKUICST4,input.baseline2,0.00134
input.PL2Bo1SDExt,input.baseline2,0.00000
input.PL2NoQENoDM,input.baseline2,0.59746
input.PL2NoQeSd,input.baseline2,0.38551
input.PL2NoQeSdExt,input.baseline2,0.00000
input.PRISrun1,input.baseline2,0.00000
input.PRISrun2,input.baseline2,0.00000
input.PRISrun3,input.baseline2,0.00000
input.PRISrun4,input.baseline2,0.73398
input.QCRIwoTagOrg,input.baseline2,0.54586
input.QCRIwTagOrg,input.baseline2,0.38530
input.qHtagBaseRun,input.baseline2,0.07006
input.qRefLThresh,input.baseline2,0.01145
input.refBalRun,input.baseline2,0.38545
input.refRelRun,input.baseline2,0.99995
input.relevanceRun,input.baseline2,0.07609
input.RFD,input.baseline2,0.11302
input.ri,input.baseline2,0.00002
input.rit,input.baseline2,0.40621
input.rit3,input.baseline2,0.40646
input.RMITAR,input.baseline2,0.02355
input.RMITM,input.baseline2,0.25757
input.RMITMR,input.baseline2,0.00287
input.RMITMRR,input.baseline2,0.96992
input.Rocchio,input.baseline2,0.08257
input.RTB,input.baseline2,0.00000
input.run1,input.baseline2,0.08944
input.run1a,input.baseline2,0.00001
input.run1fix,input.baseline2,0.01275
input.run2,input.baseline2,0.00223
input.run2a,input.baseline2,0.00025
input.run3,input.baseline2,0.59726
input.run3a,input.baseline2,0.01276
input.run4,input.baseline2,0.12184
input.run4a,input.baseline2,0.00922
input.RunAll,input.baseline2,0.47336
input.RunFut,input.baseline2,0.27378
input.runNeMIS,input.baseline2,0.00001
input.runNeMISext,input.baseline2,0.00045
input.RunPure,input.baseline2,0.54601
input.scurtuRun1,input.baseline2,0.00366
input.sielrun1,input.baseline2,0.00000
input.sielrun2,input.baseline2,0.00005
input.sielrun3,input.baseline2,0.00002
input.sielrun4,input.baseline2,0.00003
input.SienaCL1B,input.baseline2,0.57117
input.SienaCL31,input.baseline2,0.99991
input.SienaCL342,input.baseline2,0.96974
input.SienaCLbase,input.baseline2,0.93998
input.simfoll,input.baseline2,0.62364
input.simfollTP01,input.baseline2,0.57121
input.sylesNoRes,input.baseline2,0.03456
input.tfTP01,input.baseline2,0.67793
input.udelIndri,input.baseline2,0.57125
input.udelLucene,input.baseline2,0.00000
input.UDMicroComb1,input.baseline2,0.08950
input.UDMicroComb2,input.baseline2,0.57152
input.UDMicroIDF,input.baseline2,0.70573
input.UDMicroIDFD,input.baseline2,0.25762
input.uicir1,input.baseline2,0.05426
input.uicir2,input.baseline2,0.01929
input.UIowaS1,input.baseline2,0.82121
input.UIowaS2,input.baseline2,0.82108
input.UIowaS3,input.baseline2,0.88026
input.UIowaS4,input.baseline2,0.47357
input.uiucsf,input.baseline2,0.00000
input.uogTrLqea,input.baseline2,0.00287
input.uogTrLqeabd,input.baseline2,0.00090
input.uogTrLqeabdd,input.baseline2,0.00039
input.uogTrUB2,input.baseline2,0.00022
input.UTBase,input.baseline2,0.00134
input.UTBaseRTF,input.baseline2,0.00000
input.UTWngFuture,input.baseline2,0.00000
input.UTWngFutureQ,input.baseline2,0.00000
input.waterlooa1,input.baseline2,0.02354
input.waterlooa2,input.baseline2,0.11291
input.waterlooa3,input.baseline2,0.00078
input.waterlooa4,input.baseline2,0.01928
input.WESTfilext,input.baseline2,0.02133
input.WESTfilter,input.baseline2,0.04974
input.WESTrelint,input.baseline2,0.00000
input.WESTrlext,input.baseline2,0.00000
input.Wise2ndRun,input.baseline2,0.03790
input.WiseFifthRun,input.baseline2,0.34535
input.WiseFouthRun,input.baseline2,0.79176
input.WiseThirdRun,input.baseline2,0.03790
input.ya3,input.baseline2,0.00658
input.ya4,input.baseline2,0.10467
input.YNDXTPC1,input.baseline2,0.00587
input.YNDXTPC2,input.baseline2,0.01417
input.Basic,input.baselineBM25,0.00007
input.basicWISTUD,input.baselineBM25,0.00000
input.ciirRun1,input.baselineBM25,0.00000
input.ciirRun2,input.baselineBM25,0.00000
input.ciirRun3,input.baselineBM25,0.00000
input.ciirRun4,input.baselineBM25,0.00000
input.clarity1,input.baselineBM25,0.00000
input.clarity2,input.baselineBM25,0.00000
input.clarity3,input.baselineBM25,0.00000
input.clarity4,input.baselineBM25,0.00000
input.COMMITbase,input.baselineBM25,0.00000
input.COMMITexp,input.baselineBM25,0.00000
input.COMMITfilter,input.baselineBM25,0.00000
input.COMMITlinks,input.baselineBM25,0.00000
input.cyfrun1,input.baselineBM25,0.22715
input.cyfrun2,input.baselineBM25,0.22715
input.dbpWISTUD,input.baselineBM25,0.00000
input.DFReeKLIM,input.baselineBM25,0.00000
input.DFReeKLIM30,input.baselineBM25,0.00000
input.DFReeKLIMDC,input.baselineBM25,0.00000
input.DFReeKLIMRA,input.baselineBM25,0.00000
input.dutirLmFb,input.baselineBM25,0.00000
input.dutirMixFb,input.baselineBM25,0.00000
input.dutirMixSp,input.baselineBM25,0.00000
input.dutirTfidfFb,input.baselineBM25,0.00000
input.EMAX,input.baselineBM25,0.00022
input.FASILKOM01,input.baselineBM25,0.00000
input.FASILKOM02,input.baselineBM25,0.00000
input.FASILKOM03,input.baselineBM25,0.00000
input.FASILKOM04,input.baselineBM25,0.00000
input.FDUNLP,input.baselineBM25,0.00045
input.FDUNLP2,input.baselineBM25,0.00197
input.Google1GNO,input.baselineBM25,0.00000
input.gus,input.baselineBM25,0.00000
input.gust,input.baselineBM25,0.00000
input.gustc,input.baselineBM25,0.00000
input.gut,input.baselineBM25,0.00000
input.hitWId,input.baselineBM25,0.00000
input.hitWIt,input.baselineBM25,0.00000
input.ICTNET11MBR1,input.baselineBM25,0.00000
input.ICTNET11MBR2,input.baselineBM25,0.00014
input.ICTNET11MBR3,input.baselineBM25,0.00000
input.ICTNET11MBR4,input.baselineBM25,0.00000
input.IDEAACTQE,input.baselineBM25,0.00000
input.IDEABASIC,input.baselineBM25,0.00000
input.IDEABASICACT,input.baselineBM25,0.00000
input.IDEABASICQE,input.baselineBM25,0.00000
input.ikmRun1,input.baselineBM25,0.54590
input.InL2c1,input.baselineBM25,0.00000
input.iritfd1,input.baselineBM25,0.00000
input.iritfd2,input.baselineBM25,0.00000
input.IRSIGoogle1G,input.baselineBM25,0.00000
input.IRSIGoogle2G,input.baselineBM25,0.00000
input.isiFD,input.baselineBM25,0.00000
input.isiFDL,input.baselineBM25,0.00000
input.isiFDRM,input.baselineBM25,0.00000
input.isiFDRML,input.baselineBM25,0.00000
input.kanopeRun,input.baselineBM25,0.00825
input.KAUSTBase,input.baselineBM25,0.00000
input.KAUSTExp,input.baselineBM25,0.00000
input.KAUSTExpRrnk,input.baselineBM25,0.00000
input.KAUSTRerank,input.baselineBM25,0.00000
input.LJQO10,input.baselineBM25,0.00000
input.LJQO5,input.baselineBM25,0.00000
input.LMOP10,input.baselineBM25,0.00003
input.LMOP5,input.baselineBM25,0.00090
input.LThresh,input.baselineBM25,0.00010
input.manualWISTUD,input.baselineBM25,0.00000
input.melblt,input.baselineBM25,0.00000
input.MONASH1NEW,input.baselineBM25,0.11292
input.MONASH2NEW,input.baselineBM25,0.24204
input.MorpheusRun1,input.baselineBM25,0.88004
input.mulnewWISTUD,input.baselineBM25,0.00000
input.myRun,input.baselineBM25,0.00000
input.myrun2,input.baselineBM25,0.00000
input.myrun3,input.baselineBM25,0.00000
input.Nestor,input.baselineBM25,0.00025
input.NestorS,input.baselineBM25,0.00045
input.normal,input.baselineBM25,0.00000
input.nQCRIwoTag,input.baselineBM25,0.00000
input.nQCRIwTag,input.baselineBM25,0.00000
input.omarRun,input.baselineBM25,0.00000
input.PKUICST,input.baselineBM25,0.00000
input.PKUICST2,input.baselineBM25,0.00000
input.PKUICST3,input.baselineBM25,0.00000
input.PKUICST4,input.baselineBM25,0.00000
input.PL2Bo1SDExt,input.baselineBM25,0.08944
input.PL2NoQENoDM,input.baselineBM25,0.00000
input.PL2NoQeSd,input.baselineBM25,0.00000
input.PL2NoQeSdExt,input.baselineBM25,0.08253
input.PRISrun1,input.baselineBM25,0.00000
input.PRISrun2,input.baselineBM25,0.00000
input.PRISrun3,input.baselineBM25,0.00000
input.PRISrun4,input.baselineBM25,0.00000
input.QCRIwoTagOrg,input.baselineBM25,0.00000
input.QCRIwTagOrg,input.baselineBM25,0.00000
input.qHtagBaseRun,input.baselineBM25,0.00022
input.qRefLThresh,input.baselineBM25,0.00287
input.refBalRun,input.baselineBM25,0.00000
input.refRelRun,input.baselineBM25,0.00000
input.relevanceRun,input.baselineBM25,0.00000
input.RFD,input.baselineBM25,0.00009
input.ri,input.baselineBM25,0.00000
input.rit,input.baselineBM25,0.00000
input.rit3,input.baselineBM25,0.00000
input.RMITAR,input.baselineBM25,0.00117
input.RMITM,input.baselineBM25,0.00001
input.RMITMR,input.baselineBM25,0.01146
input.RMITMRR,input.baselineBM25,0.00000
input.Rocchio,input.baselineBM25,0.00016
input.RTB,input.baselineBM25,0.00224
input.run1,input.baselineBM25,0.00000
input.run1a,input.baselineBM25,0.32651
input.run1fix,input.baselineBM25,0.00000
input.run2,input.baselineBM25,0.00000
input.run2a,input.baselineBM25,0.06443
input.run3,input.baselineBM25,0.00000
input.run3a,input.baselineBM25,0.00253
input.run4,input.baselineBM25,0.00007
input.run4a,input.baselineBM25,0.00366
input.RunAll,input.baselineBM25,0.00000
input.RunFut,input.baselineBM25,0.00001
input.runNeMIS,input.baselineBM25,0.24206
input.runNeMISext,input.baselineBM25,0.04549
input.RunPure,input.baselineBM25,0.00000
input.scurtuRun1,input.baselineBM25,0.00921
input.sielrun1,input.baselineBM25,0.76281
input.sielrun2,input.baselineBM25,0.15152
input.sielrun3,input.baselineBM25,0.21297
input.sielrun4,input.baselineBM25,0.17422
input.SienaCL1B,input.baselineBM25,0.00000
input.SienaCL31,input.baselineBM25,0.00000
input.SienaCL342,input.baselineBM25,0.00000
input.SienaCLbase,input.baselineBM25,0.00000
input.simfoll,input.baselineBM25,0.00000
input.simfollTP01,input.baselineBM25,0.00000
input.sylesNoRes,input.baselineBM25,0.00000
input.tfTP01,input.baselineBM25,0.00000
input.udelIndri,input.baselineBM25,0.00000
input.udelLucene,input.baselineBM25,0.65055
input.UDMicroComb1,input.baselineBM25,0.00014
input.UDMicroComb2,input.baselineBM25,0.00000
input.UDMicroIDF,input.baselineBM25,0.00000
input.UDMicroIDFD,input.baselineBM25,0.00001
input.uicir1,input.baselineBM25,0.00034
input.uicir2,input.baselineBM25,0.00152
input.UIowaS1,input.baselineBM25,0.00000
input.UIowaS2,input.baselineBM25,0.00000
input.UIowaS3,input.baselineBM25,0.00000
input.UIowaS4,input.baselineBM25,0.00000
input.uiucsf,input.baselineBM25,0.00029
input.uogTrLqea,input.baselineBM25,0.01145
input.uogTrLqeabd,input.baselineBM25,0.02860
input.uogTrLqeabdd,input.baselineBM25,0.04970
input.uogTrUB2,input.baselineBM25,0.07008
input.UTBase,input.baselineBM25,0.02133
input.UTBaseRTF,input.baselineBM25,0.03146
input.UTWngFuture,input.baselineBM25,0.07004
input.UTWngFutureQ,input.baselineBM25,0.76281
input.waterlooa1,input.baselineBM25,0.00000
input.waterlooa2,input.baselineBM25,0.00000
input.waterlooa3,input.baselineBM25,0.00000
input.waterlooa4,input.baselineBM25,0.00000
input.WESTfilext,input.baselineBM25,0.00134
input.WESTfilter,input.baselineBM25,0.00039
input.WESTrelint,input.baselineBM25,0.93976
input.WESTrlext,input.baselineBM25,0.93976
input.Wise2ndRun,input.baselineBM25,0.00000
input.WiseFifthRun,input.baselineBM25,0.00000
input.WiseFouthRun,input.baselineBM25,0.00000
input.WiseThirdRun,input.baselineBM25,0.00000
input.ya3,input.baselineBM25,0.00523
input.ya4,input.baselineBM25,0.00010
input.YNDXTPC1,input.baselineBM25,0.00587
input.YNDXTPC2,input.baselineBM25,0.00224
input.basicWISTUD,input.Basic,0.16256
input.ciirRun1,input.Basic,0.00825
input.ciirRun2,input.Basic,0.00152
input.ciirRun3,input.Basic,0.01028
input.ciirRun4,input.Basic,0.12178
input.clarity1,input.Basic,0.00000
input.clarity2,input.Basic,0.00000
input.clarity3,input.Basic,0.00000
input.clarity4,input.Basic,0.00001
input.COMMITbase,input.Basic,0.00000
input.COMMITexp,input.Basic,0.00002
input.COMMITfilter,input.Basic,0.00007
input.COMMITlinks,input.Basic,0.00002
input.cyfrun1,input.Basic,0.00587
input.cyfrun2,input.Basic,0.00000
input.dbpWISTUD,input.Basic,0.00003
input.DFReeKLIM,input.Basic,0.00000
input.DFReeKLIM30,input.Basic,0.00000
input.DFReeKLIMDC,input.Basic,0.00000
input.DFReeKLIMRA,input.Basic,0.00000
input.dutirLmFb,input.Basic,0.01028
input.dutirMixFb,input.Basic,0.00824
input.dutirMixSp,input.Basic,0.02355
input.dutirTfidfFb,input.Basic,0.04154
input.EMAX,input.Basic,0.00000
input.FASILKOM01,input.Basic,0.00000
input.FASILKOM02,input.Basic,0.00000
input.FASILKOM03,input.Basic,0.00000
input.FASILKOM04,input.Basic,0.00000
input.FDUNLP,input.Basic,0.65067
input.FDUNLP2,input.Basic,0.38542
input.Google1GNO,input.Basic,0.00737
input.gus,input.Basic,0.16254
input.gust,input.Basic,0.10463
input.gustc,input.Basic,0.10463
input.gut,input.Basic,0.01572
input.hitWId,input.Basic,0.00000
input.hitWIt,input.Basic,0.00000
input.ICTNET11MBR1,input.Basic,0.10463
input.ICTNET11MBR2,input.Basic,0.87999
input.ICTNET11MBR3,input.Basic,0.05426
input.ICTNET11MBR4,input.Basic,0.18654
input.IDEAACTQE,input.Basic,0.27378
input.IDEABASIC,input.Basic,0.30821
input.IDEABASICACT,input.Basic,0.30821
input.IDEABASICQE,input.Basic,0.25755
input.ikmRun1,input.Basic,0.00078
input.InL2c1,input.Basic,0.45031
input.iritfd1,input.Basic,0.00014
input.iritfd2,input.Basic,0.00003
input.IRSIGoogle1G,input.Basic,0.00587
input.IRSIGoogle2G,input.Basic,0.12176
input.isiFD,input.Basic,0.00000
input.isiFDL,input.Basic,0.00000
input.isiFDRM,input.Basic,0.00000
input.isiFDRML,input.Basic,0.00000
input.kanopeRun,input.Basic,0.00000
input.KAUSTBase,input.Basic,0.00921
input.KAUSTExp,input.Basic,0.01742
input.KAUSTExpRrnk,input.Basic,0.06441
input.KAUSTRerank,input.Basic,0.02860
input.LJQO10,input.Basic,0.00658
input.LJQO5,input.Basic,0.00658
input.LMOP10,input.Basic,0.82086
input.LMOP5,input.Basic,0.52119
input.LThresh,input.Basic,0.93989
input.manualWISTUD,input.Basic,0.00000
input.melblt,input.Basic,0.03457
input.MONASH1NEW,input.Basic,0.01743
input.MONASH2NEW,input.Basic,0.00523
input.MorpheusRun1,input.Basic,0.00014
input.mulnewWISTUD,input.Basic,0.14106
input.myRun,input.Basic,0.00366
input.myrun2,input.Basic,0.00002
input.myrun3,input.Basic,0.00005
input.Nestor,input.Basic,0.76281
input.NestorS,input.Basic,0.65071
input.normal,input.Basic,0.05917
input.nQCRIwoTag,input.Basic,0.03146
input.nQCRIwTag,input.Basic,0.01572
input.omarRun,input.Basic,0.18650
input.PKUICST,input.Basic,0.00001
input.PKUICST2,input.Basic,0.00025
input.PKUICST3,input.Basic,0.00000
input.PKUICST4,input.Basic,0.00000
input.PL2Bo1SDExt,input.Basic,0.00000
input.PL2NoQENoDM,input.Basic,0.30813
input.PL2NoQeSd,input.Basic,0.49686
input.PL2NoQeSdExt,input.Basic,0.00000
input.PRISrun1,input.Basic,0.00000
input.PRISrun2,input.Basic,0.00000
input.PRISrun3,input.Basic,0.00000
input.PRISrun4,input.Basic,0.05915
input.QCRIwoTagOrg,input.Basic,0.03146
input.QCRIwTagOrg,input.Basic,0.01572
input.qHtagBaseRun,input.Basic,0.79154
input.qRefLThresh,input.Basic,0.32645
input.refBalRun,input.Basic,0.49693
input.refRelRun,input.Basic,0.12182
input.relevanceRun,input.Basic,0.00090
input.RFD,input.Basic,0.97006
input.ri,input.Basic,0.00000
input.rit,input.Basic,0.01742
input.rit3,input.Basic,0.47332
input.RMITAR,input.Basic,0.47322
input.RMITM,input.Basic,0.67809
input.RMITMR,input.Basic,0.15149
input.RMITMRR,input.Basic,0.13117
input.Rocchio,input.Basic,0.85030
input.RTB,input.Basic,0.00000
input.run1,input.Basic,0.00117
input.run1a,input.Basic,0.00287
input.run1fix,input.Basic,0.00005
input.run2,input.Basic,0.00000
input.run2a,input.Basic,0.03456
input.run3,input.Basic,0.30826
input.run3a,input.Basic,0.34553
input.run4,input.Basic,0.99991
input.run4a,input.Basic,0.29073
input.RunAll,input.Basic,0.40643
input.RunFut,input.Basic,0.65067
input.runNeMIS,input.Basic,0.00523
input.runNeMISext,input.Basic,0.04970
input.RunPure,input.Basic,0.34544
input.scurtuRun1,input.Basic,0.17429
input.sielrun1,input.Basic,0.00025
input.sielrun2,input.Basic,0.01146
input.sielrun3,input.Basic,0.00658
input.sielrun4,input.Basic,0.00922
input.SienaCL1B,input.Basic,0.03455
input.SienaCL31,input.Basic,0.12178
input.SienaCL342,input.Basic,0.11293
input.SienaCLbase,input.Basic,0.14104
input.simfoll,input.Basic,0.04156
input.simfollTP01,input.Basic,0.03456
input.sylesNoRes,input.Basic,0.00025
input.tfTP01,input.Basic,0.04970
input.udelIndri,input.Basic,0.03456
input.udelLucene,input.Basic,0.00001
input.UDMicroComb1,input.Basic,0.88013
input.UDMicroComb2,input.Basic,0.32640
input.UDMicroIDF,input.Basic,0.05425
input.UDMicroIDFD,input.Basic,0.67801
input.uicir1,input.Basic,0.70578
input.uicir2,input.Basic,0.42801
input.UIowaS1,input.Basic,0.18642
input.UIowaS2,input.Basic,0.18648
input.UIowaS3,input.Basic,0.16254
input.UIowaS4,input.Basic,0.40624
input.uiucsf,input.Basic,0.00000
input.uogTrLqea,input.Basic,0.15159
input.uogTrLqeabd,input.Basic,0.07612
input.uogTrLqeabdd,input.Basic,0.04550
input.uogTrUB2,input.Basic,0.03146
input.UTBase,input.Basic,0.09681
input.UTBaseRTF,input.Basic,0.00000
input.UTWngFuture,input.Basic,0.00000
input.UTWngFutureQ,input.Basic,0.00025
input.waterlooa1,input.Basic,0.00014
input.waterlooa2,input.Basic,0.00173
input.waterlooa3,input.Basic,0.00000
input.waterlooa4,input.Basic,0.00010
input.WESTfilext,input.Basic,0.45038
input.WESTfilter,input.Basic,0.67818
input.WESTrelint,input.Basic,0.00010
input.WESTrlext,input.Basic,0.00010
input.Wise2ndRun,input.Basic,0.00029
input.WiseFifthRun,input.Basic,0.01274
input.WiseFouthRun,input.Basic,0.19943
input.WiseThirdRun,input.Basic,0.00029
input.ya3,input.Basic,0.24199
input.ya4,input.Basic,0.93989
input.YNDXTPC1,input.Basic,0.22720
input.YNDXTPC2,input.Basic,0.36503
input.ciirRun1,input.basicWISTUD,0.21304
input.ciirRun2,input.basicWISTUD,0.07611
input.ciirRun3,input.basicWISTUD,0.24211
input.ciirRun4,input.basicWISTUD,0.88013
input.clarity1,input.basicWISTUD,0.00034
input.clarity2,input.basicWISTUD,0.00034
input.clarity3,input.basicWISTUD,0.00019
input.clarity4,input.basicWISTUD,0.00173
input.COMMITbase,input.basicWISTUD,0.00000
input.COMMITexp,input.basicWISTUD,0.00366
input.COMMITfilter,input.basicWISTUD,0.01029
input.COMMITlinks,input.basicWISTUD,0.00366
input.cyfrun1,input.basicWISTUD,0.00003
input.cyfrun2,input.basicWISTUD,0.00000
input.dbpWISTUD,input.basicWISTUD,0.00523
input.DFReeKLIM,input.basicWISTUD,0.00001
input.DFReeKLIM30,input.basicWISTUD,0.00001
input.DFReeKLIMDC,input.basicWISTUD,0.00001
input.DFReeKLIMRA,input.basicWISTUD,0.00014
input.dutirLmFb,input.basicWISTUD,0.24208
input.dutirMixFb,input.basicWISTUD,0.21295
input.dutirMixSp,input.basicWISTUD,0.38542
input.dutirTfidfFb,input.basicWISTUD,0.52112
input.EMAX,input.basicWISTUD,0.00000
input.FASILKOM01,input.basicWISTUD,0.00004
input.FASILKOM02,input.basicWISTUD,0.00003
input.FASILKOM03,input.basicWISTUD,0.00039
input.FASILKOM04,input.basicWISTUD,0.00006
input.FDUNLP,input.basicWISTUD,0.06441
input.FDUNLP2,input.basicWISTUD,0.02355
input.Google1GNO,input.basicWISTUD,0.19945
input.gus,input.basicWISTUD,0.99995
input.gust,input.basicWISTUD,0.82099
input.gustc,input.basicWISTUD,0.82099
input.gut,input.basicWISTUD,0.30832
input.hitWId,input.basicWISTUD,0.00000
input.hitWIt,input.basicWISTUD,0.00000
input.ICTNET11MBR1,input.basicWISTUD,0.82099
input.ICTNET11MBR2,input.basicWISTUD,0.12174
input.ICTNET11MBR3,input.basicWISTUD,0.59734
input.ICTNET11MBR4,input.basicWISTUD,0.93971
input.IDEAACTQE,input.basicWISTUD,0.76255
input.IDEABASIC,input.basicWISTUD,0.70578
input.IDEABASICACT,input.basicWISTUD,0.70578
input.IDEABASICQE,input.basicWISTUD,0.79154
input.ikmRun1,input.basicWISTUD,0.00000
input.InL2c1,input.basicWISTUD,0.52112
input.iritfd1,input.basicWISTUD,0.01574
input.iritfd2,input.basicWISTUD,0.00587
input.IRSIGoogle1G,input.basicWISTUD,0.17433
input.IRSIGoogle2G,input.basicWISTUD,0.88004
input.isiFD,input.basicWISTUD,0.00001
input.isiFDL,input.basicWISTUD,0.00000
input.isiFDRM,input.basicWISTUD,0.00000
input.isiFDRML,input.basicWISTUD,0.00000
input.kanopeRun,input.basicWISTUD,0.00000
input.KAUSTBase,input.basicWISTUD,0.22713
input.KAUSTExp,input.basicWISTUD,0.32651
input.KAUSTExpRrnk,input.basicWISTUD,0.65067
input.KAUSTRerank,input.basicWISTUD,0.42811
input.LJQO10,input.basicWISTUD,0.18654
input.LJQO5,input.basicWISTUD,0.18654
input.LMOP10,input.basicWISTUD,0.24197
input.LMOP5,input.basicWISTUD,0.04155
input.LThresh,input.basicWISTUD,0.14104
input.manualWISTUD,input.basicWISTUD,0.00005
input.melblt,input.basicWISTUD,0.47346
input.MONASH1NEW,input.basicWISTUD,0.00016
input.MONASH2NEW,input.basicWISTUD,0.00003
input.MorpheusRun1,input.basicWISTUD,0.00000
input.mulnewWISTUD,input.basicWISTUD,0.93994
input.myRun,input.basicWISTUD,0.13115
input.myrun2,input.basicWISTUD,0.00366
input.myrun3,input.basicWISTUD,0.00737
input.Nestor,input.basicWISTUD,0.08945
input.NestorS,input.basicWISTUD,0.06442
input.normal,input.basicWISTUD,0.62384
input.nQCRIwoTag,input.basicWISTUD,0.45044
input.nQCRIwTag,input.basicWISTUD,0.30826
input.omarRun,input.basicWISTUD,0.93980
input.PKUICST,input.basicWISTUD,0.00287
input.PKUICST2,input.basicWISTUD,0.02356
input.PKUICST3,input.basicWISTUD,0.00117
input.PKUICST4,input.basicWISTUD,0.00078
input.PL2Bo1SDExt,input.basicWISTUD,0.00000
input.PL2NoQENoDM,input.basicWISTUD,0.70590
input.PL2NoQeSd,input.basicWISTUD,0.47332
input.PL2NoQeSdExt,input.basicWISTUD,0.00000
input.PRISrun1,input.basicWISTUD,0.00000
input.PRISrun2,input.basicWISTUD,0.00000
input.PRISrun3,input.basicWISTUD,0.00000
input.PRISrun4,input.basicWISTUD,0.62376
input.QCRIwoTagOrg,input.basicWISTUD,0.45044
input.QCRIwTagOrg,input.basicWISTUD,0.30826
input.qHtagBaseRun,input.basicWISTUD,0.09675
input.qRefLThresh,input.basicWISTUD,0.01742
input.refBalRun,input.basicWISTUD,0.47325
input.refRelRun,input.basicWISTUD,0.88026
input.relevanceRun,input.basicWISTUD,0.05429
input.RFD,input.basicWISTUD,0.15156
input.ri,input.basicWISTUD,0.00001
input.rit,input.basicWISTUD,0.32645
input.rit3,input.basicWISTUD,0.49686
input.RMITAR,input.basicWISTUD,0.03453
input.RMITM,input.basicWISTUD,0.32637
input.RMITMR,input.basicWISTUD,0.00464
input.RMITMRR,input.basicWISTUD,0.91004
input.Rocchio,input.basicWISTUD,0.11291
input.RTB,input.basicWISTUD,0.00000
input.run1,input.basicWISTUD,0.06445
input.run1a,input.basicWISTUD,0.00001
input.run1fix,input.basicWISTUD,0.00825
input.run2,input.basicWISTUD,0.00134
input.run2a,input.basicWISTUD,0.00045
input.run3,input.basicWISTUD,0.70569
input.run3a,input.basicWISTUD,0.01929
input.run4,input.basicWISTUD,0.16259
input.run4a,input.basicWISTUD,0.01417
input.RunAll,input.basicWISTUD,0.57117
input.RunFut,input.basicWISTUD,0.34533
input.runNeMIS,input.basicWISTUD,0.00003
input.runNeMISext,input.basicWISTUD,0.00078
input.RunPure,input.basicWISTUD,0.65051
input.scurtuRun1,input.basicWISTUD,0.00587
input.sielrun1,input.basicWISTUD,0.00000
input.sielrun2,input.basicWISTUD,0.00009
input.sielrun3,input.basicWISTUD,0.00004
input.sielrun4,input.basicWISTUD,0.00006
input.SienaCL1B,input.basicWISTUD,0.47336
input.SienaCL31,input.basicWISTUD,0.88013
input.SienaCL342,input.basicWISTUD,0.85039
input.SienaCLbase,input.basicWISTUD,0.93989
input.simfoll,input.basicWISTUD,0.52127
input.simfollTP01,input.basicWISTUD,0.47339
input.sylesNoRes,input.basicWISTUD,0.02357
input.tfTP01,input.basicWISTUD,0.57140
input.udelIndri,input.basicWISTUD,0.47343
input.udelLucene,input.basicWISTUD,0.00000
input.UDMicroComb1,input.basicWISTUD,0.12178
input.UDMicroComb2,input.basicWISTUD,0.67805
input.UDMicroIDF,input.basicWISTUD,0.59730
input.UDMicroIDFD,input.basicWISTUD,0.32642
input.uicir1,input.basicWISTUD,0.07605
input.uicir2,input.basicWISTUD,0.02859
input.UIowaS1,input.basicWISTUD,0.93998
input.UIowaS2,input.basicWISTUD,0.93985
input.UIowaS3,input.basicWISTUD,0.99995
input.UIowaS4,input.basicWISTUD,0.57140
input.uiucsf,input.basicWISTUD,0.00000
input.uogTrLqea,input.basicWISTUD,0.00465
input.uogTrLqeabd,input.basicWISTUD,0.00152
input.uogTrLqeabdd,input.basicWISTUD,0.00068
input.uogTrUB2,input.basicWISTUD,0.00039
input.UTBase,input.basicWISTUD,0.00224
input.UTBaseRTF,input.basicWISTUD,0.00000
input.UTWngFuture,input.basicWISTUD,0.00000
input.UTWngFutureQ,input.basicWISTUD,0.00000
input.waterlooa1,input.basicWISTUD,0.01573
input.waterlooa2,input.basicWISTUD,0.08257
input.waterlooa3,input.basicWISTUD,0.00045
input.waterlooa4,input.basicWISTUD,0.01275
input.WESTfilext,input.basicWISTUD,0.03145
input.WESTfilter,input.basicWISTUD,0.07007
input.WESTrelint,input.basicWISTUD,0.00000
input.WESTrlext,input.basicWISTUD,0.00000
input.Wise2ndRun,input.basicWISTUD,0.02597
input.WiseFifthRun,input.basicWISTUD,0.27381
input.WiseFouthRun,input.basicWISTUD,0.90977
input.WiseThirdRun,input.basicWISTUD,0.02597
input.ya3,input.basicWISTUD,0.01027
input.ya4,input.basicWISTUD,0.14104
input.YNDXTPC1,input.basicWISTUD,0.00921
input.YNDXTPC2,input.basicWISTUD,0.02132
input.ciirRun2,input.ciirRun1,0.59718
input.ciirRun3,input.ciirRun1,0.93980
input.ciirRun4,input.ciirRun1,0.27376
input.clarity1,input.ciirRun1,0.01929
input.clarity2,input.ciirRun1,0.01928
input.clarity3,input.ciirRun1,0.01274
input.clarity4,input.ciirRun1,0.05915
input.COMMITbase,input.ciirRun1,0.00034
input.COMMITexp,input.ciirRun1,0.09681
input.COMMITfilter,input.ciirRun1,0.18656
input.COMMITlinks,input.ciirRun1,0.09681
input.cyfrun1,input.ciirRun1,0.00000
input.cyfrun2,input.ciirRun1,0.00000
input.dbpWISTUD,input.ciirRun1,0.12174
input.DFReeKLIM,input.ciirRun1,0.00134
input.DFReeKLIM30,input.ciirRun1,0.00134
input.DFReeKLIMDC,input.ciirRun1,0.00134
input.DFReeKLIMRA,input.ciirRun1,0.01027
input.dutirLmFb,input.ciirRun1,0.93985
input.dutirMixFb,input.ciirRun1,0.99982
input.dutirMixSp,input.ciirRun1,0.70594
input.dutirTfidfFb,input.ciirRun1,0.54609
input.EMAX,input.ciirRun1,0.00000
input.FASILKOM01,input.ciirRun1,0.00413
input.FASILKOM02,input.ciirRun1,0.00324
input.FASILKOM03,input.ciirRun1,0.02131
input.FASILKOM04,input.ciirRun1,0.00587
input.FDUNLP,input.ciirRun1,0.00197
input.FDUNLP2,input.ciirRun1,0.00045
input.Google1GNO,input.ciirRun1,0.96979
input.gus,input.ciirRun1,0.21306
input.gust,input.ciirRun1,0.30821
input.gustc,input.ciirRun1,0.30821
input.gut,input.ciirRun1,0.82081
input.hitWId,input.ciirRun1,0.00029
input.hitWIt,input.ciirRun1,0.00005
input.ICTNET11MBR1,input.ciirRun1,0.30821
input.ICTNET11MBR2,input.ciirRun1,0.00523
input.ICTNET11MBR3,input.ciirRun1,0.47336
input.ICTNET11MBR4,input.ciirRun1,0.18654
input.IDEAACTQE,input.ciirRun1,0.12177
input.IDEABASIC,input.ciirRun1,0.10463
input.IDEABASICACT,input.ciirRun1,0.10463
input.IDEABASICQE,input.ciirRun1,0.13115
input.ikmRun1,input.ciirRun1,0.00000
input.InL2c1,input.ciirRun1,0.05918
input.iritfd1,input.ciirRun1,0.24211
input.iritfd2,input.ciirRun1,0.13112
input.IRSIGoogle1G,input.ciirRun1,0.90990
input.IRSIGoogle2G,input.ciirRun1,0.27381
input.isiFD,input.ciirRun1,0.00173
input.isiFDL,input.ciirRun1,0.00005
input.isiFDRM,input.ciirRun1,0.00012
input.isiFDRML,input.ciirRun1,0.00003
input.kanopeRun,input.ciirRun1,0.00000
input.KAUSTBase,input.ciirRun1,0.97011
input.KAUSTExp,input.ciirRun1,0.79171
input.KAUSTExpRrnk,input.ciirRun1,0.42811
input.KAUSTRerank,input.ciirRun1,0.65067
input.LJQO10,input.ciirRun1,0.93971
input.LJQO5,input.ciirRun1,0.93971
input.LMOP10,input.ciirRun1,0.01572
input.LMOP5,input.ciirRun1,0.00103
input.LThresh,input.ciirRun1,0.00658
input.manualWISTUD,input.ciirRun1,0.00523
input.melblt,input.ciirRun1,0.59722
input.MONASH1NEW,input.ciirRun1,0.00000
input.MONASH2NEW,input.ciirRun1,0.00000
input.MorpheusRun1,input.ciirRun1,0.00000
input.mulnewWISTUD,input.ciirRun1,0.24204
input.myRun,input.ciirRun1,0.79154
input.myrun2,input.ciirRun1,0.09672
input.myrun3,input.ciirRun1,0.15149
input.Nestor,input.ciirRun1,0.00324
input.NestorS,input.ciirRun1,0.00197
input.normal,input.ciirRun1,0.45034
input.nQCRIwoTag,input.ciirRun1,0.62372
input.nQCRIwTag,input.ciirRun1,0.82090
input.omarRun,input.ciirRun1,0.18658
input.PKUICST,input.ciirRun1,0.08254
input.PKUICST2,input.ciirRun1,0.30824
input.PKUICST3,input.ciirRun1,0.04548
input.PKUICST4,input.ciirRun1,0.03456
input.PL2Bo1SDExt,input.ciirRun1,0.00000
input.PL2NoQENoDM,input.ciirRun1,0.10467
input.PL2NoQeSd,input.ciirRun1,0.04972
input.PL2NoQeSdExt,input.ciirRun1,0.00000
input.PRISrun1,input.ciirRun1,0.00001
input.PRISrun2,input.ciirRun1,0.00000
input.PRISrun3,input.ciirRun1,0.00034
input.PRISrun4,input.ciirRun1,0.45041
input.QCRIwoTagOrg,input.ciirRun1,0.62372
input.QCRIwTagOrg,input.ciirRun1,0.82090
input.qHtagBaseRun,input.ciirRun1,0.00366
input.qRefLThresh,input.ciirRun1,0.00029
input.refBalRun,input.ciirRun1,0.04971
input.refRelRun,input.ciirRun1,0.27368
input.relevanceRun,input.ciirRun1,0.49697
input.RFD,input.ciirRun1,0.00738
input.ri,input.ciirRun1,0.00173
input.rit,input.ciirRun1,0.79180
input.rit3,input.ciirRun1,0.05427
input.RMITAR,input.ciirRun1,0.00078
input.RMITM,input.ciirRun1,0.02597
input.RMITMR,input.ciirRun1,0.00005
input.RMITMRR,input.ciirRun1,0.25752
input.Rocchio,input.ciirRun1,0.00465
input.RTB,input.ciirRun1,0.00000
input.run1,input.ciirRun1,0.54597
input.run1a,input.ciirRun1,0.00000
input.run1fix,input.ciirRun1,0.16264
input.run2,input.ciirRun1,0.04969
input.run2a,input.ciirRun1,0.00000
input.run3,input.ciirRun1,0.10461
input.run3a,input.ciirRun1,0.00034
input.run4,input.ciirRun1,0.00825
input.run4a,input.ciirRun1,0.00022
input.RunAll,input.ciirRun1,0.07005
input.RunFut,input.ciirRun1,0.02860
input.runNeMIS,input.ciirRun1,0.00000
input.runNeMISext,input.ciirRun1,0.00000
input.RunPure,input.ciirRun1,0.08945
input.scurtuRun1,input.ciirRun1,0.00006
input.sielrun1,input.ciirRun1,0.00000
input.sielrun2,input.ciirRun1,0.00000
input.sielrun3,input.ciirRun1,0.00000
input.sielrun4,input.ciirRun1,0.00000
input.SienaCL1B,input.ciirRun1,0.59734
input.SienaCL31,input.ciirRun1,0.27376
input.SienaCL342,input.ciirRun1,0.29068
input.SienaCLbase,input.ciirRun1,0.24206
input.simfoll,input.ciirRun1,0.54593
input.simfollTP01,input.ciirRun1,0.59730
input.sylesNoRes,input.ciirRun1,0.30826
input.tfTP01,input.ciirRun1,0.49697
input.udelIndri,input.ciirRun1,0.59726
input.udelLucene,input.ciirRun1,0.00000
input.UDMicroComb1,input.ciirRun1,0.00523
input.UDMicroComb2,input.ciirRun1,0.09684
input.UDMicroIDF,input.ciirRun1,0.47339
input.UDMicroIDFD,input.ciirRun1,0.02597
input.uicir1,input.ciirRun1,0.00253
input.uicir2,input.ciirRun1,0.00059
input.UIowaS1,input.ciirRun1,0.18665
input.UIowaS2,input.ciirRun1,0.18659
input.UIowaS3,input.ciirRun1,0.21306
input.UIowaS4,input.ciirRun1,0.07010
input.uiucsf,input.ciirRun1,0.00000
input.uogTrLqea,input.ciirRun1,0.00005
input.uogTrLqeabd,input.ciirRun1,0.00001
input.uogTrLqeabdd,input.ciirRun1,0.00000
input.uogTrUB2,input.ciirRun1,0.00000
input.UTBase,input.ciirRun1,0.00002
input.UTBaseRTF,input.ciirRun1,0.00000
input.UTWngFuture,input.ciirRun1,0.00000
input.UTWngFutureQ,input.ciirRun1,0.00000
input.waterlooa1,input.ciirRun1,0.24201
input.waterlooa2,input.ciirRun1,0.62364
input.waterlooa3,input.ciirRun1,0.02354
input.waterlooa4,input.ciirRun1,0.21297
input.WESTfilext,input.ciirRun1,0.00068
input.WESTfilter,input.ciirRun1,0.00224
input.WESTrelint,input.ciirRun1,0.00000
input.WESTrlext,input.ciirRun1,0.00000
input.Wise2ndRun,input.ciirRun1,0.32642
input.WiseFifthRun,input.ciirRun1,0.88004
input.WiseFouthRun,input.ciirRun1,0.17428
input.WiseThirdRun,input.ciirRun1,0.32642
input.ya3,input.ciirRun1,0.00014
input.ya4,input.ciirRun1,0.00658
input.YNDXTPC1,input.ciirRun1,0.00012
input.YNDXTPC2,input.ciirRun1,0.00039
input.ciirRun3,input.ciirRun2,0.54586
input.ciirRun4,input.ciirRun2,0.10461
input.clarity1,input.ciirRun2,0.07007
input.clarity2,input.ciirRun2,0.07005
input.clarity3,input.ciirRun2,0.04971
input.clarity4,input.ciirRun2,0.17428
input.COMMITbase,input.ciirRun2,0.00224
input.COMMITexp,input.ciirRun2,0.25762
input.COMMITfilter,input.ciirRun2,0.42814
input.COMMITlinks,input.ciirRun2,0.25762
input.cyfrun1,input.ciirRun2,0.00000
input.cyfrun2,input.ciirRun2,0.00000
input.dbpWISTUD,input.ciirRun2,0.30818
input.DFReeKLIM,input.ciirRun2,0.00737
input.DFReeKLIM30,input.ciirRun2,0.00737
input.DFReeKLIMDC,input.ciirRun2,0.00737
input.DFReeKLIMRA,input.ciirRun2,0.04155
input.dutirLmFb,input.ciirRun2,0.54590
input.dutirMixFb,input.ciirRun2,0.59734
input.dutirMixSp,input.ciirRun2,0.36506
input.dutirTfidfFb,input.ciirRun2,0.25759
input.EMAX,input.ciirRun2,0.00000
input.FASILKOM01,input.ciirRun2,0.01929
input.FASILKOM02,input.ciirRun2,0.01572
input.FASILKOM03,input.ciirRun2,0.07607
input.FASILKOM04,input.ciirRun2,0.02597
input.FDUNLP,input.ciirRun2,0.00029
input.FDUNLP2,input.ciirRun2,0.00005
input.Google1GNO,input.ciirRun2,0.62372
input.gus,input.ciirRun2,0.07612
input.gust,input.ciirRun2,0.12176
input.gustc,input.ciirRun2,0.12176
input.gut,input.ciirRun2,0.45028
input.hitWId,input.ciirRun2,0.00197
input.hitWIt,input.ciirRun2,0.00045
input.ICTNET11MBR1,input.ciirRun2,0.12176
input.ICTNET11MBR2,input.ciirRun2,0.00090
input.ICTNET11MBR3,input.ciirRun2,0.21295
input.ICTNET11MBR4,input.ciirRun2,0.06441
input.IDEAACTQE,input.ciirRun2,0.03791
input.IDEABASIC,input.ciirRun2,0.03146
input.IDEABASICACT,input.ciirRun2,0.03146
input.IDEABASICQE,input.ciirRun2,0.04155
input.ikmRun1,input.ciirRun2,0.00000
input.InL2c1,input.ciirRun2,0.01572
input.iritfd1,input.ciirRun2,0.52134
input.iritfd2,input.ciirRun2,0.32648
input.IRSIGoogle1G,input.ciirRun2,0.67793
input.IRSIGoogle2G,input.ciirRun2,0.10463
input.isiFD,input.ciirRun2,0.00922
input.isiFDL,input.ciirRun2,0.00039
input.isiFDRM,input.ciirRun2,0.00090
input.isiFDRML,input.ciirRun2,0.00029
input.kanopeRun,input.ciirRun2,0.00000
input.KAUSTBase,input.ciirRun2,0.57144
input.KAUSTExp,input.ciirRun2,0.42804
input.KAUSTExpRrnk,input.ciirRun2,0.18654
input.KAUSTRerank,input.ciirRun2,0.32645
input.LJQO10,input.ciirRun2,0.65067
input.LJQO5,input.ciirRun2,0.65067
input.LMOP10,input.ciirRun2,0.00324
input.LMOP5,input.ciirRun2,0.00014
input.LThresh,input.ciirRun2,0.00117
input.manualWISTUD,input.ciirRun2,0.02356
input.melblt,input.ciirRun2,0.29058
input.MONASH1NEW,input.ciirRun2,0.00000
input.MONASH2NEW,input.ciirRun2,0.00000
input.MorpheusRun1,input.ciirRun2,0.00000
input.mulnewWISTUD,input.ciirRun2,0.08944
input.myRun,input.ciirRun2,0.79167
input.myrun2,input.ciirRun2,0.25743
input.myrun3,input.ciirRun2,0.36503
input.Nestor,input.ciirRun2,0.00052
input.NestorS,input.ciirRun2,0.00029
input.normal,input.ciirRun2,0.19939
input.nQCRIwoTag,input.ciirRun2,0.30818
input.nQCRIwTag,input.ciirRun2,0.45034
input.omarRun,input.ciirRun2,0.06442
input.PKUICST,input.ciirRun2,0.22717
input.PKUICST2,input.ciirRun2,0.62380
input.PKUICST3,input.ciirRun2,0.14109
input.PKUICST4,input.ciirRun2,0.11297
input.PL2Bo1SDExt,input.ciirRun2,0.00000
input.PL2NoQENoDM,input.ciirRun2,0.03147
input.PL2NoQeSd,input.ciirRun2,0.01275
input.PL2NoQeSdExt,input.ciirRun2,0.00000
input.PRISrun1,input.ciirRun2,0.00014
input.PRISrun2,input.ciirRun2,0.00000
input.PRISrun3,input.ciirRun2,0.00224
input.PRISrun4,input.ciirRun2,0.19943
input.QCRIwoTagOrg,input.ciirRun2,0.30818
input.QCRIwTagOrg,input.ciirRun2,0.45034
input.qHtagBaseRun,input.ciirRun2,0.00059
input.qRefLThresh,input.ciirRun2,0.00003
input.refBalRun,input.ciirRun2,0.01274
input.refRelRun,input.ciirRun2,0.10457
input.relevanceRun,input.ciirRun2,0.88013
input.RFD,input.ciirRun2,0.00134
input.ri,input.ciirRun2,0.00921
input.rit,input.ciirRun2,0.42811
input.rit3,input.ciirRun2,0.01416
input.RMITAR,input.ciirRun2,0.00010
input.RMITM,input.ciirRun2,0.00587
input.RMITMR,input.ciirRun2,0.00000
input.RMITMRR,input.ciirRun2,0.09677
input.Rocchio,input.ciirRun2,0.00078
input.RTB,input.ciirRun2,0.00000
input.run1,input.ciirRun2,0.93994
input.run1a,input.ciirRun2,0.00000
input.run1fix,input.ciirRun2,0.38551
input.run2,input.ciirRun2,0.15152
input.run2a,input.ciirRun2,0.00000
input.run3,input.ciirRun2,0.03145
input.run3a,input.ciirRun2,0.00004
input.run4,input.ciirRun2,0.00152
input.run4a,input.ciirRun2,0.00002
input.RunAll,input.ciirRun2,0.01928
input.RunFut,input.ciirRun2,0.00658
input.runNeMIS,input.ciirRun2,0.00000
input.runNeMISext,input.ciirRun2,0.00000
input.RunPure,input.ciirRun2,0.02596
input.scurtuRun1,input.ciirRun2,0.00001
input.sielrun1,input.ciirRun2,0.00000
input.sielrun2,input.ciirRun2,0.00000
input.sielrun3,input.ciirRun2,0.00000
input.sielrun4,input.ciirRun2,0.00000
input.SienaCL1B,input.ciirRun2,0.29065
input.SienaCL31,input.ciirRun2,0.10461
input.SienaCL342,input.ciirRun2,0.11295
input.SienaCLbase,input.ciirRun2,0.08945
input.simfoll,input.ciirRun2,0.25750
input.simfollTP01,input.ciirRun2,0.29063
input.sylesNoRes,input.ciirRun2,0.62384
input.tfTP01,input.ciirRun2,0.22715
input.udelIndri,input.ciirRun2,0.29060
input.udelLucene,input.ciirRun2,0.00000
input.UDMicroComb1,input.ciirRun2,0.00090
input.UDMicroComb2,input.ciirRun2,0.02861
input.UDMicroIDF,input.ciirRun2,0.21297
input.UDMicroIDFD,input.ciirRun2,0.00587
input.uicir1,input.ciirRun2,0.00039
input.uicir2,input.ciirRun2,0.00007
input.UIowaS1,input.ciirRun2,0.06446
input.UIowaS2,input.ciirRun2,0.06443
input.UIowaS3,input.ciirRun2,0.07612
input.UIowaS4,input.ciirRun2,0.01930
input.uiucsf,input.ciirRun2,0.00000
input.uogTrLqea,input.ciirRun2,0.00000
input.uogTrLqeabd,input.ciirRun2,0.00000
input.uogTrLqeabdd,input.ciirRun2,0.00000
input.uogTrUB2,input.ciirRun2,0.00000
input.UTBase,input.ciirRun2,0.00000
input.UTBaseRTF,input.ciirRun2,0.00000
input.UTWngFuture,input.ciirRun2,0.00000
input.UTWngFutureQ,input.ciirRun2,0.00000
input.waterlooa1,input.ciirRun2,0.52119
input.waterlooa2,input.ciirRun2,0.96988
input.waterlooa3,input.ciirRun2,0.08255
input.waterlooa4,input.ciirRun2,0.47339
input.WESTfilext,input.ciirRun2,0.00009
input.WESTfilter,input.ciirRun2,0.00034
input.WESTrelint,input.ciirRun2,0.00000
input.WESTrlext,input.ciirRun2,0.00000
input.Wise2ndRun,input.ciirRun2,0.65063
input.WiseFifthRun,input.ciirRun2,0.49690
input.WiseFouthRun,input.ciirRun2,0.05915
input.WiseThirdRun,input.ciirRun2,0.65063
input.ya3,input.ciirRun2,0.00001
input.ya4,input.ciirRun2,0.00117
input.YNDXTPC1,input.ciirRun2,0.00001
input.YNDXTPC2,input.ciirRun2,0.00005
input.ciirRun4,input.ciirRun3,0.30824
input.clarity1,input.ciirRun3,0.01572
input.clarity2,input.ciirRun3,0.01571
input.clarity3,input.ciirRun3,0.01028
input.clarity4,input.ciirRun3,0.04970
input.COMMITbase,input.ciirRun3,0.00025
input.COMMITexp,input.ciirRun3,0.08256
input.COMMITfilter,input.ciirRun3,0.16261
input.COMMITlinks,input.ciirRun3,0.08256
input.cyfrun1,input.ciirRun3,0.00000
input.cyfrun2,input.ciirRun3,0.00000
input.dbpWISTUD,input.ciirRun3,0.10459
input.DFReeKLIM,input.ciirRun3,0.00103
input.DFReeKLIM30,input.ciirRun3,0.00103
input.DFReeKLIMDC,input.ciirRun3,0.00103
input.DFReeKLIMRA,input.ciirRun3,0.00824
input.dutirLmFb,input.ciirRun3,0.99995
input.dutirMixFb,input.ciirRun3,0.93962
input.dutirMixSp,input.ciirRun3,0.76281
input.dutirTfidfFb,input.ciirRun3,0.59742
input.EMAX,input.ciirRun3,0.00000
input.FASILKOM01,input.ciirRun3,0.00324
input.FASILKOM02,input.ciirRun3,0.00253
input.FASILKOM03,input.ciirRun3,0.01741
input.FASILKOM04,input.ciirRun3,0.00464
input.FDUNLP,input.ciirRun3,0.00254
input.FDUNLP2,input.ciirRun3,0.00059
input.Google1GNO,input.ciirRun3,0.90972
input.gus,input.ciirRun3,0.24213
input.gust,input.ciirRun3,0.34544
input.gustc,input.ciirRun3,0.34544
input.gut,input.ciirRun3,0.87999
input.hitWId,input.ciirRun3,0.00022
input.hitWIt,input.ciirRun3,0.00004
input.ICTNET11MBR1,input.ciirRun3,0.34544
input.ICTNET11MBR2,input.ciirRun3,0.00658
input.ICTNET11MBR3,input.ciirRun3,0.52119
input.ICTNET11MBR4,input.ciirRun3,0.21299
input.IDEAACTQE,input.ciirRun3,0.14106
input.IDEABASIC,input.ciirRun3,0.12180
input.IDEABASICACT,input.ciirRun3,0.12180
input.IDEABASICQE,input.ciirRun3,0.15156
input.ikmRun1,input.ciirRun3,0.00000
input.InL2c1,input.ciirRun3,0.07008
input.iritfd1,input.ciirRun3,0.21304
input.iritfd2,input.ciirRun3,0.11292
input.IRSIGoogle1G,input.ciirRun3,0.85034
input.IRSIGoogle2G,input.ciirRun3,0.30829
input.isiFD,input.ciirRun3,0.00134
input.isiFDL,input.ciirRun3,0.00003
input.isiFDRM,input.ciirRun3,0.00009
input.isiFDRML,input.ciirRun3,0.00002
input.kanopeRun,input.ciirRun3,0.00000
input.KAUSTBase,input.ciirRun3,0.96965
input.KAUSTExp,input.ciirRun3,0.85043
input.KAUSTExpRrnk,input.ciirRun3,0.47343
input.KAUSTRerank,input.ciirRun3,0.70594
input.LJQO10,input.ciirRun3,0.87986
input.LJQO5,input.ciirRun3,0.87986
input.LMOP10,input.ciirRun3,0.01929
input.LMOP5,input.ciirRun3,0.00134
input.LThresh,input.ciirRun3,0.00825
input.manualWISTUD,input.ciirRun3,0.00413
input.melblt,input.ciirRun3,0.65063
input.MONASH1NEW,input.ciirRun3,0.00000
input.MONASH2NEW,input.ciirRun3,0.00000
input.MorpheusRun1,input.ciirRun3,0.00000
input.mulnewWISTUD,input.ciirRun3,0.27378
input.myRun,input.ciirRun3,0.73398
input.myrun2,input.ciirRun3,0.08248
input.myrun3,input.ciirRun3,0.13109
input.Nestor,input.ciirRun3,0.00413
input.NestorS,input.ciirRun3,0.00254
input.normal,input.ciirRun3,0.49693
input.nQCRIwoTag,input.ciirRun3,0.67809
input.nQCRIwTag,input.ciirRun3,0.88008
input.omarRun,input.ciirRun3,0.21304
input.PKUICST,input.ciirRun3,0.07004
input.PKUICST2,input.ciirRun3,0.27376
input.PKUICST3,input.ciirRun3,0.03792
input.PKUICST4,input.ciirRun3,0.02860
input.PL2Bo1SDExt,input.ciirRun3,0.00000
input.PL2NoQENoDM,input.ciirRun3,0.12184
input.PL2NoQeSd,input.ciirRun3,0.05918
input.PL2NoQeSdExt,input.ciirRun3,0.00000
input.PRISrun1,input.ciirRun3,0.00001
input.PRISrun2,input.ciirRun3,0.00000
input.PRISrun3,input.ciirRun3,0.00025
input.PRISrun4,input.ciirRun3,0.49700
input.QCRIwoTagOrg,input.ciirRun3,0.67809
input.QCRIwTagOrg,input.ciirRun3,0.88008
input.qHtagBaseRun,input.ciirRun3,0.00465
input.qRefLThresh,input.ciirRun3,0.00039
input.refBalRun,input.ciirRun3,0.05917
input.refRelRun,input.ciirRun3,0.30816
input.relevanceRun,input.ciirRun3,0.45038
input.RFD,input.ciirRun3,0.00922
input.ri,input.ciirRun3,0.00134
input.rit,input.ciirRun3,0.85052
input.rit3,input.ciirRun3,0.06443
input.RMITAR,input.ciirRun3,0.00103
input.RMITM,input.ciirRun3,0.03146
input.RMITMR,input.ciirRun3,0.00006
input.RMITMRR,input.ciirRun3,0.29063
input.Rocchio,input.ciirRun3,0.00587
input.RTB,input.ciirRun3,0.00000
input.run1,input.ciirRun3,0.49693
input.run1a,input.ciirRun3,0.00000
input.run1fix,input.ciirRun3,0.14109
input.run2,input.ciirRun3,0.04154
input.run2a,input.ciirRun3,0.00000
input.run3,input.ciirRun3,0.12177
input.run3a,input.ciirRun3,0.00045
input.run4,input.ciirRun3,0.01028
input.run4a,input.ciirRun3,0.00029
input.RunAll,input.ciirRun3,0.08255
input.RunFut,input.ciirRun3,0.03456
input.runNeMIS,input.ciirRun3,0.00000
input.runNeMISext,input.ciirRun3,0.00001
input.RunPure,input.ciirRun3,0.10463
input.scurtuRun1,input.ciirRun3,0.00009
input.sielrun1,input.ciirRun3,0.00000
input.sielrun2,input.ciirRun3,0.00000
input.sielrun3,input.ciirRun3,0.00000
input.sielrun4,input.ciirRun3,0.00000
input.SienaCL1B,input.ciirRun3,0.65076
input.SienaCL31,input.ciirRun3,0.30824
input.SienaCL342,input.ciirRun3,0.32654
input.SienaCLbase,input.ciirRun3,0.27381
input.simfoll,input.ciirRun3,0.59726
input.simfollTP01,input.ciirRun3,0.65071
input.sylesNoRes,input.ciirRun3,0.27378
input.tfTP01,input.ciirRun3,0.54601
input.udelIndri,input.ciirRun3,0.65067
input.udelLucene,input.ciirRun3,0.00000
input.UDMicroComb1,input.ciirRun3,0.00659
input.UDMicroComb2,input.ciirRun3,0.11300
input.UDMicroIDF,input.ciirRun3,0.52123
input.UDMicroIDFD,input.ciirRun3,0.03147
input.uicir1,input.ciirRun3,0.00324
input.uicir2,input.ciirRun3,0.00078
input.UIowaS1,input.ciirRun3,0.21312
input.UIowaS2,input.ciirRun3,0.21306
input.UIowaS3,input.ciirRun3,0.24213
input.UIowaS4,input.ciirRun3,0.08261
input.uiucsf,input.ciirRun3,0.00000
input.uogTrLqea,input.ciirRun3,0.00006
input.uogTrLqeabd,input.ciirRun3,0.00001
input.uogTrLqeabdd,input.ciirRun3,0.00000
input.uogTrUB2,input.ciirRun3,0.00000
input.UTBase,input.ciirRun3,0.00002
input.UTBaseRTF,input.ciirRun3,0.00000
input.UTWngFuture,input.ciirRun3,0.00000
input.UTWngFutureQ,input.ciirRun3,0.00000
input.waterlooa1,input.ciirRun3,0.21295
input.waterlooa2,input.ciirRun3,0.57125
input.waterlooa3,input.ciirRun3,0.01928
input.waterlooa4,input.ciirRun3,0.18652
input.WESTfilext,input.ciirRun3,0.00090
input.WESTfilter,input.ciirRun3,0.00287
input.WESTrelint,input.ciirRun3,0.00000
input.WESTrlext,input.ciirRun3,0.00000
input.Wise2ndRun,input.ciirRun3,0.29058
input.WiseFifthRun,input.ciirRun3,0.93989
input.WiseFouthRun,input.ciirRun3,0.19947
input.WiseThirdRun,input.ciirRun3,0.29058
input.ya3,input.ciirRun3,0.00019
input.ya4,input.ciirRun3,0.00825
input.YNDXTPC1,input.ciirRun3,0.00016
input.YNDXTPC2,input.ciirRun3,0.00052
input.clarity1,input.ciirRun4,0.00059
input.clarity2,input.ciirRun4,0.00059
input.clarity3,input.ciirRun4,0.00034
input.clarity4,input.ciirRun4,0.00287
input.COMMITbase,input.ciirRun4,0.00000
input.COMMITexp,input.ciirRun4,0.00587
input.COMMITfilter,input.ciirRun4,0.01572
input.COMMITlinks,input.ciirRun4,0.00587
input.cyfrun1,input.ciirRun4,0.00002
input.cyfrun2,input.ciirRun4,0.00000
input.dbpWISTUD,input.ciirRun4,0.00824
input.DFReeKLIM,input.ciirRun4,0.00002
input.DFReeKLIM30,input.ciirRun4,0.00002
input.DFReeKLIMDC,input.ciirRun4,0.00002
input.DFReeKLIMRA,input.ciirRun4,0.00025
input.dutirLmFb,input.ciirRun4,0.30821
input.dutirMixFb,input.ciirRun4,0.27366
input.dutirMixSp,input.ciirRun4,0.47329
input.dutirTfidfFb,input.ciirRun4,0.62356
input.EMAX,input.ciirRun4,0.00000
input.FASILKOM01,input.ciirRun4,0.00007
input.FASILKOM02,input.ciirRun4,0.00005
input.FASILKOM03,input.ciirRun4,0.00068
input.FASILKOM04,input.ciirRun4,0.00012
input.FDUNLP,input.ciirRun4,0.04548
input.FDUNLP2,input.ciirRun4,0.01572
input.Google1GNO,input.ciirRun4,0.25750
input.gus,input.ciirRun4,0.88017
input.gust,input.ciirRun4,0.93985
input.gustc,input.ciirRun4,0.93985
input.gut,input.ciirRun4,0.38542
input.hitWId,input.ciirRun4,0.00000
input.hitWIt,input.ciirRun4,0.00000
input.ICTNET11MBR1,input.ciirRun4,0.93985
input.ICTNET11MBR2,input.ciirRun4,0.08945
input.ICTNET11MBR3,input.ciirRun4,0.70586
input.ICTNET11MBR4,input.ciirRun4,0.82086
input.IDEAACTQE,input.ciirRun4,0.65059
input.IDEABASIC,input.ciirRun4,0.59726
input.IDEABASICACT,input.ciirRun4,0.59726
input.IDEABASICQE,input.ciirRun4,0.67805
input.ikmRun1,input.ciirRun4,0.00000
input.InL2c1,input.ciirRun4,0.42811
input.iritfd1,input.ciirRun4,0.02356
input.iritfd2,input.ciirRun4,0.00921
input.IRSIGoogle1G,input.ciirRun4,0.22720
input.IRSIGoogle2G,input.ciirRun4,0.99991
input.isiFD,input.ciirRun4,0.00002
input.isiFDL,input.ciirRun4,0.00000
input.isiFDRM,input.ciirRun4,0.00000
input.isiFDRML,input.ciirRun4,0.00000
input.kanopeRun,input.ciirRun4,0.00000
input.KAUSTBase,input.ciirRun4,0.29052
input.KAUSTExp,input.ciirRun4,0.40633
input.KAUSTExpRrnk,input.ciirRun4,0.76264
input.KAUSTRerank,input.ciirRun4,0.52112
input.LJQO10,input.ciirRun4,0.24197
input.LJQO5,input.ciirRun4,0.24197
input.LMOP10,input.ciirRun4,0.18654
input.LMOP5,input.ciirRun4,0.02861
input.LThresh,input.ciirRun4,0.10465
input.manualWISTUD,input.ciirRun4,0.00010
input.melblt,input.ciirRun4,0.57136
input.MONASH1NEW,input.ciirRun4,0.00009
input.MONASH2NEW,input.ciirRun4,0.00001
input.MorpheusRun1,input.ciirRun4,0.00000
input.mulnewWISTUD,input.ciirRun4,0.93985
input.myRun,input.ciirRun4,0.17422
input.myrun2,input.ciirRun4,0.00586
input.myrun3,input.ciirRun4,0.01145
input.Nestor,input.ciirRun4,0.06444
input.NestorS,input.ciirRun4,0.04549
input.normal,input.ciirRun4,0.73415
input.nQCRIwoTag,input.ciirRun4,0.54593
input.nQCRIwTag,input.ciirRun4,0.38536
input.omarRun,input.ciirRun4,0.82095
input.PKUICST,input.ciirRun4,0.00465
input.PKUICST2,input.ciirRun4,0.03457
input.PKUICST3,input.ciirRun4,0.00197
input.PKUICST4,input.ciirRun4,0.00134
input.PL2Bo1SDExt,input.ciirRun4,0.00000
input.PL2NoQENoDM,input.ciirRun4,0.59738
input.PL2NoQeSd,input.ciirRun4,0.38545
input.PL2NoQeSdExt,input.ciirRun4,0.00000
input.PRISrun1,input.ciirRun4,0.00000
input.PRISrun2,input.ciirRun4,0.00000
input.PRISrun3,input.ciirRun4,0.00000
input.PRISrun4,input.ciirRun4,0.73407
input.QCRIwoTagOrg,input.ciirRun4,0.54593
input.QCRIwTagOrg,input.ciirRun4,0.38536
input.qHtagBaseRun,input.ciirRun4,0.07004
input.qRefLThresh,input.ciirRun4,0.01145
input.refBalRun,input.ciirRun4,0.38539
input.refRelRun,input.ciirRun4,0.99986
input.relevanceRun,input.ciirRun4,0.07611
input.RFD,input.ciirRun4,0.11300
input.ri,input.ciirRun4,0.00002
input.rit,input.ciirRun4,0.40627
input.rit3,input.ciirRun4,0.40640
input.RMITAR,input.ciirRun4,0.02354
input.RMITM,input.ciirRun4,0.25752
input.RMITMR,input.ciirRun4,0.00287
input.RMITMRR,input.ciirRun4,0.96983
input.Rocchio,input.ciirRun4,0.08255
input.RTB,input.ciirRun4,0.00000
input.run1,input.ciirRun4,0.08946
input.run1a,input.ciirRun4,0.00001
input.run1fix,input.ciirRun4,0.01275
input.run2,input.ciirRun4,0.00224
input.run2a,input.ciirRun4,0.00025
input.run3,input.ciirRun4,0.59718
input.run3a,input.ciirRun4,0.01275
input.run4,input.ciirRun4,0.12181
input.run4a,input.ciirRun4,0.00922
input.RunAll,input.ciirRun4,0.47329
input.RunFut,input.ciirRun4,0.27373
input.runNeMIS,input.ciirRun4,0.00001
input.runNeMISext,input.ciirRun4,0.00045
input.RunPure,input.ciirRun4,0.54593
input.scurtuRun1,input.ciirRun4,0.00366
input.sielrun1,input.ciirRun4,0.00000
input.sielrun2,input.ciirRun4,0.00005
input.sielrun3,input.ciirRun4,0.00002
input.sielrun4,input.ciirRun4,0.00003
input.SienaCL1B,input.ciirRun4,0.57125
input.SienaCL31,input.ciirRun4,1.00000
input.SienaCL342,input.ciirRun4,0.96983
input.SienaCLbase,input.ciirRun4,0.93989
input.simfoll,input.ciirRun4,0.62372
input.simfollTP01,input.ciirRun4,0.57128
input.sylesNoRes,input.ciirRun4,0.03457
input.tfTP01,input.ciirRun4,0.67801
input.udelIndri,input.ciirRun4,0.57132
input.udelLucene,input.ciirRun4,0.00000
input.UDMicroComb1,input.ciirRun4,0.08948
input.UDMicroComb2,input.ciirRun4,0.57144
input.UDMicroIDF,input.ciirRun4,0.70582
input.UDMicroIDFD,input.ciirRun4,0.25757
input.uicir1,input.ciirRun4,0.05425
input.uicir2,input.ciirRun4,0.01929
input.UIowaS1,input.ciirRun4,0.82112
input.UIowaS2,input.ciirRun4,0.82099
input.UIowaS3,input.ciirRun4,0.88017
input.UIowaS4,input.ciirRun4,0.47350
input.uiucsf,input.ciirRun4,0.00000
input.uogTrLqea,input.ciirRun4,0.00287
input.uogTrLqeabd,input.ciirRun4,0.00090
input.uogTrLqeabdd,input.ciirRun4,0.00039
input.uogTrUB2,input.ciirRun4,0.00022
input.UTBase,input.ciirRun4,0.00134
input.UTBaseRTF,input.ciirRun4,0.00000
input.UTWngFuture,input.ciirRun4,0.00000
input.UTWngFutureQ,input.ciirRun4,0.00000
input.waterlooa1,input.ciirRun4,0.02355
input.waterlooa2,input.ciirRun4,0.11293
input.waterlooa3,input.ciirRun4,0.00078
input.waterlooa4,input.ciirRun4,0.01929
input.WESTfilext,input.ciirRun4,0.02133
input.WESTfilter,input.ciirRun4,0.04973
input.WESTrelint,input.ciirRun4,0.00000
input.WESTrlext,input.ciirRun4,0.00000
input.Wise2ndRun,input.ciirRun4,0.03791
input.WiseFifthRun,input.ciirRun4,0.34541
input.WiseFouthRun,input.ciirRun4,0.79167
input.WiseThirdRun,input.ciirRun4,0.03791
input.ya3,input.ciirRun4,0.00658
input.ya4,input.ciirRun4,0.10465
input.YNDXTPC1,input.ciirRun4,0.00587
input.YNDXTPC2,input.ciirRun4,0.01416
input.clarity2,input.clarity1,0.99991
input.clarity3,input.clarity1,0.87999
input.clarity4,input.clarity1,0.65063
input.COMMITbase,input.clarity1,0.21293
input.COMMITexp,input.clarity1,0.49686
input.COMMITfilter,input.clarity1,0.30816
input.COMMITlinks,input.clarity1,0.49686
input.cyfrun1,input.clarity1,0.00000
input.cyfrun2,input.clarity1,0.00000
input.dbpWISTUD,input.clarity1,0.42811
input.DFReeKLIM,input.clarity1,0.38542
input.DFReeKLIM30,input.clarity1,0.38542
input.DFReeKLIMDC,input.clarity1,0.38542
input.DFReeKLIMRA,input.clarity1,0.82077
input.dutirLmFb,input.clarity1,0.01572
input.dutirMixFb,input.clarity1,0.01930
input.dutirMixSp,input.clarity1,0.00658
input.dutirTfidfFb,input.clarity1,0.00324
input.EMAX,input.clarity1,0.00000
input.FASILKOM01,input.clarity1,0.59726
input.FASILKOM02,input.clarity1,0.54590
input.FASILKOM03,input.clarity1,0.97006
input.FASILKOM04,input.clarity1,0.67797
input.FDUNLP,input.clarity1,0.00000
input.FDUNLP2,input.clarity1,0.00000
input.Google1GNO,input.clarity1,0.02133
input.gus,input.clarity1,0.00034
input.gust,input.clarity1,0.00078
input.gustc,input.clarity1,0.00078
input.gut,input.clarity1,0.01028
input.hitWId,input.clarity1,0.19943
input.hitWIt,input.clarity1,0.08945
input.ICTNET11MBR1,input.clarity1,0.00078
input.ICTNET11MBR2,input.clarity1,0.00000
input.ICTNET11MBR3,input.clarity1,0.00224
input.ICTNET11MBR4,input.clarity1,0.00025
input.IDEAACTQE,input.clarity1,0.00010
input.IDEABASIC,input.clarity1,0.00007
input.IDEABASICACT,input.clarity1,0.00007
input.IDEABASICQE,input.clarity1,0.00012
input.ikmRun1,input.clarity1,0.00000
input.InL2c1,input.clarity1,0.00002
input.iritfd1,input.clarity1,0.24192
input.iritfd2,input.clarity1,0.40640
input.IRSIGoogle1G,input.clarity1,0.02596
input.IRSIGoogle2G,input.clarity1,0.00059
input.isiFD,input.clarity1,0.42811
input.isiFDL,input.clarity1,0.08256
input.isiFDRM,input.clarity1,0.13115
input.isiFDRML,input.clarity1,0.07006
input.kanopeRun,input.clarity1,0.00000
input.KAUSTBase,input.clarity1,0.01743
input.KAUSTExp,input.clarity1,0.00921
input.KAUSTExpRrnk,input.clarity1,0.00173
input.KAUSTRerank,input.clarity1,0.00523
input.LJQO10,input.clarity1,0.02356
input.LJQO5,input.clarity1,0.02356
input.LMOP10,input.clarity1,0.00000
input.LMOP5,input.clarity1,0.00000
input.LThresh,input.clarity1,0.00000
input.manualWISTUD,input.clarity1,0.65076
input.melblt,input.clarity1,0.00413
input.MONASH1NEW,input.clarity1,0.00000
input.MONASH2NEW,input.clarity1,0.00000
input.MorpheusRun1,input.clarity1,0.00000
input.mulnewWISTUD,input.clarity1,0.00045
input.myRun,input.clarity1,0.03793
input.myrun2,input.clarity1,0.49715
input.myrun3,input.clarity1,0.36512
input.Nestor,input.clarity1,0.00000
input.NestorS,input.clarity1,0.00000
input.normal,input.clarity1,0.00197
input.nQCRIwoTag,input.clarity1,0.00465
input.nQCRIwTag,input.clarity1,0.01028
input.omarRun,input.clarity1,0.00025
input.PKUICST,input.clarity1,0.54597
input.PKUICST2,input.clarity1,0.18650
input.PKUICST3,input.clarity1,0.73407
input.PKUICST4,input.clarity1,0.82081
input.PL2Bo1SDExt,input.clarity1,0.00000
input.PL2NoQENoDM,input.clarity1,0.00007
input.PL2NoQeSd,input.clarity1,0.00002
input.PL2NoQeSdExt,input.clarity1,0.00000
input.PRISrun1,input.clarity1,0.04548
input.PRISrun2,input.clarity1,0.00016
input.PRISrun3,input.clarity1,0.21297
input.PRISrun4,input.clarity1,0.00197
input.QCRIwoTagOrg,input.clarity1,0.00465
input.QCRIwTagOrg,input.clarity1,0.01028
input.qHtagBaseRun,input.clarity1,0.00000
input.qRefLThresh,input.clarity1,0.00000
input.refBalRun,input.clarity1,0.00002
input.refRelRun,input.clarity1,0.00059
input.relevanceRun,input.clarity1,0.09678
input.RFD,input.clarity1,0.00000
input.ri,input.clarity1,0.42801
input.rit,input.clarity1,0.00922
input.rit3,input.clarity1,0.00002
input.RMITAR,input.clarity1,0.00000
input.RMITM,input.clarity1,0.00000
input.RMITMR,input.clarity1,0.00000
input.RMITMRR,input.clarity1,0.00052
input.Rocchio,input.clarity1,0.00000
input.RTB,input.clarity1,0.00000
input.run1,input.clarity1,0.08254
input.run1a,input.clarity1,0.00000
input.run1fix,input.clarity1,0.34533
input.run2,input.clarity1,0.70594
input.run2a,input.clarity1,0.00000
input.run3,input.clarity1,0.00007
input.run3a,input.clarity1,0.00000
input.run4,input.clarity1,0.00000
input.run4a,input.clarity1,0.00000
input.RunAll,input.clarity1,0.00003
input.RunFut,input.clarity1,0.00001
input.runNeMIS,input.clarity1,0.00000
input.runNeMISext,input.clarity1,0.00000
input.RunPure,input.clarity1,0.00005
input.scurtuRun1,input.clarity1,0.00000
input.sielrun1,input.clarity1,0.00000
input.sielrun2,input.clarity1,0.00000
input.sielrun3,input.clarity1,0.00000
input.sielrun4,input.clarity1,0.00000
input.SienaCL1B,input.clarity1,0.00413
input.SienaCL31,input.clarity1,0.00059
input.SienaCL342,input.clarity1,0.00068
input.SienaCLbase,input.clarity1,0.00045
input.simfoll,input.clarity1,0.00324
input.simfollTP01,input.clarity1,0.00413
input.sylesNoRes,input.clarity1,0.18648
input.tfTP01,input.clarity1,0.00253
input.udelIndri,input.clarity1,0.00413
input.udelLucene,input.clarity1,0.00000
input.UDMicroComb1,input.clarity1,0.00000
input.UDMicroComb2,input.clarity1,0.00006
input.UDMicroIDF,input.clarity1,0.00224
input.UDMicroIDFD,input.clarity1,0.00000
input.uicir1,input.clarity1,0.00000
input.uicir2,input.clarity1,0.00000
input.UIowaS1,input.clarity1,0.00025
input.UIowaS2,input.clarity1,0.00025
input.UIowaS3,input.clarity1,0.00034
input.UIowaS4,input.clarity1,0.00003
input.uiucsf,input.clarity1,0.00000
input.uogTrLqea,input.clarity1,0.00000
input.uogTrLqeabd,input.clarity1,0.00000
input.uogTrLqeabdd,input.clarity1,0.00000
input.uogTrUB2,input.clarity1,0.00000
input.UTBase,input.clarity1,0.00000
input.UTBaseRTF,input.clarity1,0.00000
input.UTWngFuture,input.clarity1,0.00000
input.UTWngFutureQ,input.clarity1,0.00000
input.waterlooa1,input.clarity1,0.24201
input.waterlooa2,input.clarity1,0.06442
input.waterlooa3,input.clarity1,0.93989
input.waterlooa4,input.clarity1,0.27373
input.WESTfilext,input.clarity1,0.00000
input.WESTfilter,input.clarity1,0.00000
input.WESTrelint,input.clarity1,0.00000
input.WESTrlext,input.clarity1,0.00000
input.Wise2ndRun,input.clarity1,0.17428
input.WiseFifthRun,input.clarity1,0.01274
input.WiseFouthRun,input.clarity1,0.00022
input.WiseThirdRun,input.clarity1,0.17428
input.ya3,input.clarity1,0.00000
input.ya4,input.clarity1,0.00000
input.YNDXTPC1,input.clarity1,0.00000
input.YNDXTPC2,input.clarity1,0.00000
input.clarity3,input.clarity2,0.88008
input.clarity4,input.clarity2,0.65055
input.COMMITbase,input.clarity2,0.21297
input.COMMITexp,input.clarity2,0.49679
input.COMMITfilter,input.clarity2,0.30810
input.COMMITlinks,input.clarity2,0.49679
input.cyfrun1,input.clarity2,0.00000
input.cyfrun2,input.clarity2,0.00000
input.dbpWISTUD,input.clarity2,0.42804
input.DFReeKLIM,input.clarity2,0.38548
input.DFReeKLIM30,input.clarity2,0.38548
input.DFReeKLIMDC,input.clarity2,0.38548
input.DFReeKLIMRA,input.clarity2,0.82086
input.dutirLmFb,input.clarity2,0.01571
input.dutirMixFb,input.clarity2,0.01929
input.dutirMixSp,input.clarity2,0.00658
input.dutirTfidfFb,input.clarity2,0.00324
input.EMAX,input.clarity2,0.00000
input.FASILKOM01,input.clarity2,0.59734
input.FASILKOM02,input.clarity2,0.54597
input.FASILKOM03,input.clarity2,0.96997
input.FASILKOM04,input.clarity2,0.67805
input.FDUNLP,input.clarity2,0.00000
input.FDUNLP2,input.clarity2,0.00000
input.Google1GNO,input.clarity2,0.02133
input.gus,input.clarity2,0.00034
input.gust,input.clarity2,0.00078
input.gustc,input.clarity2,0.00078
input.gut,input.clarity2,0.01027
input.hitWId,input.clarity2,0.19947
input.hitWIt,input.clarity2,0.08947
input.ICTNET11MBR1,input.clarity2,0.00078
input.ICTNET11MBR2,input.clarity2,0.00000
input.ICTNET11MBR3,input.clarity2,0.00224
input.ICTNET11MBR4,input.clarity2,0.00025
input.IDEAACTQE,input.clarity2,0.00010
input.IDEABASIC,input.clarity2,0.00007
input.IDEABASICACT,input.clarity2,0.00007
input.IDEABASICQE,input.clarity2,0.00012
input.ikmRun1,input.clarity2,0.00000
input.InL2c1,input.clarity2,0.00002
input.iritfd1,input.clarity2,0.24188
input.iritfd2,input.clarity2,0.40633
input.IRSIGoogle1G,input.clarity2,0.02596
input.IRSIGoogle2G,input.clarity2,0.00059
input.isiFD,input.clarity2,0.42817
input.isiFDL,input.clarity2,0.08258
input.isiFDRM,input.clarity2,0.13118
input.isiFDRML,input.clarity2,0.07008
input.kanopeRun,input.clarity2,0.00000
input.KAUSTBase,input.clarity2,0.01743
input.KAUSTExp,input.clarity2,0.00921
input.KAUSTExpRrnk,input.clarity2,0.00173
input.KAUSTRerank,input.clarity2,0.00522
input.LJQO10,input.clarity2,0.02355
input.LJQO5,input.clarity2,0.02355
input.LMOP10,input.clarity2,0.00000
input.LMOP5,input.clarity2,0.00000
input.LThresh,input.clarity2,0.00000
input.manualWISTUD,input.clarity2,0.65084
input.melblt,input.clarity2,0.00412
input.MONASH1NEW,input.clarity2,0.00000
input.MONASH2NEW,input.clarity2,0.00000
input.MorpheusRun1,input.clarity2,0.00000
input.mulnewWISTUD,input.clarity2,0.00045
input.myRun,input.clarity2,0.03792
input.myrun2,input.clarity2,0.49708
input.myrun3,input.clarity2,0.36506
input.Nestor,input.clarity2,0.00000
input.NestorS,input.clarity2,0.00000
input.normal,input.clarity2,0.00197
input.nQCRIwoTag,input.clarity2,0.00465
input.nQCRIwTag,input.clarity2,0.01028
input.omarRun,input.clarity2,0.00025
input.PKUICST,input.clarity2,0.54590
input.PKUICST2,input.clarity2,0.18646
input.PKUICST3,input.clarity2,0.73398
input.PKUICST4,input.clarity2,0.82073
input.PL2Bo1SDExt,input.clarity2,0.00000
input.PL2NoQENoDM,input.clarity2,0.00007
input.PL2NoQeSd,input.clarity2,0.00002
input.PL2NoQeSdExt,input.clarity2,0.00000
input.PRISrun1,input.clarity2,0.04549
input.PRISrun2,input.clarity2,0.00016
input.PRISrun3,input.clarity2,0.21302
input.PRISrun4,input.clarity2,0.00197
input.QCRIwoTagOrg,input.clarity2,0.00465
input.QCRIwTagOrg,input.clarity2,0.01028
input.qHtagBaseRun,input.clarity2,0.00000
input.qRefLThresh,input.clarity2,0.00000
input.refBalRun,input.clarity2,0.00002
input.refRelRun,input.clarity2,0.00059
input.relevanceRun,input.clarity2,0.09676
input.RFD,input.clarity2,0.00000
input.ri,input.clarity2,0.42808
input.rit,input.clarity2,0.00921
input.rit3,input.clarity2,0.00002
input.RMITAR,input.clarity2,0.00000
input.RMITM,input.clarity2,0.00000
input.RMITMR,input.clarity2,0.00000
input.RMITMRR,input.clarity2,0.00052
input.Rocchio,input.clarity2,0.00000
input.RTB,input.clarity2,0.00000
input.run1,input.clarity2,0.08252
input.run1a,input.clarity2,0.00000
input.run1fix,input.clarity2,0.34527
input.run2,input.clarity2,0.70586
input.run2a,input.clarity2,0.00000
input.run3,input.clarity2,0.00007
input.run3a,input.clarity2,0.00000
input.run4,input.clarity2,0.00000
input.run4a,input.clarity2,0.00000
input.RunAll,input.clarity2,0.00003
input.RunFut,input.clarity2,0.00001
input.runNeMIS,input.clarity2,0.00000
input.runNeMISext,input.clarity2,0.00000
input.RunPure,input.clarity2,0.00005
input.scurtuRun1,input.clarity2,0.00000
input.sielrun1,input.clarity2,0.00000
input.sielrun2,input.clarity2,0.00000
input.sielrun3,input.clarity2,0.00000
input.sielrun4,input.clarity2,0.00000
input.SienaCL1B,input.clarity2,0.00413
input.SienaCL31,input.clarity2,0.00059
input.SienaCL342,input.clarity2,0.00068
input.SienaCLbase,input.clarity2,0.00045
input.simfoll,input.clarity2,0.00324
input.simfollTP01,input.clarity2,0.00413
input.sylesNoRes,input.clarity2,0.18644
input.tfTP01,input.clarity2,0.00253
input.udelIndri,input.clarity2,0.00413
input.udelLucene,input.clarity2,0.00000
input.UDMicroComb1,input.clarity2,0.00000
input.UDMicroComb2,input.clarity2,0.00006
input.UDMicroIDF,input.clarity2,0.00224
input.UDMicroIDFD,input.clarity2,0.00000
input.uicir1,input.clarity2,0.00000
input.uicir2,input.clarity2,0.00000
input.UIowaS1,input.clarity2,0.00025
input.UIowaS2,input.clarity2,0.00025
input.UIowaS3,input.clarity2,0.00034
input.UIowaS4,input.clarity2,0.00003
input.uiucsf,input.clarity2,0.00000
input.uogTrLqea,input.clarity2,0.00000
input.uogTrLqeabd,input.clarity2,0.00000
input.uogTrLqeabdd,input.clarity2,0.00000
input.uogTrUB2,input.clarity2,0.00000
input.UTBase,input.clarity2,0.00000
input.UTBaseRTF,input.clarity2,0.00000
input.UTWngFuture,input.clarity2,0.00000
input.UTWngFutureQ,input.clarity2,0.00000
input.waterlooa1,input.clarity2,0.24197
input.waterlooa2,input.clarity2,0.06441
input.waterlooa3,input.clarity2,0.93980
input.waterlooa4,input.clarity2,0.27368
input.WESTfilext,input.clarity2,0.00000
input.WESTfilter,input.clarity2,0.00000
input.WESTrelint,input.clarity2,0.00000
input.WESTrlext,input.clarity2,0.00000
input.Wise2ndRun,input.clarity2,0.17424
input.WiseFifthRun,input.clarity2,0.01274
input.WiseFouthRun,input.clarity2,0.00022
input.WiseThirdRun,input.clarity2,0.17424
input.ya3,input.clarity2,0.00000
input.ya4,input.clarity2,0.00000
input.YNDXTPC1,input.clarity2,0.00000
input.YNDXTPC2,input.clarity2,0.00000
input.clarity4,input.clarity3,0.54593
input.COMMITbase,input.clarity3,0.27371
input.COMMITexp,input.clarity3,0.40630
input.COMMITfilter,input.clarity3,0.24197
input.COMMITlinks,input.clarity3,0.40630
input.cyfrun1,input.clarity3,0.00000
input.cyfrun2,input.clarity3,0.00000
input.dbpWISTUD,input.clarity3,0.34547
input.DFReeKLIM,input.clarity3,0.47339
input.DFReeKLIM30,input.clarity3,0.47339
input.DFReeKLIMDC,input.clarity3,0.47339
input.DFReeKLIMRA,input.clarity3,0.93976
input.dutirLmFb,input.clarity3,0.01028
input.dutirMixFb,input.clarity3,0.01275
input.dutirMixSp,input.clarity3,0.00413
input.dutirTfidfFb,input.clarity3,0.00197
input.EMAX,input.clarity3,0.00000
input.FASILKOM01,input.clarity3,0.70590
input.FASILKOM02,input.clarity3,0.65059
input.FASILKOM03,input.clarity3,0.85047
input.FASILKOM04,input.clarity3,0.79158
input.FDUNLP,input.clarity3,0.00000
input.FDUNLP2,input.clarity3,0.00000
input.Google1GNO,input.clarity3,0.01417
input.gus,input.clarity3,0.00019
input.gust,input.clarity3,0.00045
input.gustc,input.clarity3,0.00045
input.gut,input.clarity3,0.00658
input.hitWId,input.clarity3,0.25755
input.hitWIt,input.clarity3,0.12178
input.ICTNET11MBR1,input.clarity3,0.00045
input.ICTNET11MBR2,input.clarity3,0.00000
input.ICTNET11MBR3,input.clarity3,0.00134
input.ICTNET11MBR4,input.clarity3,0.00014
input.IDEAACTQE,input.clarity3,0.00005
input.IDEABASIC,input.clarity3,0.00004
input.IDEABASICACT,input.clarity3,0.00004
input.IDEABASICQE,input.clarity3,0.00006
input.ikmRun1,input.clarity3,0.00000
input.InL2c1,input.clarity3,0.00001
input.iritfd1,input.clarity3,0.18644
input.iritfd2,input.clarity3,0.32648
input.IRSIGoogle1G,input.clarity3,0.01742
input.IRSIGoogle2G,input.clarity3,0.00034
input.isiFD,input.clarity3,0.52123
input.isiFDL,input.clarity3,0.11296
input.isiFDRM,input.clarity3,0.17428
input.isiFDRML,input.clarity3,0.09680
input.kanopeRun,input.clarity3,0.00000
input.KAUSTBase,input.clarity3,0.01146
input.KAUSTExp,input.clarity3,0.00587
input.KAUSTExpRrnk,input.clarity3,0.00103
input.KAUSTRerank,input.clarity3,0.00324
input.LJQO10,input.clarity3,0.01572
input.LJQO5,input.clarity3,0.01572
input.LMOP10,input.clarity3,0.00000
input.LMOP5,input.clarity3,0.00000
input.LThresh,input.clarity3,0.00000
input.manualWISTUD,input.clarity3,0.76286
input.melblt,input.clarity3,0.00253
input.MONASH1NEW,input.clarity3,0.00000
input.MONASH2NEW,input.clarity3,0.00000
input.MorpheusRun1,input.clarity3,0.00000
input.mulnewWISTUD,input.clarity3,0.00025
input.myRun,input.clarity3,0.02597
input.myrun2,input.clarity3,0.40656
input.myrun3,input.clarity3,0.29068
input.Nestor,input.clarity3,0.00000
input.NestorS,input.clarity3,0.00000
input.normal,input.clarity3,0.00117
input.nQCRIwoTag,input.clarity3,0.00287
input.nQCRIwTag,input.clarity3,0.00658
input.omarRun,input.clarity3,0.00014
input.PKUICST,input.clarity3,0.45038
input.PKUICST2,input.clarity3,0.14103
input.PKUICST3,input.clarity3,0.62364
input.PKUICST4,input.clarity3,0.70582
input.PL2Bo1SDExt,input.clarity3,0.00000
input.PL2NoQENoDM,input.clarity3,0.00004
input.PL2NoQeSd,input.clarity3,0.00001
input.PL2NoQeSdExt,input.clarity3,0.00000
input.PRISrun1,input.clarity3,0.06442
input.PRISrun2,input.clarity3,0.00029
input.PRISrun3,input.clarity3,0.27376
input.PRISrun4,input.clarity3,0.00117
input.QCRIwoTagOrg,input.clarity3,0.00287
input.QCRIwTagOrg,input.clarity3,0.00658
input.qHtagBaseRun,input.clarity3,0.00000
input.qRefLThresh,input.clarity3,0.00000
input.refBalRun,input.clarity3,0.00001
input.refRelRun,input.clarity3,0.00034
input.relevanceRun,input.clarity3,0.07004
input.RFD,input.clarity3,0.00000
input.ri,input.clarity3,0.52112
input.rit,input.clarity3,0.00587
input.rit3,input.clarity3,0.00001
input.RMITAR,input.clarity3,0.00000
input.RMITM,input.clarity3,0.00000
input.RMITMR,input.clarity3,0.00000
input.RMITMRR,input.clarity3,0.00029
input.Rocchio,input.clarity3,0.00000
input.RTB,input.clarity3,0.00000
input.run1,input.clarity3,0.05915
input.run1a,input.clarity3,0.00000
input.run1fix,input.clarity3,0.27366
input.run2,input.clarity3,0.59730
input.run2a,input.clarity3,0.00000
input.run3,input.clarity3,0.00004
input.run3a,input.clarity3,0.00000
input.run4,input.clarity3,0.00000
input.run4a,input.clarity3,0.00000
input.RunAll,input.clarity3,0.00002
input.RunFut,input.clarity3,0.00000
input.runNeMIS,input.clarity3,0.00000
input.runNeMISext,input.clarity3,0.00000
input.RunPure,input.clarity3,0.00003
input.scurtuRun1,input.clarity3,0.00000
input.sielrun1,input.clarity3,0.00000
input.sielrun2,input.clarity3,0.00000
input.sielrun3,input.clarity3,0.00000
input.sielrun4,input.clarity3,0.00000
input.SienaCL1B,input.clarity3,0.00253
input.SienaCL31,input.clarity3,0.00034
input.SienaCL342,input.clarity3,0.00039
input.SienaCLbase,input.clarity3,0.00025
input.simfoll,input.clarity3,0.00197
input.simfollTP01,input.clarity3,0.00253
input.sylesNoRes,input.clarity3,0.14101
input.tfTP01,input.clarity3,0.00152
input.udelIndri,input.clarity3,0.00253
input.udelLucene,input.clarity3,0.00000
input.UDMicroComb1,input.clarity3,0.00000
input.UDMicroComb2,input.clarity3,0.00003
input.UDMicroIDF,input.clarity3,0.00134
input.UDMicroIDFD,input.clarity3,0.00000
input.uicir1,input.clarity3,0.00000
input.uicir2,input.clarity3,0.00000
input.UIowaS1,input.clarity3,0.00014
input.UIowaS2,input.clarity3,0.00014
input.UIowaS3,input.clarity3,0.00019
input.UIowaS4,input.clarity3,0.00002
input.uiucsf,input.clarity3,0.00000
input.uogTrLqea,input.clarity3,0.00000
input.uogTrLqeabd,input.clarity3,0.00000
input.uogTrLqeabdd,input.clarity3,0.00000
input.uogTrUB2,input.clarity3,0.00000
input.UTBase,input.clarity3,0.00000
input.UTBaseRTF,input.clarity3,0.00000
input.UTWngFuture,input.clarity3,0.00000
input.UTWngFutureQ,input.clarity3,0.00000
input.waterlooa1,input.clarity3,0.18652
input.waterlooa2,input.clarity3,0.04548
input.waterlooa3,input.clarity3,0.82090
input.waterlooa4,input.clarity3,0.21295
input.WESTfilext,input.clarity3,0.00000
input.WESTfilter,input.clarity3,0.00000
input.WESTrelint,input.clarity3,0.00000
input.WESTrlext,input.clarity3,0.00000
input.Wise2ndRun,input.clarity3,0.13115
input.WiseFifthRun,input.clarity3,0.00825
input.WiseFouthRun,input.clarity3,0.00012
input.WiseThirdRun,input.clarity3,0.13115
input.ya3,input.clarity3,0.00000
input.ya4,input.clarity3,0.00000
input.YNDXTPC1,input.clarity3,0.00000
input.YNDXTPC2,input.clarity3,0.00000
input.COMMITbase,input.clarity4,0.08943
input.COMMITexp,input.clarity4,0.82077
input.COMMITfilter,input.clarity4,0.57125
input.COMMITlinks,input.clarity4,0.82077
input.cyfrun1,input.clarity4,0.00000
input.cyfrun2,input.clarity4,0.00000
input.dbpWISTUD,input.clarity4,0.73420
input.DFReeKLIM,input.clarity4,0.18656
input.DFReeKLIM30,input.clarity4,0.18656
input.DFReeKLIMDC,input.clarity4,0.18656
input.DFReeKLIMRA,input.clarity4,0.49686
input.dutirLmFb,input.clarity4,0.04970
input.dutirMixFb,input.clarity4,0.05918
input.dutirMixSp,input.clarity4,0.02355
input.dutirTfidfFb,input.clarity4,0.01275
input.EMAX,input.clarity4,0.00000
input.FASILKOM01,input.clarity4,0.32648
input.FASILKOM02,input.clarity4,0.29060
input.FASILKOM03,input.clarity4,0.67789
input.FASILKOM04,input.clarity4,0.38533
input.FDUNLP,input.clarity4,0.00000
input.FDUNLP2,input.clarity4,0.00000
input.Google1GNO,input.clarity4,0.06443
input.gus,input.clarity4,0.00173
input.gust,input.clarity4,0.00366
input.gustc,input.clarity4,0.00366
input.gut,input.clarity4,0.03455
input.hitWId,input.clarity4,0.08255
input.hitWIt,input.clarity4,0.03146
input.ICTNET11MBR1,input.clarity4,0.00366
input.ICTNET11MBR2,input.clarity4,0.00000
input.ICTNET11MBR3,input.clarity4,0.00921
input.ICTNET11MBR4,input.clarity4,0.00134
input.IDEAACTQE,input.clarity4,0.00059
input.IDEABASIC,input.clarity4,0.00045
input.IDEABASICACT,input.clarity4,0.00045
input.IDEABASICQE,input.clarity4,0.00068
input.ikmRun1,input.clarity4,0.00000
input.InL2c1,input.clarity4,0.00016
input.iritfd1,input.clarity4,0.47318
input.iritfd2,input.clarity4,0.70590
input.IRSIGoogle1G,input.clarity4,0.07608
input.IRSIGoogle2G,input.clarity4,0.00287
input.isiFD,input.clarity4,0.21302
input.isiFDL,input.clarity4,0.02860
input.isiFDRM,input.clarity4,0.04971
input.isiFDRML,input.clarity4,0.02355
input.kanopeRun,input.clarity4,0.00000
input.KAUSTBase,input.clarity4,0.05429
input.KAUSTExp,input.clarity4,0.03147
input.KAUSTExpRrnk,input.clarity4,0.00737
input.KAUSTRerank,input.clarity4,0.01929
input.LJQO10,input.clarity4,0.07008
input.LJQO5,input.clarity4,0.07008
input.LMOP10,input.clarity4,0.00002
input.LMOP5,input.clarity4,0.00000
input.LThresh,input.clarity4,0.00000
input.manualWISTUD,input.clarity4,0.36515
input.melblt,input.clarity4,0.01572
input.MONASH1NEW,input.clarity4,0.00000
input.MONASH2NEW,input.clarity4,0.00000
input.MorpheusRun1,input.clarity4,0.00000
input.mulnewWISTUD,input.clarity4,0.00224
input.myRun,input.clarity4,0.10465
input.myrun2,input.clarity4,0.82112
input.myrun3,input.clarity4,0.65071
input.Nestor,input.clarity4,0.00000
input.NestorS,input.clarity4,0.00000
input.normal,input.clarity4,0.00824
input.nQCRIwoTag,input.clarity4,0.01742
input.nQCRIwTag,input.clarity4,0.03456
input.omarRun,input.clarity4,0.00134
input.PKUICST,input.clarity4,0.88004
input.PKUICST2,input.clarity4,0.38533
input.PKUICST3,input.clarity4,0.90990
input.PKUICST4,input.clarity4,0.82090
input.PL2Bo1SDExt,input.clarity4,0.00000
input.PL2NoQENoDM,input.clarity4,0.00045
input.PL2NoQeSd,input.clarity4,0.00012
input.PL2NoQeSdExt,input.clarity4,0.00000
input.PRISrun1,input.clarity4,0.01416
input.PRISrun2,input.clarity4,0.00002
input.PRISrun3,input.clarity4,0.08945
input.PRISrun4,input.clarity4,0.00825
input.QCRIwoTagOrg,input.clarity4,0.01742
input.QCRIwTagOrg,input.clarity4,0.03456
input.qHtagBaseRun,input.clarity4,0.00000
input.qRefLThresh,input.clarity4,0.00000
input.refBalRun,input.clarity4,0.00012
input.refRelRun,input.clarity4,0.00287
input.relevanceRun,input.clarity4,0.22713
input.RFD,input.clarity4,0.00000
input.ri,input.clarity4,0.21295
input.rit,input.clarity4,0.03147
input.rit3,input.clarity4,0.00014
input.RMITAR,input.clarity4,0.00000
input.RMITM,input.clarity4,0.00004
input.RMITMR,input.clarity4,0.00000
input.RMITMRR,input.clarity4,0.00253
input.Rocchio,input.clarity4,0.00000
input.RTB,input.clarity4,0.00000
input.run1,input.clarity4,0.19941
input.run1a,input.clarity4,0.00000
input.run1fix,input.clarity4,0.62356
input.run2,input.clarity4,0.93976
input.run2a,input.clarity4,0.00000
input.run3,input.clarity4,0.00045
input.run3a,input.clarity4,0.00000
input.run4,input.clarity4,0.00001
input.run4a,input.clarity4,0.00000
input.RunAll,input.clarity4,0.00022
input.RunFut,input.clarity4,0.00005
input.runNeMIS,input.clarity4,0.00000
input.runNeMISext,input.clarity4,0.00000
input.RunPure,input.clarity4,0.00034
input.scurtuRun1,input.clarity4,0.00000
input.sielrun1,input.clarity4,0.00000
input.sielrun2,input.clarity4,0.00000
input.sielrun3,input.clarity4,0.00000
input.sielrun4,input.clarity4,0.00000
input.SienaCL1B,input.clarity4,0.01572
input.SienaCL31,input.clarity4,0.00287
input.SienaCL342,input.clarity4,0.00324
input.SienaCLbase,input.clarity4,0.00224
input.simfoll,input.clarity4,0.01274
input.simfollTP01,input.clarity4,0.01572
input.sylesNoRes,input.clarity4,0.38530
input.tfTP01,input.clarity4,0.01028
input.udelIndri,input.clarity4,0.01572
input.udelLucene,input.clarity4,0.00000
input.UDMicroComb1,input.clarity4,0.00000
input.UDMicroComb2,input.clarity4,0.00039
input.UDMicroIDF,input.clarity4,0.00921
input.UDMicroIDFD,input.clarity4,0.00004
input.uicir1,input.clarity4,0.00000
input.uicir2,input.clarity4,0.00000
input.UIowaS1,input.clarity4,0.00134
input.UIowaS2,input.clarity4,0.00134
input.UIowaS3,input.clarity4,0.00173
input.UIowaS4,input.clarity4,0.00022
input.uiucsf,input.clarity4,0.00000
input.uogTrLqea,input.clarity4,0.00000
input.uogTrLqeabd,input.clarity4,0.00000
input.uogTrLqeabdd,input.clarity4,0.00000
input.uogTrUB2,input.clarity4,0.00000
input.UTBase,input.clarity4,0.00000
input.UTBaseRTF,input.clarity4,0.00000
input.UTWngFuture,input.clarity4,0.00000
input.UTWngFutureQ,input.clarity4,0.00000
input.waterlooa1,input.clarity4,0.47332
input.waterlooa2,input.clarity4,0.16261
input.waterlooa3,input.clarity4,0.70582
input.waterlooa4,input.clarity4,0.52112
input.WESTfilext,input.clarity4,0.00000
input.WESTfilter,input.clarity4,0.00000
input.WESTrelint,input.clarity4,0.00000
input.WESTrlext,input.clarity4,0.00000
input.Wise2ndRun,input.clarity4,0.36509
input.WiseFifthRun,input.clarity4,0.04155
input.WiseFouthRun,input.clarity4,0.00117
input.WiseThirdRun,input.clarity4,0.36509
input.ya3,input.clarity4,0.00000
input.ya4,input.clarity4,0.00000
input.YNDXTPC1,input.clarity4,0.00000
input.YNDXTPC2,input.clarity4,0.00000
input.COMMITexp,input.COMMITbase,0.05423
input.COMMITfilter,input.COMMITbase,0.02353
input.COMMITlinks,input.COMMITbase,0.05423
input.cyfrun1,input.COMMITbase,0.00000
input.cyfrun2,input.COMMITbase,0.00000
input.dbpWISTUD,input.COMMITbase,0.04155
input.DFReeKLIM,input.COMMITbase,0.70573
input.DFReeKLIM30,input.COMMITbase,0.70573
input.DFReeKLIMDC,input.COMMITbase,0.70573
input.DFReeKLIMRA,input.COMMITbase,0.30821
input.dutirLmFb,input.COMMITbase,0.00025
input.dutirMixFb,input.COMMITbase,0.00034
input.dutirMixSp,input.COMMITbase,0.00007
input.dutirTfidfFb,input.COMMITbase,0.00003
input.EMAX,input.COMMITbase,0.00000
input.FASILKOM01,input.COMMITbase,0.47325
input.FASILKOM02,input.COMMITbase,0.52112
input.FASILKOM03,input.COMMITbase,0.19947
input.FASILKOM04,input.COMMITbase,0.40637
input.FDUNLP,input.COMMITbase,0.00000
input.FDUNLP2,input.COMMITbase,0.00000
input.Google1GNO,input.COMMITbase,0.00039
input.gus,input.COMMITbase,0.00000
input.gust,input.COMMITbase,0.00000
input.gustc,input.COMMITbase,0.00000
input.gut,input.COMMITbase,0.00014
input.hitWId,input.COMMITbase,0.96997
input.hitWIt,input.COMMITbase,0.65071
input.ICTNET11MBR1,input.COMMITbase,0.00000
input.ICTNET11MBR2,input.COMMITbase,0.00000
input.ICTNET11MBR3,input.COMMITbase,0.00002
input.ICTNET11MBR4,input.COMMITbase,0.00000
input.IDEAACTQE,input.COMMITbase,0.00000
input.IDEABASIC,input.COMMITbase,0.00000
input.IDEABASICACT,input.COMMITbase,0.00000
input.IDEABASICQE,input.COMMITbase,0.00000
input.ikmRun1,input.COMMITbase,0.00000
input.InL2c1,input.COMMITbase,0.00000
input.iritfd1,input.COMMITbase,0.01570
input.iritfd2,input.COMMITbase,0.03791
input.IRSIGoogle1G,input.COMMITbase,0.00052
input.IRSIGoogle2G,input.COMMITbase,0.00000
input.isiFD,input.COMMITbase,0.65047
input.isiFDL,input.COMMITbase,0.62380
input.isiFDRM,input.COMMITbase,0.79176
input.isiFDRML,input.COMMITbase,0.57140
input.kanopeRun,input.COMMITbase,0.00000
input.KAUSTBase,input.COMMITbase,0.00029
input.KAUSTExp,input.COMMITbase,0.00012
input.KAUSTExpRrnk,input.COMMITbase,0.00001
input.KAUSTRerank,input.COMMITbase,0.00005
input.LJQO10,input.COMMITbase,0.00045
input.LJQO5,input.COMMITbase,0.00045
input.LMOP10,input.COMMITbase,0.00000
input.LMOP5,input.COMMITbase,0.00000
input.LThresh,input.COMMITbase,0.00000
input.manualWISTUD,input.COMMITbase,0.42788
input.melblt,input.COMMITbase,0.00004
input.MONASH1NEW,input.COMMITbase,0.00000
input.MONASH2NEW,input.COMMITbase,0.00000
input.MorpheusRun1,input.COMMITbase,0.00000
input.mulnewWISTUD,input.COMMITbase,0.00000
input.myRun,input.COMMITbase,0.00090
input.myrun2,input.COMMITbase,0.05429
input.myrun3,input.COMMITbase,0.03146
input.Nestor,input.COMMITbase,0.00000
input.NestorS,input.COMMITbase,0.00000
input.normal,input.COMMITbase,0.00001
input.nQCRIwoTag,input.COMMITbase,0.00005
input.nQCRIwTag,input.COMMITbase,0.00014
input.omarRun,input.COMMITbase,0.00000
input.PKUICST,input.COMMITbase,0.06441
input.PKUICST2,input.COMMITbase,0.01027
input.PKUICST3,input.COMMITbase,0.11291
input.PKUICST4,input.COMMITbase,0.14101
input.PL2Bo1SDExt,input.COMMITbase,0.00000
input.PL2NoQENoDM,input.COMMITbase,0.00000
input.PL2NoQeSd,input.COMMITbase,0.00000
input.PL2NoQeSdExt,input.COMMITbase,0.00000
input.PRISrun1,input.COMMITbase,0.45044
input.PRISrun2,input.COMMITbase,0.01146
input.PRISrun3,input.COMMITbase,0.99991
input.PRISrun4,input.COMMITbase,0.00001
input.QCRIwoTagOrg,input.COMMITbase,0.00005
input.QCRIwTagOrg,input.COMMITbase,0.00014
input.qHtagBaseRun,input.COMMITbase,0.00000
input.qRefLThresh,input.COMMITbase,0.00000
input.refBalRun,input.COMMITbase,0.00000
input.refRelRun,input.COMMITbase,0.00000
input.relevanceRun,input.COMMITbase,0.00366
input.RFD,input.COMMITbase,0.00000
input.ri,input.COMMITbase,0.65059
input.rit,input.COMMITbase,0.00012
input.rit3,input.COMMITbase,0.00000
input.RMITAR,input.COMMITbase,0.00000
input.RMITM,input.COMMITbase,0.00000
input.RMITMR,input.COMMITbase,0.00000
input.RMITMRR,input.COMMITbase,0.00000
input.Rocchio,input.COMMITbase,0.00000
input.RTB,input.COMMITbase,0.00000
input.run1,input.COMMITbase,0.00287
input.run1a,input.COMMITbase,0.00000
input.run1fix,input.COMMITbase,0.02858
input.run2,input.COMMITbase,0.10462
input.run2a,input.COMMITbase,0.00000
input.run3,input.COMMITbase,0.00000
input.run3a,input.COMMITbase,0.00000
input.run4,input.COMMITbase,0.00000
input.run4a,input.COMMITbase,0.00000
input.RunAll,input.COMMITbase,0.00000
input.RunFut,input.COMMITbase,0.00000
input.runNeMIS,input.COMMITbase,0.00000
input.runNeMISext,input.COMMITbase,0.00000
input.RunPure,input.COMMITbase,0.00000
input.scurtuRun1,input.COMMITbase,0.00000
input.sielrun1,input.COMMITbase,0.00000
input.sielrun2,input.COMMITbase,0.00000
input.sielrun3,input.COMMITbase,0.00000
input.sielrun4,input.COMMITbase,0.00000
input.SienaCL1B,input.COMMITbase,0.00004
input.SienaCL31,input.COMMITbase,0.00000
input.SienaCL342,input.COMMITbase,0.00000
input.SienaCLbase,input.COMMITbase,0.00000
input.simfoll,input.COMMITbase,0.00003
input.simfollTP01,input.COMMITbase,0.00004
input.sylesNoRes,input.COMMITbase,0.01027
input.tfTP01,input.COMMITbase,0.00002
input.udelIndri,input.COMMITbase,0.00004
input.udelLucene,input.COMMITbase,0.00000
input.UDMicroComb1,input.COMMITbase,0.00000
input.UDMicroComb2,input.COMMITbase,0.00000
input.UDMicroIDF,input.COMMITbase,0.00002
input.UDMicroIDFD,input.COMMITbase,0.00000
input.uicir1,input.COMMITbase,0.00000
input.uicir2,input.COMMITbase,0.00000
input.UIowaS1,input.COMMITbase,0.00000
input.UIowaS2,input.COMMITbase,0.00000
input.UIowaS3,input.COMMITbase,0.00000
input.UIowaS4,input.COMMITbase,0.00000
input.uiucsf,input.COMMITbase,0.00000
input.uogTrLqea,input.COMMITbase,0.00000
input.uogTrLqeabd,input.COMMITbase,0.00000
input.uogTrLqeabdd,input.COMMITbase,0.00000
input.uogTrUB2,input.COMMITbase,0.00000
input.UTBase,input.COMMITbase,0.00000
input.UTBaseRTF,input.COMMITbase,0.00000
input.UTWngFuture,input.COMMITbase,0.00000
input.UTWngFutureQ,input.COMMITbase,0.00000
input.waterlooa1,input.COMMITbase,0.01571
input.waterlooa2,input.COMMITbase,0.00197
input.waterlooa3,input.COMMITbase,0.18652
input.waterlooa4,input.COMMITbase,0.01928
input.WESTfilext,input.COMMITbase,0.00000
input.WESTfilter,input.COMMITbase,0.00000
input.WESTrelint,input.COMMITbase,0.00000
input.WESTrlext,input.COMMITbase,0.00000
input.Wise2ndRun,input.COMMITbase,0.00921
input.WiseFifthRun,input.COMMITbase,0.00019
input.WiseFouthRun,input.COMMITbase,0.00000
input.WiseThirdRun,input.COMMITbase,0.00921
input.ya3,input.COMMITbase,0.00000
input.ya4,input.COMMITbase,0.00000
input.YNDXTPC1,input.COMMITbase,0.00000
input.YNDXTPC2,input.COMMITbase,0.00000
input.COMMITfilter,input.COMMITexp,0.73411
input.COMMITlinks,input.COMMITexp,1.00000
input.cyfrun1,input.COMMITexp,0.00000
input.cyfrun2,input.COMMITexp,0.00000
input.dbpWISTUD,input.COMMITexp,0.91004
input.DFReeKLIM,input.COMMITexp,0.12177
input.DFReeKLIM30,input.COMMITexp,0.12177
input.DFReeKLIMDC,input.COMMITexp,0.12177
input.DFReeKLIMRA,input.COMMITexp,0.36494
input.dutirLmFb,input.COMMITexp,0.08257
input.dutirMixFb,input.COMMITexp,0.09686
input.dutirMixSp,input.COMMITexp,0.04157
input.dutirTfidfFb,input.COMMITexp,0.02357
input.EMAX,input.COMMITexp,0.00000
input.FASILKOM01,input.COMMITexp,0.22713
input.FASILKOM02,input.COMMITexp,0.19937
input.FASILKOM03,input.COMMITexp,0.52093
input.FASILKOM04,input.COMMITexp,0.27366
input.FDUNLP,input.COMMITexp,0.00000
input.FDUNLP2,input.COMMITexp,0.00000
input.Google1GNO,input.COMMITexp,0.10467
input.gus,input.COMMITexp,0.00366
input.gust,input.COMMITexp,0.00737
input.gustc,input.COMMITexp,0.00737
input.gut,input.COMMITexp,0.05916
input.hitWId,input.COMMITexp,0.04969
input.hitWIt,input.COMMITexp,0.01742
input.ICTNET11MBR1,input.COMMITexp,0.00737
input.ICTNET11MBR2,input.COMMITexp,0.00001
input.ICTNET11MBR3,input.COMMITexp,0.01743
input.ICTNET11MBR4,input.COMMITexp,0.00287
input.IDEAACTQE,input.COMMITexp,0.00134
input.IDEABASIC,input.COMMITexp,0.00103
input.IDEABASICACT,input.COMMITexp,0.00103
input.IDEABASICQE,input.COMMITexp,0.00152
input.ikmRun1,input.COMMITexp,0.00000
input.InL2c1,input.COMMITexp,0.00039
input.iritfd1,input.COMMITexp,0.62360
input.iritfd2,input.COMMITexp,0.88013
input.IRSIGoogle1G,input.COMMITexp,0.12178
input.IRSIGoogle2G,input.COMMITexp,0.00587
input.isiFD,input.COMMITexp,0.14106
input.isiFDL,input.COMMITexp,0.01572
input.isiFDRM,input.COMMITexp,0.02860
input.isiFDRML,input.COMMITexp,0.01274
input.kanopeRun,input.COMMITexp,0.00000
input.KAUSTBase,input.COMMITexp,0.08951
input.KAUSTExp,input.COMMITexp,0.05428
input.KAUSTExpRrnk,input.COMMITexp,0.01417
input.KAUSTRerank,input.COMMITexp,0.03457
input.LJQO10,input.COMMITexp,0.11300
input.LJQO5,input.COMMITexp,0.11300
input.LMOP10,input.COMMITexp,0.00005
input.LMOP5,input.COMMITexp,0.00000
input.LThresh,input.COMMITexp,0.00001
input.manualWISTUD,input.COMMITexp,0.25757
input.melblt,input.COMMITexp,0.02860
input.MONASH1NEW,input.COMMITexp,0.00000
input.MONASH2NEW,input.COMMITexp,0.00000
input.MorpheusRun1,input.COMMITexp,0.00000
input.mulnewWISTUD,input.COMMITexp,0.00465
input.myRun,input.COMMITexp,0.16266
input.myrun2,input.COMMITexp,0.99964
input.myrun3,input.COMMITexp,0.82103
input.Nestor,input.COMMITexp,0.00000
input.NestorS,input.COMMITexp,0.00000
input.normal,input.COMMITexp,0.01572
input.nQCRIwoTag,input.COMMITexp,0.03147
input.nQCRIwTag,input.COMMITexp,0.05918
input.omarRun,input.COMMITexp,0.00287
input.PKUICST,input.COMMITexp,0.93971
input.PKUICST2,input.COMMITexp,0.52116
input.PKUICST3,input.COMMITexp,0.73407
input.PKUICST4,input.COMMITexp,0.65059
input.PL2Bo1SDExt,input.COMMITexp,0.00000
input.PL2NoQENoDM,input.COMMITexp,0.00103
input.PL2NoQeSd,input.COMMITexp,0.00029
input.PL2NoQeSdExt,input.COMMITexp,0.00000
input.PRISrun1,input.COMMITexp,0.00737
input.PRISrun2,input.COMMITexp,0.00001
input.PRISrun3,input.COMMITexp,0.05425
input.PRISrun4,input.COMMITexp,0.01573
input.QCRIwoTagOrg,input.COMMITexp,0.03147
input.QCRIwTagOrg,input.COMMITexp,0.05918
input.qHtagBaseRun,input.COMMITexp,0.00000
input.qRefLThresh,input.COMMITexp,0.00000
input.refBalRun,input.COMMITexp,0.00029
input.refRelRun,input.COMMITexp,0.00587
input.relevanceRun,input.COMMITexp,0.32648
input.RFD,input.COMMITexp,0.00001
input.ri,input.COMMITexp,0.14101
input.rit,input.COMMITexp,0.05430
input.rit3,input.COMMITexp,0.00034
input.RMITAR,input.COMMITexp,0.00000
input.RMITM,input.COMMITexp,0.00010
input.RMITMR,input.COMMITexp,0.00000
input.RMITMRR,input.COMMITexp,0.00523
input.Rocchio,input.COMMITexp,0.00001
input.RTB,input.COMMITexp,0.00000
input.run1,input.COMMITexp,0.29065
input.run1a,input.COMMITexp,0.00000
input.run1fix,input.COMMITexp,0.79158
input.run2,input.COMMITexp,0.76255
input.run2a,input.COMMITexp,0.00000
input.run3,input.COMMITexp,0.00103
input.run3a,input.COMMITexp,0.00000
input.run4,input.COMMITexp,0.00002
input.run4a,input.COMMITexp,0.00000
input.RunAll,input.COMMITexp,0.00052
input.RunFut,input.COMMITexp,0.00012
input.runNeMIS,input.COMMITexp,0.00000
input.runNeMISext,input.COMMITexp,0.00000
input.RunPure,input.COMMITexp,0.00078
input.scurtuRun1,input.COMMITexp,0.00000
input.sielrun1,input.COMMITexp,0.00000
input.sielrun2,input.COMMITexp,0.00000
input.sielrun3,input.COMMITexp,0.00000
input.sielrun4,input.COMMITexp,0.00000
input.SienaCL1B,input.COMMITexp,0.02862
input.SienaCL31,input.COMMITexp,0.00587
input.SienaCL342,input.COMMITexp,0.00659
input.SienaCLbase,input.COMMITexp,0.00465
input.simfoll,input.COMMITexp,0.02355
input.simfollTP01,input.COMMITexp,0.02861
input.sylesNoRes,input.COMMITexp,0.52112
input.tfTP01,input.COMMITexp,0.01930
input.udelIndri,input.COMMITexp,0.02861
input.udelLucene,input.COMMITexp,0.00000
input.UDMicroComb1,input.COMMITexp,0.00001
input.UDMicroComb2,input.COMMITexp,0.00090
input.UDMicroIDF,input.COMMITexp,0.01743
input.UDMicroIDFD,input.COMMITexp,0.00010
input.uicir1,input.COMMITexp,0.00000
input.uicir2,input.COMMITexp,0.00000
input.UIowaS1,input.COMMITexp,0.00287
input.UIowaS2,input.COMMITexp,0.00287
input.UIowaS3,input.COMMITexp,0.00366
input.UIowaS4,input.COMMITexp,0.00052
input.uiucsf,input.COMMITexp,0.00000
input.uogTrLqea,input.COMMITexp,0.00000
input.uogTrLqeabd,input.COMMITexp,0.00000
input.uogTrLqeabdd,input.COMMITexp,0.00000
input.uogTrUB2,input.COMMITexp,0.00000
input.UTBase,input.COMMITexp,0.00000
input.UTBaseRTF,input.COMMITexp,0.00000
input.UTWngFuture,input.COMMITexp,0.00000
input.UTWngFutureQ,input.COMMITexp,0.00000
input.waterlooa1,input.COMMITexp,0.62376
input.waterlooa2,input.COMMITexp,0.24208
input.waterlooa3,input.COMMITexp,0.54582
input.waterlooa4,input.COMMITexp,0.67809
input.WESTfilext,input.COMMITexp,0.00000
input.WESTfilter,input.COMMITexp,0.00000
input.WESTrelint,input.COMMITexp,0.00000
input.WESTrlext,input.COMMITexp,0.00000
input.Wise2ndRun,input.COMMITexp,0.49704
input.WiseFifthRun,input.COMMITexp,0.07008
input.WiseFouthRun,input.COMMITexp,0.00254
input.WiseThirdRun,input.COMMITexp,0.49704
input.ya3,input.COMMITexp,0.00000
input.ya4,input.COMMITexp,0.00001
input.YNDXTPC1,input.COMMITexp,0.00000
input.YNDXTPC2,input.COMMITexp,0.00000
input.COMMITlinks,input.COMMITfilter,0.73411
input.cyfrun1,input.COMMITfilter,0.00000
input.cyfrun2,input.COMMITfilter,0.00000
input.dbpWISTUD,input.COMMITfilter,0.82068
input.DFReeKLIM,input.COMMITfilter,0.05915
input.DFReeKLIM30,input.COMMITfilter,0.05915
input.DFReeKLIMDC,input.COMMITfilter,0.05915
input.DFReeKLIMRA,input.COMMITfilter,0.21289
input.dutirLmFb,input.COMMITfilter,0.16263
input.dutirMixFb,input.COMMITfilter,0.18663
input.dutirMixSp,input.COMMITfilter,0.08948
input.dutirTfidfFb,input.COMMITfilter,0.05430
input.EMAX,input.COMMITfilter,0.00000
input.FASILKOM01,input.COMMITfilter,0.12176
input.FASILKOM02,input.COMMITfilter,0.10459
input.FASILKOM03,input.COMMITfilter,0.32631
input.FASILKOM04,input.COMMITfilter,0.15148
input.FDUNLP,input.COMMITfilter,0.00001
input.FDUNLP2,input.COMMITfilter,0.00000
input.Google1GNO,input.COMMITfilter,0.19951
input.gus,input.COMMITfilter,0.01029
input.gust,input.COMMITfilter,0.01929
input.gustc,input.COMMITfilter,0.01929
input.gut,input.COMMITfilter,0.12178
input.hitWId,input.COMMITfilter,0.02132
input.hitWIt,input.COMMITfilter,0.00658
input.ICTNET11MBR1,input.COMMITfilter,0.01929
input.ICTNET11MBR2,input.COMMITfilter,0.00004
input.ICTNET11MBR3,input.COMMITfilter,0.04156
input.ICTNET11MBR4,input.COMMITfilter,0.00825
input.IDEAACTQE,input.COMMITfilter,0.00413
input.IDEABASIC,input.COMMITfilter,0.00324
input.IDEABASICACT,input.COMMITfilter,0.00324
input.IDEABASICQE,input.COMMITfilter,0.00465
input.ikmRun1,input.COMMITfilter,0.00000
input.InL2c1,input.COMMITfilter,0.00134
input.iritfd1,input.COMMITfilter,0.87990
input.iritfd2,input.COMMITfilter,0.85021
input.IRSIGoogle1G,input.COMMITfilter,0.22717
input.IRSIGoogle2G,input.COMMITfilter,0.01573
input.isiFD,input.COMMITfilter,0.07006
input.isiFDL,input.COMMITfilter,0.00587
input.isiFDRM,input.COMMITfilter,0.01145
input.isiFDRML,input.COMMITfilter,0.00465
input.kanopeRun,input.COMMITfilter,0.00000
input.KAUSTBase,input.COMMITfilter,0.17437
input.KAUSTExp,input.COMMITfilter,0.11298
input.KAUSTExpRrnk,input.COMMITfilter,0.03458
input.KAUSTRerank,input.COMMITfilter,0.07612
input.LJQO10,input.COMMITfilter,0.21306
input.LJQO5,input.COMMITfilter,0.21306
input.LMOP10,input.COMMITfilter,0.00019
input.LMOP5,input.COMMITfilter,0.00000
input.LThresh,input.COMMITfilter,0.00005
input.manualWISTUD,input.COMMITfilter,0.14107
input.melblt,input.COMMITfilter,0.06442
input.MONASH1NEW,input.COMMITfilter,0.00000
input.MONASH2NEW,input.COMMITfilter,0.00000
input.MorpheusRun1,input.COMMITfilter,0.00000
input.mulnewWISTUD,input.COMMITfilter,0.01275
input.myRun,input.COMMITfilter,0.29073
input.myrun2,input.COMMITfilter,0.73377
input.myrun3,input.COMMITfilter,0.90968
input.Nestor,input.COMMITfilter,0.00002
input.NestorS,input.COMMITfilter,0.00001
input.normal,input.COMMITfilter,0.03792
input.nQCRIwoTag,input.COMMITfilter,0.07008
input.nQCRIwTag,input.COMMITfilter,0.12181
input.omarRun,input.COMMITfilter,0.00825
input.PKUICST,input.COMMITfilter,0.67793
input.PKUICST2,input.COMMITfilter,0.76273
input.PKUICST3,input.COMMITfilter,0.49690
input.PKUICST4,input.COMMITfilter,0.42801
input.PL2Bo1SDExt,input.COMMITfilter,0.00000
input.PL2NoQENoDM,input.COMMITfilter,0.00325
input.PL2NoQeSd,input.COMMITfilter,0.00103
input.PL2NoQeSdExt,input.COMMITfilter,0.00000
input.PRISrun1,input.COMMITfilter,0.00253
input.PRISrun2,input.COMMITfilter,0.00000
input.PRISrun3,input.COMMITfilter,0.02354
input.PRISrun4,input.COMMITfilter,0.03793
input.QCRIwoTagOrg,input.COMMITfilter,0.07008
input.QCRIwTagOrg,input.COMMITfilter,0.12181
input.qHtagBaseRun,input.COMMITfilter,0.00002
input.qRefLThresh,input.COMMITfilter,0.00000
input.refBalRun,input.COMMITfilter,0.00103
input.refRelRun,input.COMMITfilter,0.01572
input.relevanceRun,input.COMMITfilter,0.52116
input.RFD,input.COMMITfilter,0.00006
input.ri,input.COMMITfilter,0.07003
input.rit,input.COMMITfilter,0.11301
input.rit3,input.COMMITfilter,0.00117
input.RMITAR,input.COMMITfilter,0.00000
input.RMITM,input.COMMITfilter,0.00039
input.RMITMR,input.COMMITfilter,0.00000
input.RMITMRR,input.COMMITfilter,0.01416
input.Rocchio,input.COMMITfilter,0.00003
input.RTB,input.COMMITfilter,0.00000
input.run1,input.COMMITfilter,0.47336
input.run1a,input.COMMITfilter,0.00000
input.run1fix,input.COMMITfilter,0.93989
input.run2,input.COMMITfilter,0.52101
input.run2a,input.COMMITfilter,0.00000
input.run3,input.COMMITfilter,0.00324
input.run3a,input.COMMITfilter,0.00000
input.run4,input.COMMITfilter,0.00007
input.run4a,input.COMMITfilter,0.00000
input.RunAll,input.COMMITfilter,0.00173
input.RunFut,input.COMMITfilter,0.00045
input.runNeMIS,input.COMMITfilter,0.00000
input.runNeMISext,input.COMMITfilter,0.00000
input.RunPure,input.COMMITfilter,0.00253
input.scurtuRun1,input.COMMITfilter,0.00000
input.sielrun1,input.COMMITfilter,0.00000
input.sielrun2,input.COMMITfilter,0.00000
input.sielrun3,input.COMMITfilter,0.00000
input.sielrun4,input.COMMITfilter,0.00000
input.SienaCL1B,input.COMMITfilter,0.06445
input.SienaCL31,input.COMMITfilter,0.01572
input.SienaCL342,input.COMMITfilter,0.01743
input.SienaCLbase,input.COMMITfilter,0.01275
input.simfoll,input.COMMITfilter,0.05427
input.simfollTP01,input.COMMITfilter,0.06444
input.sylesNoRes,input.COMMITfilter,0.76268
input.tfTP01,input.COMMITfilter,0.04549
input.udelIndri,input.COMMITfilter,0.06443
input.udelLucene,input.COMMITfilter,0.00000
input.UDMicroComb1,input.COMMITfilter,0.00004
input.UDMicroComb2,input.COMMITfilter,0.00287
input.UDMicroIDF,input.COMMITfilter,0.04157
input.UDMicroIDFD,input.COMMITfilter,0.00039
input.uicir1,input.COMMITfilter,0.00001
input.uicir2,input.COMMITfilter,0.00000
input.UIowaS1,input.COMMITfilter,0.00826
input.UIowaS2,input.COMMITfilter,0.00825
input.UIowaS3,input.COMMITfilter,0.01029
input.UIowaS4,input.COMMITfilter,0.00174
input.uiucsf,input.COMMITfilter,0.00000
input.uogTrLqea,input.COMMITfilter,0.00000
input.uogTrLqeabd,input.COMMITfilter,0.00000
input.uogTrLqeabdd,input.COMMITfilter,0.00000
input.uogTrUB2,input.COMMITfilter,0.00000
input.UTBase,input.COMMITfilter,0.00000
input.UTBaseRTF,input.COMMITfilter,0.00000
input.UTWngFuture,input.COMMITfilter,0.00000
input.UTWngFutureQ,input.COMMITfilter,0.00000
input.waterlooa1,input.COMMITfilter,0.88008
input.waterlooa2,input.COMMITfilter,0.40646
input.waterlooa3,input.COMMITfilter,0.34533
input.waterlooa4,input.COMMITfilter,0.93989
input.WESTfilext,input.COMMITfilter,0.00000
input.WESTfilter,input.COMMITfilter,0.00001
input.WESTrelint,input.COMMITfilter,0.00000
input.WESTrlext,input.COMMITfilter,0.00000
input.Wise2ndRun,input.COMMITfilter,0.73424
input.WiseFifthRun,input.COMMITfilter,0.14109
input.WiseFouthRun,input.COMMITfilter,0.00737
input.WiseThirdRun,input.COMMITfilter,0.73424
input.ya3,input.COMMITfilter,0.00000
input.ya4,input.COMMITfilter,0.00005
input.YNDXTPC1,input.COMMITfilter,0.00000
input.YNDXTPC2,input.COMMITfilter,0.00000
input.cyfrun1,input.COMMITlinks,0.00000
input.cyfrun2,input.COMMITlinks,0.00000
input.dbpWISTUD,input.COMMITlinks,0.91004
input.DFReeKLIM,input.COMMITlinks,0.12177
input.DFReeKLIM30,input.COMMITlinks,0.12177
input.DFReeKLIMDC,input.COMMITlinks,0.12177
input.DFReeKLIMRA,input.COMMITlinks,0.36494
input.dutirLmFb,input.COMMITlinks,0.08257
input.dutirMixFb,input.COMMITlinks,0.09686
input.dutirMixSp,input.COMMITlinks,0.04157
input.dutirTfidfFb,input.COMMITlinks,0.02357
input.EMAX,input.COMMITlinks,0.00000
input.FASILKOM01,input.COMMITlinks,0.22713
input.FASILKOM02,input.COMMITlinks,0.19937
input.FASILKOM03,input.COMMITlinks,0.52093
input.FASILKOM04,input.COMMITlinks,0.27366
input.FDUNLP,input.COMMITlinks,0.00000
input.FDUNLP2,input.COMMITlinks,0.00000
input.Google1GNO,input.COMMITlinks,0.10467
input.gus,input.COMMITlinks,0.00366
input.gust,input.COMMITlinks,0.00737
input.gustc,input.COMMITlinks,0.00737
input.gut,input.COMMITlinks,0.05916
input.hitWId,input.COMMITlinks,0.04969
input.hitWIt,input.COMMITlinks,0.01742
input.ICTNET11MBR1,input.COMMITlinks,0.00737
input.ICTNET11MBR2,input.COMMITlinks,0.00001
input.ICTNET11MBR3,input.COMMITlinks,0.01743
input.ICTNET11MBR4,input.COMMITlinks,0.00287
input.IDEAACTQE,input.COMMITlinks,0.00134
input.IDEABASIC,input.COMMITlinks,0.00103
input.IDEABASICACT,input.COMMITlinks,0.00103
input.IDEABASICQE,input.COMMITlinks,0.00152
input.ikmRun1,input.COMMITlinks,0.00000
input.InL2c1,input.COMMITlinks,0.00039
input.iritfd1,input.COMMITlinks,0.62360
input.iritfd2,input.COMMITlinks,0.88013
input.IRSIGoogle1G,input.COMMITlinks,0.12178
input.IRSIGoogle2G,input.COMMITlinks,0.00587
input.isiFD,input.COMMITlinks,0.14106
input.isiFDL,input.COMMITlinks,0.01572
input.isiFDRM,input.COMMITlinks,0.02860
input.isiFDRML,input.COMMITlinks,0.01274
input.kanopeRun,input.COMMITlinks,0.00000
input.KAUSTBase,input.COMMITlinks,0.08951
input.KAUSTExp,input.COMMITlinks,0.05428
input.KAUSTExpRrnk,input.COMMITlinks,0.01417
input.KAUSTRerank,input.COMMITlinks,0.03457
input.LJQO10,input.COMMITlinks,0.11300
input.LJQO5,input.COMMITlinks,0.11300
input.LMOP10,input.COMMITlinks,0.00005
input.LMOP5,input.COMMITlinks,0.00000
input.LThresh,input.COMMITlinks,0.00001
input.manualWISTUD,input.COMMITlinks,0.25757
input.melblt,input.COMMITlinks,0.02860
input.MONASH1NEW,input.COMMITlinks,0.00000
input.MONASH2NEW,input.COMMITlinks,0.00000
input.MorpheusRun1,input.COMMITlinks,0.00000
input.mulnewWISTUD,input.COMMITlinks,0.00465
input.myRun,input.COMMITlinks,0.16266
input.myrun2,input.COMMITlinks,0.99964
input.myrun3,input.COMMITlinks,0.82103
input.Nestor,input.COMMITlinks,0.00000
input.NestorS,input.COMMITlinks,0.00000
input.normal,input.COMMITlinks,0.01572
input.nQCRIwoTag,input.COMMITlinks,0.03147
input.nQCRIwTag,input.COMMITlinks,0.05918
input.omarRun,input.COMMITlinks,0.00287
input.PKUICST,input.COMMITlinks,0.93971
input.PKUICST2,input.COMMITlinks,0.52116
input.PKUICST3,input.COMMITlinks,0.73407
input.PKUICST4,input.COMMITlinks,0.65059
input.PL2Bo1SDExt,input.COMMITlinks,0.00000
input.PL2NoQENoDM,input.COMMITlinks,0.00103
input.PL2NoQeSd,input.COMMITlinks,0.00029
input.PL2NoQeSdExt,input.COMMITlinks,0.00000
input.PRISrun1,input.COMMITlinks,0.00737
input.PRISrun2,input.COMMITlinks,0.00001
input.PRISrun3,input.COMMITlinks,0.05425
input.PRISrun4,input.COMMITlinks,0.01573
input.QCRIwoTagOrg,input.COMMITlinks,0.03147
input.QCRIwTagOrg,input.COMMITlinks,0.05918
input.qHtagBaseRun,input.COMMITlinks,0.00000
input.qRefLThresh,input.COMMITlinks,0.00000
input.refBalRun,input.COMMITlinks,0.00029
input.refRelRun,input.COMMITlinks,0.00587
input.relevanceRun,input.COMMITlinks,0.32648
input.RFD,input.COMMITlinks,0.00001
input.ri,input.COMMITlinks,0.14101
input.rit,input.COMMITlinks,0.05430
input.rit3,input.COMMITlinks,0.00034
input.RMITAR,input.COMMITlinks,0.00000
input.RMITM,input.COMMITlinks,0.00010
input.RMITMR,input.COMMITlinks,0.00000
input.RMITMRR,input.COMMITlinks,0.00523
input.Rocchio,input.COMMITlinks,0.00001
input.RTB,input.COMMITlinks,0.00000
input.run1,input.COMMITlinks,0.29065
input.run1a,input.COMMITlinks,0.00000
input.run1fix,input.COMMITlinks,0.79158
input.run2,input.COMMITlinks,0.76255
input.run2a,input.COMMITlinks,0.00000
input.run3,input.COMMITlinks,0.00103
input.run3a,input.COMMITlinks,0.00000
input.run4,input.COMMITlinks,0.00002
input.run4a,input.COMMITlinks,0.00000
input.RunAll,input.COMMITlinks,0.00052
input.RunFut,input.COMMITlinks,0.00012
input.runNeMIS,input.COMMITlinks,0.00000
input.runNeMISext,input.COMMITlinks,0.00000
input.RunPure,input.COMMITlinks,0.00078
input.scurtuRun1,input.COMMITlinks,0.00000
input.sielrun1,input.COMMITlinks,0.00000
input.sielrun2,input.COMMITlinks,0.00000
input.sielrun3,input.COMMITlinks,0.00000
input.sielrun4,input.COMMITlinks,0.00000
input.SienaCL1B,input.COMMITlinks,0.02862
input.SienaCL31,input.COMMITlinks,0.00587
input.SienaCL342,input.COMMITlinks,0.00659
input.SienaCLbase,input.COMMITlinks,0.00465
input.simfoll,input.COMMITlinks,0.02355
input.simfollTP01,input.COMMITlinks,0.02861
input.sylesNoRes,input.COMMITlinks,0.52112
input.tfTP01,input.COMMITlinks,0.01930
input.udelIndri,input.COMMITlinks,0.02861
input.udelLucene,input.COMMITlinks,0.00000
input.UDMicroComb1,input.COMMITlinks,0.00001
input.UDMicroComb2,input.COMMITlinks,0.00090
input.UDMicroIDF,input.COMMITlinks,0.01743
input.UDMicroIDFD,input.COMMITlinks,0.00010
input.uicir1,input.COMMITlinks,0.00000
input.uicir2,input.COMMITlinks,0.00000
input.UIowaS1,input.COMMITlinks,0.00287
input.UIowaS2,input.COMMITlinks,0.00287
input.UIowaS3,input.COMMITlinks,0.00366
input.UIowaS4,input.COMMITlinks,0.00052
input.uiucsf,input.COMMITlinks,0.00000
input.uogTrLqea,input.COMMITlinks,0.00000
input.uogTrLqeabd,input.COMMITlinks,0.00000
input.uogTrLqeabdd,input.COMMITlinks,0.00000
input.uogTrUB2,input.COMMITlinks,0.00000
input.UTBase,input.COMMITlinks,0.00000
input.UTBaseRTF,input.COMMITlinks,0.00000
input.UTWngFuture,input.COMMITlinks,0.00000
input.UTWngFutureQ,input.COMMITlinks,0.00000
input.waterlooa1,input.COMMITlinks,0.62376
input.waterlooa2,input.COMMITlinks,0.24208
input.waterlooa3,input.COMMITlinks,0.54582
input.waterlooa4,input.COMMITlinks,0.67809
input.WESTfilext,input.COMMITlinks,0.00000
input.WESTfilter,input.COMMITlinks,0.00000
input.WESTrelint,input.COMMITlinks,0.00000
input.WESTrlext,input.COMMITlinks,0.00000
input.Wise2ndRun,input.COMMITlinks,0.49704
input.WiseFifthRun,input.COMMITlinks,0.07008
input.WiseFouthRun,input.COMMITlinks,0.00254
input.WiseThirdRun,input.COMMITlinks,0.49704
input.ya3,input.COMMITlinks,0.00000
input.ya4,input.COMMITlinks,0.00001
input.YNDXTPC1,input.COMMITlinks,0.00000
input.YNDXTPC2,input.COMMITlinks,0.00000
input.cyfrun2,input.cyfrun1,0.01572
input.dbpWISTUD,input.cyfrun1,0.00000
input.DFReeKLIM,input.cyfrun1,0.00000
input.DFReeKLIM30,input.cyfrun1,0.00000
input.DFReeKLIMDC,input.cyfrun1,0.00000
input.DFReeKLIMRA,input.cyfrun1,0.00000
input.dutirLmFb,input.cyfrun1,0.00000
input.dutirMixFb,input.cyfrun1,0.00000
input.dutirMixSp,input.cyfrun1,0.00000
input.dutirTfidfFb,input.cyfrun1,0.00000
input.EMAX,input.cyfrun1,0.00000
input.FASILKOM01,input.cyfrun1,0.00000
input.FASILKOM02,input.cyfrun1,0.00000
input.FASILKOM03,input.cyfrun1,0.00000
input.FASILKOM04,input.cyfrun1,0.00000
input.FDUNLP,input.cyfrun1,0.02133
input.FDUNLP2,input.cyfrun1,0.05917
input.Google1GNO,input.cyfrun1,0.00000
input.gus,input.cyfrun1,0.00003
input.gust,input.cyfrun1,0.00001
input.gustc,input.cyfrun1,0.00001
input.gut,input.cyfrun1,0.00000
input.hitWId,input.cyfrun1,0.00000
input.hitWIt,input.cyfrun1,0.00000
input.ICTNET11MBR1,input.cyfrun1,0.00001
input.ICTNET11MBR2,input.cyfrun1,0.00922
input.ICTNET11MBR3,input.cyfrun1,0.00000
input.ICTNET11MBR4,input.cyfrun1,0.00005
input.IDEAACTQE,input.cyfrun1,0.00012
input.IDEABASIC,input.cyfrun1,0.00016
input.IDEABASICACT,input.cyfrun1,0.00016
input.IDEABASICQE,input.cyfrun1,0.00010
input.ikmRun1,input.cyfrun1,0.54597
input.InL2c1,input.cyfrun1,0.00045
input.iritfd1,input.cyfrun1,0.00000
input.iritfd2,input.cyfrun1,0.00000
input.IRSIGoogle1G,input.cyfrun1,0.00000
input.IRSIGoogle2G,input.cyfrun1,0.00002
input.isiFD,input.cyfrun1,0.00000
input.isiFDL,input.cyfrun1,0.00000
input.isiFDRM,input.cyfrun1,0.00000
input.isiFDRML,input.cyfrun1,0.00000
input.kanopeRun,input.cyfrun1,0.00012
input.KAUSTBase,input.cyfrun1,0.00000
input.KAUSTExp,input.cyfrun1,0.00000
input.KAUSTExpRrnk,input.cyfrun1,0.00000
input.KAUSTRerank,input.cyfrun1,0.00000
input.LJQO10,input.cyfrun1,0.00000
input.LJQO5,input.cyfrun1,0.00000
input.LMOP10,input.cyfrun1,0.00287
input.LMOP5,input.cyfrun1,0.03457
input.LThresh,input.cyfrun1,0.00737
input.manualWISTUD,input.cyfrun1,0.00000
input.melblt,input.cyfrun1,0.00000
input.MONASH1NEW,input.cyfrun1,0.70582
input.MONASH2NEW,input.cyfrun1,0.96983
input.MorpheusRun1,input.cyfrun1,0.29060
input.mulnewWISTUD,input.cyfrun1,0.00002
input.myRun,input.cyfrun1,0.00000
input.myrun2,input.cyfrun1,0.00000
input.myrun3,input.cyfrun1,0.00000
input.Nestor,input.cyfrun1,0.01416
input.NestorS,input.cyfrun1,0.02133
input.normal,input.cyfrun1,0.00000
input.nQCRIwoTag,input.cyfrun1,0.00000
input.nQCRIwTag,input.cyfrun1,0.00000
input.omarRun,input.cyfrun1,0.00005
input.PKUICST,input.cyfrun1,0.00000
input.PKUICST2,input.cyfrun1,0.00000
input.PKUICST3,input.cyfrun1,0.00000
input.PKUICST4,input.cyfrun1,0.00000
input.PL2Bo1SDExt,input.cyfrun1,0.00366
input.PL2NoQENoDM,input.cyfrun1,0.00016
input.PL2NoQeSd,input.cyfrun1,0.00059
input.PL2NoQeSdExt,input.cyfrun1,0.00324
input.PRISrun1,input.cyfrun1,0.00000
input.PRISrun2,input.cyfrun1,0.00000
input.PRISrun3,input.cyfrun1,0.00000
input.PRISrun4,input.cyfrun1,0.00000
input.QCRIwoTagOrg,input.cyfrun1,0.00000
input.QCRIwTagOrg,input.cyfrun1,0.00000
input.qHtagBaseRun,input.cyfrun1,0.01275
input.qRefLThresh,input.cyfrun1,0.07613
input.refBalRun,input.cyfrun1,0.00059
input.refRelRun,input.cyfrun1,0.00002
input.relevanceRun,input.cyfrun1,0.00000
input.RFD,input.cyfrun1,0.00658
input.ri,input.cyfrun1,0.00000
input.rit,input.cyfrun1,0.00000
input.rit3,input.cyfrun1,0.00052
input.RMITAR,input.cyfrun1,0.04159
input.RMITM,input.cyfrun1,0.00152
input.RMITMR,input.cyfrun1,0.18663
input.RMITMRR,input.cyfrun1,0.00002
input.Rocchio,input.cyfrun1,0.01028
input.RTB,input.cyfrun1,0.00002
input.run1,input.cyfrun1,0.00000
input.run1a,input.cyfrun1,0.82077
input.run1fix,input.cyfrun1,0.00000
input.run2,input.cyfrun1,0.00000
input.run2a,input.cyfrun1,0.52123
input.run3,input.cyfrun1,0.00016
input.run3a,input.cyfrun1,0.07005
input.run4,input.cyfrun1,0.00587
input.run4a,input.cyfrun1,0.08944
input.RunAll,input.cyfrun1,0.00034
input.RunFut,input.cyfrun1,0.00134
input.runNeMIS,input.cyfrun1,0.96979
input.runNeMISext,input.cyfrun1,0.42814
input.RunPure,input.cyfrun1,0.00022
input.scurtuRun1,input.cyfrun1,0.16261
input.sielrun1,input.cyfrun1,0.36497
input.sielrun2,input.cyfrun1,0.82086
input.sielrun3,input.cyfrun1,0.96992
input.sielrun4,input.cyfrun1,0.87995
input.SienaCL1B,input.cyfrun1,0.00000
input.SienaCL31,input.cyfrun1,0.00002
input.SienaCL342,input.cyfrun1,0.00001
input.SienaCLbase,input.cyfrun1,0.00002
input.simfoll,input.cyfrun1,0.00000
input.simfollTP01,input.cyfrun1,0.00000
input.sylesNoRes,input.cyfrun1,0.00000
input.tfTP01,input.cyfrun1,0.00000
input.udelIndri,input.cyfrun1,0.00000
input.udelLucene,input.cyfrun1,0.09677
input.UDMicroComb1,input.cyfrun1,0.00921
input.UDMicroComb2,input.cyfrun1,0.00019
input.UDMicroIDF,input.cyfrun1,0.00000
input.UDMicroIDFD,input.cyfrun1,0.00152
input.uicir1,input.cyfrun1,0.01744
input.uicir2,input.cyfrun1,0.04973
input.UIowaS1,input.cyfrun1,0.00005
input.UIowaS2,input.cyfrun1,0.00005
input.UIowaS3,input.cyfrun1,0.00003
input.UIowaS4,input.cyfrun1,0.00034
input.uiucsf,input.cyfrun1,0.00000
input.uogTrLqea,input.cyfrun1,0.18652
input.uogTrLqeabd,input.cyfrun1,0.32648
input.uogTrLqeabdd,input.cyfrun1,0.45034
input.uogTrUB2,input.cyfrun1,0.54605
input.UTBase,input.cyfrun1,0.27378
input.UTBaseRTF,input.cyfrun1,0.00078
input.UTWngFuture,input.cyfrun1,0.00253
input.UTWngFutureQ,input.cyfrun1,0.36497
input.waterlooa1,input.cyfrun1,0.00000
input.waterlooa2,input.cyfrun1,0.00000
input.waterlooa3,input.cyfrun1,0.00000
input.waterlooa4,input.cyfrun1,0.00000
input.WESTfilext,input.cyfrun1,0.04549
input.WESTfilter,input.cyfrun1,0.01929
input.WESTrelint,input.cyfrun1,0.25757
input.WESTrlext,input.cyfrun1,0.25757
input.Wise2ndRun,input.cyfrun1,0.00000
input.WiseFifthRun,input.cyfrun1,0.00000
input.WiseFouthRun,input.cyfrun1,0.00005
input.WiseThirdRun,input.cyfrun1,0.00000
input.ya3,input.cyfrun1,0.11300
input.ya4,input.cyfrun1,0.00737
input.YNDXTPC1,input.cyfrun1,0.12180
input.YNDXTPC2,input.cyfrun1,0.06445
input.dbpWISTUD,input.cyfrun2,0.00000
input.DFReeKLIM,input.cyfrun2,0.00000
input.DFReeKLIM30,input.cyfrun2,0.00000
input.DFReeKLIMDC,input.cyfrun2,0.00000
input.DFReeKLIMRA,input.cyfrun2,0.00000
input.dutirLmFb,input.cyfrun2,0.00000
input.dutirMixFb,input.cyfrun2,0.00000
input.dutirMixSp,input.cyfrun2,0.00000
input.dutirTfidfFb,input.cyfrun2,0.00000
input.EMAX,input.cyfrun2,0.01274
input.FASILKOM01,input.cyfrun2,0.00000
input.FASILKOM02,input.cyfrun2,0.00000
input.FASILKOM03,input.cyfrun2,0.00000
input.FASILKOM04,input.cyfrun2,0.00000
input.FDUNLP,input.cyfrun2,0.00000
input.FDUNLP2,input.cyfrun2,0.00002
input.Google1GNO,input.cyfrun2,0.00000
input.gus,input.cyfrun2,0.00000
input.gust,input.cyfrun2,0.00000
input.gustc,input.cyfrun2,0.00000
input.gut,input.cyfrun2,0.00000
input.hitWId,input.cyfrun2,0.00000
input.hitWIt,input.cyfrun2,0.00000
input.ICTNET11MBR1,input.cyfrun2,0.00000
input.ICTNET11MBR2,input.cyfrun2,0.00000
input.ICTNET11MBR3,input.cyfrun2,0.00000
input.ICTNET11MBR4,input.cyfrun2,0.00000
input.IDEAACTQE,input.cyfrun2,0.00000
input.IDEABASIC,input.cyfrun2,0.00000
input.IDEABASICACT,input.cyfrun2,0.00000
input.IDEABASICQE,input.cyfrun2,0.00000
input.ikmRun1,input.cyfrun2,0.07004
input.InL2c1,input.cyfrun2,0.00000
input.iritfd1,input.cyfrun2,0.00000
input.iritfd2,input.cyfrun2,0.00000
input.IRSIGoogle1G,input.cyfrun2,0.00000
input.IRSIGoogle2G,input.cyfrun2,0.00000
input.isiFD,input.cyfrun2,0.00000
input.isiFDL,input.cyfrun2,0.00000
input.isiFDRM,input.cyfrun2,0.00000
input.isiFDRML,input.cyfrun2,0.00000
input.kanopeRun,input.cyfrun2,0.15159
input.KAUSTBase,input.cyfrun2,0.00000
input.KAUSTExp,input.cyfrun2,0.00000
input.KAUSTExpRrnk,input.cyfrun2,0.00000
input.KAUSTRerank,input.cyfrun2,0.00000
input.LJQO10,input.cyfrun2,0.00000
input.LJQO5,input.cyfrun2,0.00000
input.LMOP10,input.cyfrun2,0.00000
input.LMOP5,input.cyfrun2,0.00001
input.LThresh,input.cyfrun2,0.00000
input.manualWISTUD,input.cyfrun2,0.00000
input.melblt,input.cyfrun2,0.00000
input.MONASH1NEW,input.cyfrun2,0.00522
input.MONASH2NEW,input.cyfrun2,0.01742
input.MorpheusRun1,input.cyfrun2,0.17426
input.mulnewWISTUD,input.cyfrun2,0.00000
input.myRun,input.cyfrun2,0.00000
input.myrun2,input.cyfrun2,0.00000
input.myrun3,input.cyfrun2,0.00000
input.Nestor,input.cyfrun2,0.00000
input.NestorS,input.cyfrun2,0.00000
input.normal,input.cyfrun2,0.00000
input.nQCRIwoTag,input.cyfrun2,0.00000
input.nQCRIwTag,input.cyfrun2,0.00000
input.omarRun,input.cyfrun2,0.00000
input.PKUICST,input.cyfrun2,0.00000
input.PKUICST2,input.cyfrun2,0.00000
input.PKUICST3,input.cyfrun2,0.00000
input.PKUICST4,input.cyfrun2,0.00000
input.PL2Bo1SDExt,input.cyfrun2,0.62368
input.PL2NoQENoDM,input.cyfrun2,0.00000
input.PL2NoQeSd,input.cyfrun2,0.00000
input.PL2NoQeSdExt,input.cyfrun2,0.59718
input.PRISrun1,input.cyfrun2,0.00000
input.PRISrun2,input.cyfrun2,0.00000
input.PRISrun3,input.cyfrun2,0.00000
input.PRISrun4,input.cyfrun2,0.00000
input.QCRIwoTagOrg,input.cyfrun2,0.00000
input.QCRIwTagOrg,input.cyfrun2,0.00000
input.qHtagBaseRun,input.cyfrun2,0.00000
input.qRefLThresh,input.cyfrun2,0.00003
input.refBalRun,input.cyfrun2,0.00000
input.refRelRun,input.cyfrun2,0.00000
input.relevanceRun,input.cyfrun2,0.00000
input.RFD,input.cyfrun2,0.00000
input.ri,input.cyfrun2,0.00000
input.rit,input.cyfrun2,0.00000
input.rit3,input.cyfrun2,0.00000
input.RMITAR,input.cyfrun2,0.00001
input.RMITM,input.cyfrun2,0.00000
input.RMITMR,input.cyfrun2,0.00019
input.RMITMRR,input.cyfrun2,0.00000
input.Rocchio,input.cyfrun2,0.00000
input.RTB,input.cyfrun2,0.06442
input.run1,input.cyfrun2,0.00000
input.run1a,input.cyfrun2,0.02860
input.run1fix,input.cyfrun2,0.00000
input.run2,input.cyfrun2,0.00000
input.run2a,input.cyfrun2,0.00224
input.run3,input.cyfrun2,0.00000
input.run3a,input.cyfrun2,0.00002
input.run4,input.cyfrun2,0.00000
input.run4a,input.cyfrun2,0.00004
input.RunAll,input.cyfrun2,0.00000
input.RunFut,input.cyfrun2,0.00000
input.runNeMIS,input.cyfrun2,0.01743
input.runNeMISext,input.cyfrun2,0.00134
input.RunPure,input.cyfrun2,0.00000
input.scurtuRun1,input.cyfrun2,0.00014
input.sielrun1,input.cyfrun2,0.13117
input.sielrun2,input.cyfrun2,0.00824
input.sielrun3,input.cyfrun2,0.01416
input.sielrun4,input.cyfrun2,0.01027
input.SienaCL1B,input.cyfrun2,0.00000
input.SienaCL31,input.cyfrun2,0.00000
input.SienaCL342,input.cyfrun2,0.00000
input.SienaCLbase,input.cyfrun2,0.00000
input.simfoll,input.cyfrun2,0.00000
input.simfollTP01,input.cyfrun2,0.00000
input.sylesNoRes,input.cyfrun2,0.00000
input.tfTP01,input.cyfrun2,0.00000
input.udelIndri,input.cyfrun2,0.00000
input.udelLucene,input.cyfrun2,0.45041
input.UDMicroComb1,input.cyfrun2,0.00000
input.UDMicroComb2,input.cyfrun2,0.00000
input.UDMicroIDF,input.cyfrun2,0.00000
input.UDMicroIDFD,input.cyfrun2,0.00000
input.uicir1,input.cyfrun2,0.00000
input.uicir2,input.cyfrun2,0.00001
input.UIowaS1,input.cyfrun2,0.00000
input.UIowaS2,input.cyfrun2,0.00000
input.UIowaS3,input.cyfrun2,0.00000
input.UIowaS4,input.cyfrun2,0.00000
input.uiucsf,input.cyfrun2,0.01572
input.uogTrLqea,input.cyfrun2,0.00019
input.uogTrLqeabd,input.cyfrun2,0.00068
input.uogTrLqeabdd,input.cyfrun2,0.00152
input.uogTrUB2,input.cyfrun2,0.00253
input.UTBase,input.cyfrun2,0.00045
input.UTBaseRTF,input.cyfrun2,0.34544
input.UTWngFuture,input.cyfrun2,0.54590
input.UTWngFutureQ,input.cyfrun2,0.13117
input.waterlooa1,input.cyfrun2,0.00000
input.waterlooa2,input.cyfrun2,0.00000
input.waterlooa3,input.cyfrun2,0.00000
input.waterlooa4,input.cyfrun2,0.00000
input.WESTfilext,input.cyfrun2,0.00001
input.WESTfilter,input.cyfrun2,0.00000
input.WESTrelint,input.cyfrun2,0.19939
input.WESTrlext,input.cyfrun2,0.19939
input.Wise2ndRun,input.cyfrun2,0.00000
input.WiseFifthRun,input.cyfrun2,0.00000
input.WiseFouthRun,input.cyfrun2,0.00000
input.WiseThirdRun,input.cyfrun2,0.00000
input.ya3,input.cyfrun2,0.00006
input.ya4,input.cyfrun2,0.00000
input.YNDXTPC1,input.cyfrun2,0.00007
input.YNDXTPC2,input.cyfrun2,0.00002
input.DFReeKLIM,input.dbpWISTUD,0.09684
input.DFReeKLIM30,input.dbpWISTUD,0.09684
input.DFReeKLIMDC,input.dbpWISTUD,0.09684
input.DFReeKLIMRA,input.dbpWISTUD,0.30821
input.dutirLmFb,input.dbpWISTUD,0.10460
input.dutirMixFb,input.dbpWISTUD,0.12180
input.dutirMixSp,input.dbpWISTUD,0.05425
input.dutirTfidfFb,input.dbpWISTUD,0.03147
input.EMAX,input.dbpWISTUD,0.00000
input.FASILKOM01,input.dbpWISTUD,0.18658
input.FASILKOM02,input.dbpWISTUD,0.16261
input.FASILKOM03,input.dbpWISTUD,0.45031
input.FASILKOM04,input.dbpWISTUD,0.22717
input.FDUNLP,input.dbpWISTUD,0.00000
input.FDUNLP2,input.dbpWISTUD,0.00000
input.Google1GNO,input.dbpWISTUD,0.13114
input.gus,input.dbpWISTUD,0.00523
input.gust,input.dbpWISTUD,0.01027
input.gustc,input.dbpWISTUD,0.01027
input.gut,input.dbpWISTUD,0.07606
input.hitWId,input.dbpWISTUD,0.03793
input.hitWIt,input.dbpWISTUD,0.01275
input.ICTNET11MBR1,input.dbpWISTUD,0.01027
input.ICTNET11MBR2,input.dbpWISTUD,0.00001
input.ICTNET11MBR3,input.dbpWISTUD,0.02354
input.ICTNET11MBR4,input.dbpWISTUD,0.00413
input.IDEAACTQE,input.dbpWISTUD,0.00197
input.IDEABASIC,input.dbpWISTUD,0.00152
input.IDEABASICACT,input.dbpWISTUD,0.00152
input.IDEABASICQE,input.dbpWISTUD,0.00224
input.ikmRun1,input.dbpWISTUD,0.00000
input.InL2c1,input.dbpWISTUD,0.00059
input.iritfd1,input.dbpWISTUD,0.70561
input.iritfd2,input.dbpWISTUD,0.96983
input.IRSIGoogle1G,input.dbpWISTUD,0.15148
input.IRSIGoogle2G,input.dbpWISTUD,0.00825
input.isiFD,input.dbpWISTUD,0.11300
input.isiFDL,input.dbpWISTUD,0.01146
input.isiFDRM,input.dbpWISTUD,0.02133
input.isiFDRML,input.dbpWISTUD,0.00922
input.kanopeRun,input.dbpWISTUD,0.00000
input.KAUSTBase,input.dbpWISTUD,0.11297
input.KAUSTExp,input.dbpWISTUD,0.07005
input.KAUSTExpRrnk,input.dbpWISTUD,0.01929
input.KAUSTRerank,input.dbpWISTUD,0.04546
input.LJQO10,input.dbpWISTUD,0.14106
input.LJQO5,input.dbpWISTUD,0.14106
input.LMOP10,input.dbpWISTUD,0.00007
input.LMOP5,input.dbpWISTUD,0.00000
input.LThresh,input.dbpWISTUD,0.00002
input.manualWISTUD,input.dbpWISTUD,0.21308
input.melblt,input.dbpWISTUD,0.03790
input.MONASH1NEW,input.dbpWISTUD,0.00000
input.MONASH2NEW,input.dbpWISTUD,0.00000
input.MorpheusRun1,input.dbpWISTUD,0.00000
input.mulnewWISTUD,input.dbpWISTUD,0.00658
input.myRun,input.dbpWISTUD,0.19943
input.myrun2,input.dbpWISTUD,0.90968
input.myrun3,input.dbpWISTUD,0.90986
input.Nestor,input.dbpWISTUD,0.00001
input.NestorS,input.dbpWISTUD,0.00000
input.normal,input.dbpWISTUD,0.02132
input.nQCRIwoTag,input.dbpWISTUD,0.04154
input.nQCRIwTag,input.dbpWISTUD,0.07608
input.omarRun,input.dbpWISTUD,0.00413
input.PKUICST,input.dbpWISTUD,0.85039
input.PKUICST2,input.dbpWISTUD,0.59710
input.PKUICST3,input.dbpWISTUD,0.65076
input.PKUICST4,input.dbpWISTUD,0.57144
input.PL2Bo1SDExt,input.dbpWISTUD,0.00000
input.PL2NoQENoDM,input.dbpWISTUD,0.00152
input.PL2NoQeSd,input.dbpWISTUD,0.00045
input.PL2NoQeSdExt,input.dbpWISTUD,0.00000
input.PRISrun1,input.dbpWISTUD,0.00523
input.PRISrun2,input.dbpWISTUD,0.00000
input.PRISrun3,input.dbpWISTUD,0.04156
input.PRISrun4,input.dbpWISTUD,0.02132
input.QCRIwoTagOrg,input.dbpWISTUD,0.04154
input.QCRIwTagOrg,input.dbpWISTUD,0.07608
input.qHtagBaseRun,input.dbpWISTUD,0.00001
input.qRefLThresh,input.dbpWISTUD,0.00000
input.refBalRun,input.dbpWISTUD,0.00045
input.refRelRun,input.dbpWISTUD,0.00824
input.relevanceRun,input.dbpWISTUD,0.38527
input.RFD,input.dbpWISTUD,0.00002
input.ri,input.dbpWISTUD,0.11296
input.rit,input.dbpWISTUD,0.07007
input.rit3,input.dbpWISTUD,0.00052
input.RMITAR,input.dbpWISTUD,0.00000
input.RMITM,input.dbpWISTUD,0.00016
input.RMITMR,input.dbpWISTUD,0.00000
input.RMITMRR,input.dbpWISTUD,0.00737
input.Rocchio,input.dbpWISTUD,0.00001
input.RTB,input.dbpWISTUD,0.00000
input.run1,input.dbpWISTUD,0.34533
input.run1a,input.dbpWISTUD,0.00000
input.run1fix,input.dbpWISTUD,0.87977
input.run2,input.dbpWISTUD,0.67805
input.run2a,input.dbpWISTUD,0.00000
input.run3,input.dbpWISTUD,0.00152
input.run3a,input.dbpWISTUD,0.00000
input.run4,input.dbpWISTUD,0.00003
input.run4a,input.dbpWISTUD,0.00000
input.RunAll,input.dbpWISTUD,0.00078
input.RunFut,input.dbpWISTUD,0.00019
input.runNeMIS,input.dbpWISTUD,0.00000
input.runNeMISext,input.dbpWISTUD,0.00000
input.RunPure,input.dbpWISTUD,0.00117
input.scurtuRun1,input.dbpWISTUD,0.00000
input.sielrun1,input.dbpWISTUD,0.00000
input.sielrun2,input.dbpWISTUD,0.00000
input.sielrun3,input.dbpWISTUD,0.00000
input.sielrun4,input.dbpWISTUD,0.00000
input.SienaCL1B,input.dbpWISTUD,0.03792
input.SienaCL31,input.dbpWISTUD,0.00824
input.SienaCL342,input.dbpWISTUD,0.00921
input.SienaCLbase,input.dbpWISTUD,0.00658
input.simfoll,input.dbpWISTUD,0.03145
input.simfollTP01,input.dbpWISTUD,0.03791
input.sylesNoRes,input.dbpWISTUD,0.59706
input.tfTP01,input.dbpWISTUD,0.02596
input.udelIndri,input.dbpWISTUD,0.03791
input.udelLucene,input.dbpWISTUD,0.00000
input.UDMicroComb1,input.dbpWISTUD,0.00001
input.UDMicroComb2,input.dbpWISTUD,0.00134
input.UDMicroIDF,input.dbpWISTUD,0.02355
input.UDMicroIDFD,input.dbpWISTUD,0.00016
input.uicir1,input.dbpWISTUD,0.00000
input.uicir2,input.dbpWISTUD,0.00000
input.UIowaS1,input.dbpWISTUD,0.00413
input.UIowaS2,input.dbpWISTUD,0.00413
input.UIowaS3,input.dbpWISTUD,0.00523
input.UIowaS4,input.dbpWISTUD,0.00078
input.uiucsf,input.dbpWISTUD,0.00000
input.uogTrLqea,input.dbpWISTUD,0.00000
input.uogTrLqeabd,input.dbpWISTUD,0.00000
input.uogTrLqeabdd,input.dbpWISTUD,0.00000
input.uogTrUB2,input.dbpWISTUD,0.00000
input.UTBase,input.dbpWISTUD,0.00000
input.UTBaseRTF,input.dbpWISTUD,0.00000
input.UTWngFuture,input.dbpWISTUD,0.00000
input.UTWngFutureQ,input.dbpWISTUD,0.00000
input.waterlooa1,input.dbpWISTUD,0.70578
input.waterlooa2,input.dbpWISTUD,0.29060
input.waterlooa3,input.dbpWISTUD,0.47336
input.waterlooa4,input.dbpWISTUD,0.76260
input.WESTfilext,input.dbpWISTUD,0.00000
input.WESTfilter,input.dbpWISTUD,0.00000
input.WESTrelint,input.dbpWISTUD,0.00000
input.WESTrlext,input.dbpWISTUD,0.00000
input.Wise2ndRun,input.dbpWISTUD,0.57128
input.WiseFifthRun,input.dbpWISTUD,0.08943
input.WiseFouthRun,input.dbpWISTUD,0.00366
input.WiseThirdRun,input.dbpWISTUD,0.57128
input.ya3,input.dbpWISTUD,0.00000
input.ya4,input.dbpWISTUD,0.00002
input.YNDXTPC1,input.dbpWISTUD,0.00000
input.YNDXTPC2,input.dbpWISTUD,0.00000
input.DFReeKLIM30,input.DFReeKLIM,1.00000
input.DFReeKLIMDC,input.DFReeKLIM,1.00000
input.DFReeKLIMRA,input.DFReeKLIM,0.52127
input.dutirLmFb,input.DFReeKLIM,0.00103
input.dutirMixFb,input.DFReeKLIM,0.00134
input.dutirMixSp,input.DFReeKLIM,0.00034
input.dutirTfidfFb,input.DFReeKLIM,0.00014
input.EMAX,input.DFReeKLIM,0.00000
input.FASILKOM01,input.DFReeKLIM,0.73415
input.FASILKOM02,input.DFReeKLIM,0.79176
input.FASILKOM03,input.DFReeKLIM,0.36521
input.FASILKOM04,input.DFReeKLIM,0.65076
input.FDUNLP,input.DFReeKLIM,0.00000
input.FDUNLP2,input.DFReeKLIM,0.00000
input.Google1GNO,input.DFReeKLIM,0.00152
input.gus,input.DFReeKLIM,0.00001
input.gust,input.DFReeKLIM,0.00002
input.gustc,input.DFReeKLIM,0.00002
input.gut,input.DFReeKLIM,0.00059
input.hitWId,input.DFReeKLIM,0.67797
input.hitWIt,input.DFReeKLIM,0.40633
input.ICTNET11MBR1,input.DFReeKLIM,0.00002
input.ICTNET11MBR2,input.DFReeKLIM,0.00000
input.ICTNET11MBR3,input.DFReeKLIM,0.00009
input.ICTNET11MBR4,input.DFReeKLIM,0.00001
input.IDEAACTQE,input.DFReeKLIM,0.00000
input.IDEABASIC,input.DFReeKLIM,0.00000
input.IDEABASICACT,input.DFReeKLIM,0.00000
input.IDEABASICQE,input.DFReeKLIM,0.00000
input.ikmRun1,input.DFReeKLIM,0.00000
input.InL2c1,input.DFReeKLIM,0.00000
input.iritfd1,input.DFReeKLIM,0.04154
input.iritfd2,input.DFReeKLIM,0.08947
input.IRSIGoogle1G,input.DFReeKLIM,0.00197
input.IRSIGoogle2G,input.DFReeKLIM,0.00002
input.isiFD,input.DFReeKLIM,0.93980
input.isiFDL,input.DFReeKLIM,0.38536
input.isiFDRM,input.DFReeKLIM,0.52112
input.isiFDRML,input.DFReeKLIM,0.34538
input.kanopeRun,input.DFReeKLIM,0.00000
input.KAUSTBase,input.DFReeKLIM,0.00117
input.KAUSTExp,input.DFReeKLIM,0.00052
input.KAUSTExpRrnk,input.DFReeKLIM,0.00006
input.KAUSTRerank,input.DFReeKLIM,0.00025
input.LJQO10,input.DFReeKLIM,0.00173
input.LJQO5,input.DFReeKLIM,0.00173
input.LMOP10,input.DFReeKLIM,0.00000
input.LMOP5,input.DFReeKLIM,0.00000
input.LThresh,input.DFReeKLIM,0.00000
input.manualWISTUD,input.DFReeKLIM,0.67797
input.melblt,input.DFReeKLIM,0.00019
input.MONASH1NEW,input.DFReeKLIM,0.00000
input.MONASH2NEW,input.DFReeKLIM,0.00000
input.MorpheusRun1,input.DFReeKLIM,0.00000
input.mulnewWISTUD,input.DFReeKLIM,0.00001
input.myRun,input.DFReeKLIM,0.00324
input.myrun2,input.DFReeKLIM,0.12188
input.myrun3,input.DFReeKLIM,0.07613
input.Nestor,input.DFReeKLIM,0.00000
input.NestorS,input.DFReeKLIM,0.00000
input.normal,input.DFReeKLIM,0.00007
input.nQCRIwoTag,input.DFReeKLIM,0.00022
input.nQCRIwTag,input.DFReeKLIM,0.00059
input.omarRun,input.DFReeKLIM,0.00001
input.PKUICST,input.DFReeKLIM,0.14109
input.PKUICST2,input.DFReeKLIM,0.02860
input.PKUICST3,input.DFReeKLIM,0.22717
input.PKUICST4,input.DFReeKLIM,0.27376
input.PL2Bo1SDExt,input.DFReeKLIM,0.00000
input.PL2NoQENoDM,input.DFReeKLIM,0.00000
input.PL2NoQeSd,input.DFReeKLIM,0.00000
input.PL2NoQeSdExt,input.DFReeKLIM,0.00000
input.PRISrun1,input.DFReeKLIM,0.25752
input.PRISrun2,input.DFReeKLIM,0.00366
input.PRISrun3,input.DFReeKLIM,0.70582
input.PRISrun4,input.DFReeKLIM,0.00007
input.QCRIwoTagOrg,input.DFReeKLIM,0.00022
input.QCRIwTagOrg,input.DFReeKLIM,0.00059
input.qHtagBaseRun,input.DFReeKLIM,0.00000
input.qRefLThresh,input.DFReeKLIM,0.00000
input.refBalRun,input.DFReeKLIM,0.00000
input.refRelRun,input.DFReeKLIM,0.00002
input.relevanceRun,input.DFReeKLIM,0.01145
input.RFD,input.DFReeKLIM,0.00000
input.ri,input.DFReeKLIM,0.93994
input.rit,input.DFReeKLIM,0.00052
input.rit3,input.DFReeKLIM,0.00000
input.RMITAR,input.DFReeKLIM,0.00000
input.RMITM,input.DFReeKLIM,0.00000
input.RMITMR,input.DFReeKLIM,0.00000
input.RMITMRR,input.DFReeKLIM,0.00001
input.Rocchio,input.DFReeKLIM,0.00000
input.RTB,input.DFReeKLIM,0.00000
input.run1,input.DFReeKLIM,0.00921
input.run1a,input.DFReeKLIM,0.00000
input.run1fix,input.DFReeKLIM,0.07004
input.run2,input.DFReeKLIM,0.21304
input.run2a,input.DFReeKLIM,0.00000
input.run3,input.DFReeKLIM,0.00000
input.run3a,input.DFReeKLIM,0.00000
input.run4,input.DFReeKLIM,0.00000
input.run4a,input.DFReeKLIM,0.00000
input.RunAll,input.DFReeKLIM,0.00000
input.RunFut,input.DFReeKLIM,0.00000
input.runNeMIS,input.DFReeKLIM,0.00000
input.runNeMISext,input.DFReeKLIM,0.00000
input.RunPure,input.DFReeKLIM,0.00000
input.scurtuRun1,input.DFReeKLIM,0.00000
input.sielrun1,input.DFReeKLIM,0.00000
input.sielrun2,input.DFReeKLIM,0.00000
input.sielrun3,input.DFReeKLIM,0.00000
input.sielrun4,input.DFReeKLIM,0.00000
input.SienaCL1B,input.DFReeKLIM,0.00019
input.SienaCL31,input.DFReeKLIM,0.00002
input.SienaCL342,input.DFReeKLIM,0.00002
input.SienaCLbase,input.DFReeKLIM,0.00001
input.simfoll,input.DFReeKLIM,0.00014
input.simfollTP01,input.DFReeKLIM,0.00019
input.sylesNoRes,input.DFReeKLIM,0.02860
input.tfTP01,input.DFReeKLIM,0.00010
input.udelIndri,input.DFReeKLIM,0.00019
input.udelLucene,input.DFReeKLIM,0.00000
input.UDMicroComb1,input.DFReeKLIM,0.00000
input.UDMicroComb2,input.DFReeKLIM,0.00000
input.UDMicroIDF,input.DFReeKLIM,0.00009
input.UDMicroIDFD,input.DFReeKLIM,0.00000
input.uicir1,input.DFReeKLIM,0.00000
input.uicir2,input.DFReeKLIM,0.00000
input.UIowaS1,input.DFReeKLIM,0.00001
input.UIowaS2,input.DFReeKLIM,0.00001
input.UIowaS3,input.DFReeKLIM,0.00001
input.UIowaS4,input.DFReeKLIM,0.00000
input.uiucsf,input.DFReeKLIM,0.00000
input.uogTrLqea,input.DFReeKLIM,0.00000
input.uogTrLqeabd,input.DFReeKLIM,0.00000
input.uogTrLqeabdd,input.DFReeKLIM,0.00000
input.uogTrUB2,input.DFReeKLIM,0.00000
input.UTBase,input.DFReeKLIM,0.00000
input.UTBaseRTF,input.DFReeKLIM,0.00000
input.UTWngFuture,input.DFReeKLIM,0.00000
input.UTWngFutureQ,input.DFReeKLIM,0.00000
input.waterlooa1,input.DFReeKLIM,0.04156
input.waterlooa2,input.DFReeKLIM,0.00658
input.waterlooa3,input.DFReeKLIM,0.34550
input.waterlooa4,input.DFReeKLIM,0.04971
input.WESTfilext,input.DFReeKLIM,0.00000
input.WESTfilter,input.DFReeKLIM,0.00000
input.WESTrelint,input.DFReeKLIM,0.00000
input.WESTrlext,input.DFReeKLIM,0.00000
input.Wise2ndRun,input.DFReeKLIM,0.02598
input.WiseFifthRun,input.DFReeKLIM,0.00078
input.WiseFouthRun,input.DFReeKLIM,0.00000
input.WiseThirdRun,input.DFReeKLIM,0.02598
input.ya3,input.DFReeKLIM,0.00000
input.ya4,input.DFReeKLIM,0.00000
input.YNDXTPC1,input.DFReeKLIM,0.00000
input.YNDXTPC2,input.DFReeKLIM,0.00000
input.DFReeKLIMDC,input.DFReeKLIM30,1.00000
input.DFReeKLIMRA,input.DFReeKLIM30,0.52127
input.dutirLmFb,input.DFReeKLIM30,0.00103
input.dutirMixFb,input.DFReeKLIM30,0.00134
input.dutirMixSp,input.DFReeKLIM30,0.00034
input.dutirTfidfFb,input.DFReeKLIM30,0.00014
input.EMAX,input.DFReeKLIM30,0.00000
input.FASILKOM01,input.DFReeKLIM30,0.73415
input.FASILKOM02,input.DFReeKLIM30,0.79176
input.FASILKOM03,input.DFReeKLIM30,0.36521
input.FASILKOM04,input.DFReeKLIM30,0.65076
input.FDUNLP,input.DFReeKLIM30,0.00000
input.FDUNLP2,input.DFReeKLIM30,0.00000
input.Google1GNO,input.DFReeKLIM30,0.00152
input.gus,input.DFReeKLIM30,0.00001
input.gust,input.DFReeKLIM30,0.00002
input.gustc,input.DFReeKLIM30,0.00002
input.gut,input.DFReeKLIM30,0.00059
input.hitWId,input.DFReeKLIM30,0.67797
input.hitWIt,input.DFReeKLIM30,0.40633
input.ICTNET11MBR1,input.DFReeKLIM30,0.00002
input.ICTNET11MBR2,input.DFReeKLIM30,0.00000
input.ICTNET11MBR3,input.DFReeKLIM30,0.00009
input.ICTNET11MBR4,input.DFReeKLIM30,0.00001
input.IDEAACTQE,input.DFReeKLIM30,0.00000
input.IDEABASIC,input.DFReeKLIM30,0.00000
input.IDEABASICACT,input.DFReeKLIM30,0.00000
input.IDEABASICQE,input.DFReeKLIM30,0.00000
input.ikmRun1,input.DFReeKLIM30,0.00000
input.InL2c1,input.DFReeKLIM30,0.00000
input.iritfd1,input.DFReeKLIM30,0.04154
input.iritfd2,input.DFReeKLIM30,0.08947
input.IRSIGoogle1G,input.DFReeKLIM30,0.00197
input.IRSIGoogle2G,input.DFReeKLIM30,0.00002
input.isiFD,input.DFReeKLIM30,0.93980
input.isiFDL,input.DFReeKLIM30,0.38536
input.isiFDRM,input.DFReeKLIM30,0.52112
input.isiFDRML,input.DFReeKLIM30,0.34538
input.kanopeRun,input.DFReeKLIM30,0.00000
input.KAUSTBase,input.DFReeKLIM30,0.00117
input.KAUSTExp,input.DFReeKLIM30,0.00052
input.KAUSTExpRrnk,input.DFReeKLIM30,0.00006
input.KAUSTRerank,input.DFReeKLIM30,0.00025
input.LJQO10,input.DFReeKLIM30,0.00173
input.LJQO5,input.DFReeKLIM30,0.00173
input.LMOP10,input.DFReeKLIM30,0.00000
input.LMOP5,input.DFReeKLIM30,0.00000
input.LThresh,input.DFReeKLIM30,0.00000
input.manualWISTUD,input.DFReeKLIM30,0.67797
input.melblt,input.DFReeKLIM30,0.00019
input.MONASH1NEW,input.DFReeKLIM30,0.00000
input.MONASH2NEW,input.DFReeKLIM30,0.00000
input.MorpheusRun1,input.DFReeKLIM30,0.00000
input.mulnewWISTUD,input.DFReeKLIM30,0.00001
input.myRun,input.DFReeKLIM30,0.00324
input.myrun2,input.DFReeKLIM30,0.12188
input.myrun3,input.DFReeKLIM30,0.07613
input.Nestor,input.DFReeKLIM30,0.00000
input.NestorS,input.DFReeKLIM30,0.00000
input.normal,input.DFReeKLIM30,0.00007
input.nQCRIwoTag,input.DFReeKLIM30,0.00022
input.nQCRIwTag,input.DFReeKLIM30,0.00059
input.omarRun,input.DFReeKLIM30,0.00001
input.PKUICST,input.DFReeKLIM30,0.14109
input.PKUICST2,input.DFReeKLIM30,0.02860
input.PKUICST3,input.DFReeKLIM30,0.22717
input.PKUICST4,input.DFReeKLIM30,0.27376
input.PL2Bo1SDExt,input.DFReeKLIM30,0.00000
input.PL2NoQENoDM,input.DFReeKLIM30,0.00000
input.PL2NoQeSd,input.DFReeKLIM30,0.00000
input.PL2NoQeSdExt,input.DFReeKLIM30,0.00000
input.PRISrun1,input.DFReeKLIM30,0.25752
input.PRISrun2,input.DFReeKLIM30,0.00366
input.PRISrun3,input.DFReeKLIM30,0.70582
input.PRISrun4,input.DFReeKLIM30,0.00007
input.QCRIwoTagOrg,input.DFReeKLIM30,0.00022
input.QCRIwTagOrg,input.DFReeKLIM30,0.00059
input.qHtagBaseRun,input.DFReeKLIM30,0.00000
input.qRefLThresh,input.DFReeKLIM30,0.00000
input.refBalRun,input.DFReeKLIM30,0.00000
input.refRelRun,input.DFReeKLIM30,0.00002
input.relevanceRun,input.DFReeKLIM30,0.01145
input.RFD,input.DFReeKLIM30,0.00000
input.ri,input.DFReeKLIM30,0.93994
input.rit,input.DFReeKLIM30,0.00052
input.rit3,input.DFReeKLIM30,0.00000
input.RMITAR,input.DFReeKLIM30,0.00000
input.RMITM,input.DFReeKLIM30,0.00000
input.RMITMR,input.DFReeKLIM30,0.00000
input.RMITMRR,input.DFReeKLIM30,0.00001
input.Rocchio,input.DFReeKLIM30,0.00000
input.RTB,input.DFReeKLIM30,0.00000
input.run1,input.DFReeKLIM30,0.00921
input.run1a,input.DFReeKLIM30,0.00000
input.run1fix,input.DFReeKLIM30,0.07004
input.run2,input.DFReeKLIM30,0.21304
input.run2a,input.DFReeKLIM30,0.00000
input.run3,input.DFReeKLIM30,0.00000
input.run3a,input.DFReeKLIM30,0.00000
input.run4,input.DFReeKLIM30,0.00000
input.run4a,input.DFReeKLIM30,0.00000
input.RunAll,input.DFReeKLIM30,0.00000
input.RunFut,input.DFReeKLIM30,0.00000
input.runNeMIS,input.DFReeKLIM30,0.00000
input.runNeMISext,input.DFReeKLIM30,0.00000
input.RunPure,input.DFReeKLIM30,0.00000
input.scurtuRun1,input.DFReeKLIM30,0.00000
input.sielrun1,input.DFReeKLIM30,0.00000
input.sielrun2,input.DFReeKLIM30,0.00000
input.sielrun3,input.DFReeKLIM30,0.00000
input.sielrun4,input.DFReeKLIM30,0.00000
input.SienaCL1B,input.DFReeKLIM30,0.00019
input.SienaCL31,input.DFReeKLIM30,0.00002
input.SienaCL342,input.DFReeKLIM30,0.00002
input.SienaCLbase,input.DFReeKLIM30,0.00001
input.simfoll,input.DFReeKLIM30,0.00014
input.simfollTP01,input.DFReeKLIM30,0.00019
input.sylesNoRes,input.DFReeKLIM30,0.02860
input.tfTP01,input.DFReeKLIM30,0.00010
input.udelIndri,input.DFReeKLIM30,0.00019
input.udelLucene,input.DFReeKLIM30,0.00000
input.UDMicroComb1,input.DFReeKLIM30,0.00000
input.UDMicroComb2,input.DFReeKLIM30,0.00000
input.UDMicroIDF,input.DFReeKLIM30,0.00009
input.UDMicroIDFD,input.DFReeKLIM30,0.00000
input.uicir1,input.DFReeKLIM30,0.00000
input.uicir2,input.DFReeKLIM30,0.00000
input.UIowaS1,input.DFReeKLIM30,0.00001
input.UIowaS2,input.DFReeKLIM30,0.00001
input.UIowaS3,input.DFReeKLIM30,0.00001
input.UIowaS4,input.DFReeKLIM30,0.00000
input.uiucsf,input.DFReeKLIM30,0.00000
input.uogTrLqea,input.DFReeKLIM30,0.00000
input.uogTrLqeabd,input.DFReeKLIM30,0.00000
input.uogTrLqeabdd,input.DFReeKLIM30,0.00000
input.uogTrUB2,input.DFReeKLIM30,0.00000
input.UTBase,input.DFReeKLIM30,0.00000
input.UTBaseRTF,input.DFReeKLIM30,0.00000
input.UTWngFuture,input.DFReeKLIM30,0.00000
input.UTWngFutureQ,input.DFReeKLIM30,0.00000
input.waterlooa1,input.DFReeKLIM30,0.04156
input.waterlooa2,input.DFReeKLIM30,0.00658
input.waterlooa3,input.DFReeKLIM30,0.34550
input.waterlooa4,input.DFReeKLIM30,0.04971
input.WESTfilext,input.DFReeKLIM30,0.00000
input.WESTfilter,input.DFReeKLIM30,0.00000
input.WESTrelint,input.DFReeKLIM30,0.00000
input.WESTrlext,input.DFReeKLIM30,0.00000
input.Wise2ndRun,input.DFReeKLIM30,0.02598
input.WiseFifthRun,input.DFReeKLIM30,0.00078
input.WiseFouthRun,input.DFReeKLIM30,0.00000
input.WiseThirdRun,input.DFReeKLIM30,0.02598
input.ya3,input.DFReeKLIM30,0.00000
input.ya4,input.DFReeKLIM30,0.00000
input.YNDXTPC1,input.DFReeKLIM30,0.00000
input.YNDXTPC2,input.DFReeKLIM30,0.00000
input.DFReeKLIMRA,input.DFReeKLIMDC,0.52127
input.dutirLmFb,input.DFReeKLIMDC,0.00103
input.dutirMixFb,input.DFReeKLIMDC,0.00134
input.dutirMixSp,input.DFReeKLIMDC,0.00034
input.dutirTfidfFb,input.DFReeKLIMDC,0.00014
input.EMAX,input.DFReeKLIMDC,0.00000
input.FASILKOM01,input.DFReeKLIMDC,0.73415
input.FASILKOM02,input.DFReeKLIMDC,0.79176
input.FASILKOM03,input.DFReeKLIMDC,0.36521
input.FASILKOM04,input.DFReeKLIMDC,0.65076
input.FDUNLP,input.DFReeKLIMDC,0.00000
input.FDUNLP2,input.DFReeKLIMDC,0.00000
input.Google1GNO,input.DFReeKLIMDC,0.00152
input.gus,input.DFReeKLIMDC,0.00001
input.gust,input.DFReeKLIMDC,0.00002
input.gustc,input.DFReeKLIMDC,0.00002
input.gut,input.DFReeKLIMDC,0.00059
input.hitWId,input.DFReeKLIMDC,0.67797
input.hitWIt,input.DFReeKLIMDC,0.40633
input.ICTNET11MBR1,input.DFReeKLIMDC,0.00002
input.ICTNET11MBR2,input.DFReeKLIMDC,0.00000
input.ICTNET11MBR3,input.DFReeKLIMDC,0.00009
input.ICTNET11MBR4,input.DFReeKLIMDC,0.00001
input.IDEAACTQE,input.DFReeKLIMDC,0.00000
input.IDEABASIC,input.DFReeKLIMDC,0.00000
input.IDEABASICACT,input.DFReeKLIMDC,0.00000
input.IDEABASICQE,input.DFReeKLIMDC,0.00000
input.ikmRun1,input.DFReeKLIMDC,0.00000
input.InL2c1,input.DFReeKLIMDC,0.00000
input.iritfd1,input.DFReeKLIMDC,0.04154
input.iritfd2,input.DFReeKLIMDC,0.08947
input.IRSIGoogle1G,input.DFReeKLIMDC,0.00197
input.IRSIGoogle2G,input.DFReeKLIMDC,0.00002
input.isiFD,input.DFReeKLIMDC,0.93980
input.isiFDL,input.DFReeKLIMDC,0.38536
input.isiFDRM,input.DFReeKLIMDC,0.52112
input.isiFDRML,input.DFReeKLIMDC,0.34538
input.kanopeRun,input.DFReeKLIMDC,0.00000
input.KAUSTBase,input.DFReeKLIMDC,0.00117
input.KAUSTExp,input.DFReeKLIMDC,0.00052
input.KAUSTExpRrnk,input.DFReeKLIMDC,0.00006
input.KAUSTRerank,input.DFReeKLIMDC,0.00025
input.LJQO10,input.DFReeKLIMDC,0.00173
input.LJQO5,input.DFReeKLIMDC,0.00173
input.LMOP10,input.DFReeKLIMDC,0.00000
input.LMOP5,input.DFReeKLIMDC,0.00000
input.LThresh,input.DFReeKLIMDC,0.00000
input.manualWISTUD,input.DFReeKLIMDC,0.67797
input.melblt,input.DFReeKLIMDC,0.00019
input.MONASH1NEW,input.DFReeKLIMDC,0.00000
input.MONASH2NEW,input.DFReeKLIMDC,0.00000
input.MorpheusRun1,input.DFReeKLIMDC,0.00000
input.mulnewWISTUD,input.DFReeKLIMDC,0.00001
input.myRun,input.DFReeKLIMDC,0.00324
input.myrun2,input.DFReeKLIMDC,0.12188
input.myrun3,input.DFReeKLIMDC,0.07613
input.Nestor,input.DFReeKLIMDC,0.00000
input.NestorS,input.DFReeKLIMDC,0.00000
input.normal,input.DFReeKLIMDC,0.00007
input.nQCRIwoTag,input.DFReeKLIMDC,0.00022
input.nQCRIwTag,input.DFReeKLIMDC,0.00059
input.omarRun,input.DFReeKLIMDC,0.00001
input.PKUICST,input.DFReeKLIMDC,0.14109
input.PKUICST2,input.DFReeKLIMDC,0.02860
input.PKUICST3,input.DFReeKLIMDC,0.22717
input.PKUICST4,input.DFReeKLIMDC,0.27376
input.PL2Bo1SDExt,input.DFReeKLIMDC,0.00000
input.PL2NoQENoDM,input.DFReeKLIMDC,0.00000
input.PL2NoQeSd,input.DFReeKLIMDC,0.00000
input.PL2NoQeSdExt,input.DFReeKLIMDC,0.00000
input.PRISrun1,input.DFReeKLIMDC,0.25752
input.PRISrun2,input.DFReeKLIMDC,0.00366
input.PRISrun3,input.DFReeKLIMDC,0.70582
input.PRISrun4,input.DFReeKLIMDC,0.00007
input.QCRIwoTagOrg,input.DFReeKLIMDC,0.00022
input.QCRIwTagOrg,input.DFReeKLIMDC,0.00059
input.qHtagBaseRun,input.DFReeKLIMDC,0.00000
input.qRefLThresh,input.DFReeKLIMDC,0.00000
input.refBalRun,input.DFReeKLIMDC,0.00000
input.refRelRun,input.DFReeKLIMDC,0.00002
input.relevanceRun,input.DFReeKLIMDC,0.01145
input.RFD,input.DFReeKLIMDC,0.00000
input.ri,input.DFReeKLIMDC,0.93994
input.rit,input.DFReeKLIMDC,0.00052
input.rit3,input.DFReeKLIMDC,0.00000
input.RMITAR,input.DFReeKLIMDC,0.00000
input.RMITM,input.DFReeKLIMDC,0.00000
input.RMITMR,input.DFReeKLIMDC,0.00000
input.RMITMRR,input.DFReeKLIMDC,0.00001
input.Rocchio,input.DFReeKLIMDC,0.00000
input.RTB,input.DFReeKLIMDC,0.00000
input.run1,input.DFReeKLIMDC,0.00921
input.run1a,input.DFReeKLIMDC,0.00000
input.run1fix,input.DFReeKLIMDC,0.07004
input.run2,input.DFReeKLIMDC,0.21304
input.run2a,input.DFReeKLIMDC,0.00000
input.run3,input.DFReeKLIMDC,0.00000
input.run3a,input.DFReeKLIMDC,0.00000
input.run4,input.DFReeKLIMDC,0.00000
input.run4a,input.DFReeKLIMDC,0.00000
input.RunAll,input.DFReeKLIMDC,0.00000
input.RunFut,input.DFReeKLIMDC,0.00000
input.runNeMIS,input.DFReeKLIMDC,0.00000
input.runNeMISext,input.DFReeKLIMDC,0.00000
input.RunPure,input.DFReeKLIMDC,0.00000
input.scurtuRun1,input.DFReeKLIMDC,0.00000
input.sielrun1,input.DFReeKLIMDC,0.00000
input.sielrun2,input.DFReeKLIMDC,0.00000
input.sielrun3,input.DFReeKLIMDC,0.00000
input.sielrun4,input.DFReeKLIMDC,0.00000
input.SienaCL1B,input.DFReeKLIMDC,0.00019
input.SienaCL31,input.DFReeKLIMDC,0.00002
input.SienaCL342,input.DFReeKLIMDC,0.00002
input.SienaCLbase,input.DFReeKLIMDC,0.00001
input.simfoll,input.DFReeKLIMDC,0.00014
input.simfollTP01,input.DFReeKLIMDC,0.00019
input.sylesNoRes,input.DFReeKLIMDC,0.02860
input.tfTP01,input.DFReeKLIMDC,0.00010
input.udelIndri,input.DFReeKLIMDC,0.00019
input.udelLucene,input.DFReeKLIMDC,0.00000
input.UDMicroComb1,input.DFReeKLIMDC,0.00000
input.UDMicroComb2,input.DFReeKLIMDC,0.00000
input.UDMicroIDF,input.DFReeKLIMDC,0.00009
input.UDMicroIDFD,input.DFReeKLIMDC,0.00000
input.uicir1,input.DFReeKLIMDC,0.00000
input.uicir2,input.DFReeKLIMDC,0.00000
input.UIowaS1,input.DFReeKLIMDC,0.00001
input.UIowaS2,input.DFReeKLIMDC,0.00001
input.UIowaS3,input.DFReeKLIMDC,0.00001
input.UIowaS4,input.DFReeKLIMDC,0.00000
input.uiucsf,input.DFReeKLIMDC,0.00000
input.uogTrLqea,input.DFReeKLIMDC,0.00000
input.uogTrLqeabd,input.DFReeKLIMDC,0.00000
input.uogTrLqeabdd,input.DFReeKLIMDC,0.00000
input.uogTrUB2,input.DFReeKLIMDC,0.00000
input.UTBase,input.DFReeKLIMDC,0.00000
input.UTBaseRTF,input.DFReeKLIMDC,0.00000
input.UTWngFuture,input.DFReeKLIMDC,0.00000
input.UTWngFutureQ,input.DFReeKLIMDC,0.00000
input.waterlooa1,input.DFReeKLIMDC,0.04156
input.waterlooa2,input.DFReeKLIMDC,0.00658
input.waterlooa3,input.DFReeKLIMDC,0.34550
input.waterlooa4,input.DFReeKLIMDC,0.04971
input.WESTfilext,input.DFReeKLIMDC,0.00000
input.WESTfilter,input.DFReeKLIMDC,0.00000
input.WESTrelint,input.DFReeKLIMDC,0.00000
input.WESTrlext,input.DFReeKLIMDC,0.00000
input.Wise2ndRun,input.DFReeKLIMDC,0.02598
input.WiseFifthRun,input.DFReeKLIMDC,0.00078
input.WiseFouthRun,input.DFReeKLIMDC,0.00000
input.WiseThirdRun,input.DFReeKLIMDC,0.02598
input.ya3,input.DFReeKLIMDC,0.00000
input.ya4,input.DFReeKLIMDC,0.00000
input.YNDXTPC1,input.DFReeKLIMDC,0.00000
input.YNDXTPC2,input.DFReeKLIMDC,0.00000
input.dutirLmFb,input.DFReeKLIMRA,0.00824
input.dutirMixFb,input.DFReeKLIMRA,0.01028
input.dutirMixSp,input.DFReeKLIMRA,0.00324
input.dutirTfidfFb,input.DFReeKLIMRA,0.00152
input.EMAX,input.DFReeKLIMRA,0.00000
input.FASILKOM01,input.DFReeKLIMRA,0.76281
input.FASILKOM02,input.DFReeKLIMRA,0.70590
input.FASILKOM03,input.DFReeKLIMRA,0.79171
input.FASILKOM04,input.DFReeKLIMRA,0.85034
input.FDUNLP,input.DFReeKLIMRA,0.00000
input.FDUNLP2,input.DFReeKLIMRA,0.00000
input.Google1GNO,input.DFReeKLIMRA,0.01145
input.gus,input.DFReeKLIMRA,0.00014
input.gust,input.DFReeKLIMRA,0.00034
input.gustc,input.DFReeKLIMRA,0.00034
input.gut,input.DFReeKLIMRA,0.00522
input.hitWId,input.DFReeKLIMRA,0.29068
input.hitWIt,input.DFReeKLIMRA,0.14109
input.ICTNET11MBR1,input.DFReeKLIMRA,0.00034
input.ICTNET11MBR2,input.DFReeKLIMRA,0.00000
input.ICTNET11MBR3,input.DFReeKLIMRA,0.00103
input.ICTNET11MBR4,input.DFReeKLIMRA,0.00010
input.IDEAACTQE,input.DFReeKLIMRA,0.00004
input.IDEABASIC,input.DFReeKLIMRA,0.00003
input.IDEABASICACT,input.DFReeKLIMRA,0.00003
input.IDEABASICQE,input.DFReeKLIMRA,0.00005
input.ikmRun1,input.DFReeKLIMRA,0.00000
input.InL2c1,input.DFReeKLIMRA,0.00001
input.iritfd1,input.DFReeKLIMRA,0.16249
input.iritfd2,input.DFReeKLIMRA,0.29060
input.IRSIGoogle1G,input.DFReeKLIMRA,0.01415
input.IRSIGoogle2G,input.DFReeKLIMRA,0.00025
input.isiFD,input.DFReeKLIMRA,0.57148
input.isiFDL,input.DFReeKLIMRA,0.13118
input.isiFDRM,input.DFReeKLIMRA,0.19949
input.isiFDRML,input.DFReeKLIMRA,0.11297
input.kanopeRun,input.DFReeKLIMRA,0.00000
input.KAUSTBase,input.DFReeKLIMRA,0.00922
input.KAUSTExp,input.DFReeKLIMRA,0.00465
input.KAUSTExpRrnk,input.DFReeKLIMRA,0.00078
input.KAUSTRerank,input.DFReeKLIMRA,0.00253
input.LJQO10,input.DFReeKLIMRA,0.01274
input.LJQO5,input.DFReeKLIMRA,0.01274
input.LMOP10,input.DFReeKLIMRA,0.00000
input.LMOP5,input.DFReeKLIMRA,0.00000
input.LThresh,input.DFReeKLIMRA,0.00000
input.manualWISTUD,input.DFReeKLIMRA,0.82108
input.melblt,input.DFReeKLIMRA,0.00197
input.MONASH1NEW,input.DFReeKLIMRA,0.00000
input.MONASH2NEW,input.DFReeKLIMRA,0.00000
input.MorpheusRun1,input.DFReeKLIMRA,0.00000
input.mulnewWISTUD,input.DFReeKLIMRA,0.00019
input.myRun,input.DFReeKLIMRA,0.02133
input.myrun2,input.DFReeKLIMRA,0.36518
input.myrun3,input.DFReeKLIMRA,0.25755
input.Nestor,input.DFReeKLIMRA,0.00000
input.NestorS,input.DFReeKLIMRA,0.00000
input.normal,input.DFReeKLIMRA,0.00090
input.nQCRIwoTag,input.DFReeKLIMRA,0.00224
input.nQCRIwTag,input.DFReeKLIMRA,0.00522
input.omarRun,input.DFReeKLIMRA,0.00010
input.PKUICST,input.DFReeKLIMRA,0.40633
input.PKUICST2,input.DFReeKLIMRA,0.12173
input.PKUICST3,input.DFReeKLIMRA,0.57121
input.PKUICST4,input.DFReeKLIMRA,0.65051
input.PL2Bo1SDExt,input.DFReeKLIMRA,0.00000
input.PL2NoQENoDM,input.DFReeKLIMRA,0.00003
input.PL2NoQeSd,input.DFReeKLIMRA,0.00001
input.PL2NoQeSdExt,input.DFReeKLIMRA,0.00000
input.PRISrun1,input.DFReeKLIMRA,0.07612
input.PRISrun2,input.DFReeKLIMRA,0.00039
input.PRISrun3,input.DFReeKLIMRA,0.30826
input.PRISrun4,input.DFReeKLIMRA,0.00090
input.QCRIwoTagOrg,input.DFReeKLIMRA,0.00224
input.QCRIwTagOrg,input.DFReeKLIMRA,0.00522
input.qHtagBaseRun,input.DFReeKLIMRA,0.00000
input.qRefLThresh,input.DFReeKLIMRA,0.00000
input.refBalRun,input.DFReeKLIMRA,0.00001
input.refRelRun,input.DFReeKLIMRA,0.00025
input.relevanceRun,input.DFReeKLIMRA,0.05913
input.RFD,input.DFReeKLIMRA,0.00000
input.ri,input.DFReeKLIMRA,0.57136
input.rit,input.DFReeKLIMRA,0.00465
input.rit3,input.DFReeKLIMRA,0.00001
input.RMITAR,input.DFReeKLIMRA,0.00000
input.RMITM,input.DFReeKLIMRA,0.00000
input.RMITMR,input.DFReeKLIMRA,0.00000
input.RMITMRR,input.DFReeKLIMRA,0.00022
input.Rocchio,input.DFReeKLIMRA,0.00000
input.RTB,input.DFReeKLIMRA,0.00000
input.run1,input.DFReeKLIMRA,0.04968
input.run1a,input.DFReeKLIMRA,0.00000
input.run1fix,input.DFReeKLIMRA,0.24190
input.run2,input.DFReeKLIMRA,0.54593
input.run2a,input.DFReeKLIMRA,0.00000
input.run3,input.DFReeKLIMRA,0.00003
input.run3a,input.DFReeKLIMRA,0.00000
input.run4,input.DFReeKLIMRA,0.00000
input.run4a,input.DFReeKLIMRA,0.00000
input.RunAll,input.DFReeKLIMRA,0.00001
input.RunFut,input.DFReeKLIMRA,0.00000
input.runNeMIS,input.DFReeKLIMRA,0.00000
input.runNeMISext,input.DFReeKLIMRA,0.00000
input.RunPure,input.DFReeKLIMRA,0.00002
input.scurtuRun1,input.DFReeKLIMRA,0.00000
input.sielrun1,input.DFReeKLIMRA,0.00000
input.sielrun2,input.DFReeKLIMRA,0.00000
input.sielrun3,input.DFReeKLIMRA,0.00000
input.sielrun4,input.DFReeKLIMRA,0.00000
input.SienaCL1B,input.DFReeKLIMRA,0.00197
input.SienaCL31,input.DFReeKLIMRA,0.00025
input.SienaCL342,input.DFReeKLIMRA,0.00029
input.SienaCLbase,input.DFReeKLIMRA,0.00019
input.simfoll,input.DFReeKLIMRA,0.00152
input.simfollTP01,input.DFReeKLIMRA,0.00197
input.sylesNoRes,input.DFReeKLIMRA,0.12171
input.tfTP01,input.DFReeKLIMRA,0.00117
input.udelIndri,input.DFReeKLIMRA,0.00197
input.udelLucene,input.DFReeKLIMRA,0.00000
input.UDMicroComb1,input.DFReeKLIMRA,0.00000
input.UDMicroComb2,input.DFReeKLIMRA,0.00002
input.UDMicroIDF,input.DFReeKLIMRA,0.00103
input.UDMicroIDFD,input.DFReeKLIMRA,0.00000
input.uicir1,input.DFReeKLIMRA,0.00000
input.uicir2,input.DFReeKLIMRA,0.00000
input.UIowaS1,input.DFReeKLIMRA,0.00010
input.UIowaS2,input.DFReeKLIMRA,0.00010
input.UIowaS3,input.DFReeKLIMRA,0.00014
input.UIowaS4,input.DFReeKLIMRA,0.00001
input.uiucsf,input.DFReeKLIMRA,0.00000
input.uogTrLqea,input.DFReeKLIMRA,0.00000
input.uogTrLqeabd,input.DFReeKLIMRA,0.00000
input.uogTrLqeabdd,input.DFReeKLIMRA,0.00000
input.uogTrUB2,input.DFReeKLIMRA,0.00000
input.UTBase,input.DFReeKLIMRA,0.00000
input.UTBaseRTF,input.DFReeKLIMRA,0.00000
input.UTWngFuture,input.DFReeKLIMRA,0.00000
input.UTWngFutureQ,input.DFReeKLIMRA,0.00000
input.waterlooa1,input.DFReeKLIMRA,0.16256
input.waterlooa2,input.DFReeKLIMRA,0.03791
input.waterlooa3,input.DFReeKLIMRA,0.76268
input.waterlooa4,input.DFReeKLIMRA,0.18648
input.WESTfilext,input.DFReeKLIMRA,0.00000
input.WESTfilter,input.DFReeKLIMRA,0.00000
input.WESTrelint,input.DFReeKLIMRA,0.00000
input.WESTrlext,input.DFReeKLIMRA,0.00000
input.Wise2ndRun,input.DFReeKLIMRA,0.11293
input.WiseFifthRun,input.DFReeKLIMRA,0.00658
input.WiseFouthRun,input.DFReeKLIMRA,0.00009
input.WiseThirdRun,input.DFReeKLIMRA,0.11293
input.ya3,input.DFReeKLIMRA,0.00000
input.ya4,input.DFReeKLIMRA,0.00000
input.YNDXTPC1,input.DFReeKLIMRA,0.00000
input.YNDXTPC2,input.DFReeKLIMRA,0.00000
input.dutirMixFb,input.dutirLmFb,0.93967
input.dutirMixSp,input.dutirLmFb,0.76277
input.dutirTfidfFb,input.dutirLmFb,0.59738
input.EMAX,input.dutirLmFb,0.00000
input.FASILKOM01,input.dutirLmFb,0.00324
input.FASILKOM02,input.dutirLmFb,0.00253
input.FASILKOM03,input.dutirLmFb,0.01741
input.FASILKOM04,input.dutirLmFb,0.00465
input.FDUNLP,input.dutirLmFb,0.00253
input.FDUNLP2,input.dutirLmFb,0.00059
input.Google1GNO,input.dutirLmFb,0.90977
input.gus,input.dutirLmFb,0.24211
input.gust,input.dutirLmFb,0.34541
input.gustc,input.dutirLmFb,0.34541
input.gut,input.dutirLmFb,0.87995
input.hitWId,input.dutirLmFb,0.00022
input.hitWIt,input.dutirLmFb,0.00004
input.ICTNET11MBR1,input.dutirLmFb,0.34541
input.ICTNET11MBR2,input.dutirLmFb,0.00658
input.ICTNET11MBR3,input.dutirLmFb,0.52116
input.ICTNET11MBR4,input.dutirLmFb,0.21297
input.IDEAACTQE,input.dutirLmFb,0.14104
input.IDEABASIC,input.dutirLmFb,0.12178
input.IDEABASICACT,input.dutirLmFb,0.12178
input.IDEABASICQE,input.dutirLmFb,0.15154
input.ikmRun1,input.dutirLmFb,0.00000
input.InL2c1,input.dutirLmFb,0.07008
input.iritfd1,input.dutirLmFb,0.21306
input.iritfd2,input.dutirLmFb,0.11293
input.IRSIGoogle1G,input.dutirLmFb,0.85039
input.IRSIGoogle2G,input.dutirLmFb,0.30826
input.isiFD,input.dutirLmFb,0.00134
input.isiFDL,input.dutirLmFb,0.00003
input.isiFDRM,input.dutirLmFb,0.00009
input.isiFDRML,input.dutirLmFb,0.00002
input.kanopeRun,input.dutirLmFb,0.00000
input.KAUSTBase,input.dutirLmFb,0.96970
input.KAUSTExp,input.dutirLmFb,0.85039
input.KAUSTExpRrnk,input.dutirLmFb,0.47339
input.KAUSTRerank,input.dutirLmFb,0.70590
input.LJQO10,input.dutirLmFb,0.87990
input.LJQO5,input.dutirLmFb,0.87990
input.LMOP10,input.dutirLmFb,0.01929
input.LMOP5,input.dutirLmFb,0.00134
input.LThresh,input.dutirLmFb,0.00825
input.manualWISTUD,input.dutirLmFb,0.00413
input.melblt,input.dutirLmFb,0.65059
input.MONASH1NEW,input.dutirLmFb,0.00000
input.MONASH2NEW,input.dutirLmFb,0.00000
input.MorpheusRun1,input.dutirLmFb,0.00000
input.mulnewWISTUD,input.dutirLmFb,0.27376
input.myRun,input.dutirLmFb,0.73403
input.myrun2,input.dutirLmFb,0.08249
input.myrun3,input.dutirLmFb,0.13111
input.Nestor,input.dutirLmFb,0.00413
input.NestorS,input.dutirLmFb,0.00254
input.normal,input.dutirLmFb,0.49690
input.nQCRIwoTag,input.dutirLmFb,0.67805
input.nQCRIwTag,input.dutirLmFb,0.88004
input.omarRun,input.dutirLmFb,0.21302
input.PKUICST,input.dutirLmFb,0.07005
input.PKUICST2,input.dutirLmFb,0.27378
input.PKUICST3,input.dutirLmFb,0.03792
input.PKUICST4,input.dutirLmFb,0.02860
input.PL2Bo1SDExt,input.dutirLmFb,0.00000
input.PL2NoQENoDM,input.dutirLmFb,0.12182
input.PL2NoQeSd,input.dutirLmFb,0.05918
input.PL2NoQeSdExt,input.dutirLmFb,0.00000
input.PRISrun1,input.dutirLmFb,0.00001
input.PRISrun2,input.dutirLmFb,0.00000
input.PRISrun3,input.dutirLmFb,0.00025
input.PRISrun4,input.dutirLmFb,0.49697
input.QCRIwoTagOrg,input.dutirLmFb,0.67805
input.QCRIwTagOrg,input.dutirLmFb,0.88004
input.qHtagBaseRun,input.dutirLmFb,0.00465
input.qRefLThresh,input.dutirLmFb,0.00039
input.refBalRun,input.dutirLmFb,0.05916
input.refRelRun,input.dutirLmFb,0.30813
input.relevanceRun,input.dutirLmFb,0.45041
input.RFD,input.dutirLmFb,0.00922
input.ri,input.dutirLmFb,0.00134
input.rit,input.dutirLmFb,0.85047
input.rit3,input.dutirLmFb,0.06442
input.RMITAR,input.dutirLmFb,0.00102
input.RMITM,input.dutirLmFb,0.03146
input.RMITMR,input.dutirLmFb,0.00006
input.RMITMRR,input.dutirLmFb,0.29060
input.Rocchio,input.dutirLmFb,0.00587
input.RTB,input.dutirLmFb,0.00000
input.run1,input.dutirLmFb,0.49697
input.run1a,input.dutirLmFb,0.00000
input.run1fix,input.dutirLmFb,0.14110
input.run2,input.dutirLmFb,0.04154
input.run2a,input.dutirLmFb,0.00000
input.run3,input.dutirLmFb,0.12176
input.run3a,input.dutirLmFb,0.00045
input.run4,input.dutirLmFb,0.01028
input.run4a,input.dutirLmFb,0.00029
input.RunAll,input.dutirLmFb,0.08254
input.RunFut,input.dutirLmFb,0.03456
input.runNeMIS,input.dutirLmFb,0.00000
input.runNeMISext,input.dutirLmFb,0.00001
input.RunPure,input.dutirLmFb,0.10462
input.scurtuRun1,input.dutirLmFb,0.00009
input.sielrun1,input.dutirLmFb,0.00000
input.sielrun2,input.dutirLmFb,0.00000
input.sielrun3,input.dutirLmFb,0.00000
input.sielrun4,input.dutirLmFb,0.00000
input.SienaCL1B,input.dutirLmFb,0.65071
input.SienaCL31,input.dutirLmFb,0.30821
input.SienaCL342,input.dutirLmFb,0.32651
input.SienaCLbase,input.dutirLmFb,0.27378
input.simfoll,input.dutirLmFb,0.59722
input.simfollTP01,input.dutirLmFb,0.65067
input.sylesNoRes,input.dutirLmFb,0.27381
input.tfTP01,input.dutirLmFb,0.54597
input.udelIndri,input.dutirLmFb,0.65063
input.udelLucene,input.dutirLmFb,0.00000
input.UDMicroComb1,input.dutirLmFb,0.00659
input.UDMicroComb2,input.dutirLmFb,0.11298
input.UDMicroIDF,input.dutirLmFb,0.52119
input.UDMicroIDFD,input.dutirLmFb,0.03147
input.uicir1,input.dutirLmFb,0.00324
input.uicir2,input.dutirLmFb,0.00078
input.UIowaS1,input.dutirLmFb,0.21310
input.UIowaS2,input.dutirLmFb,0.21304
input.UIowaS3,input.dutirLmFb,0.24211
input.UIowaS4,input.dutirLmFb,0.08260
input.uiucsf,input.dutirLmFb,0.00000
input.uogTrLqea,input.dutirLmFb,0.00006
input.uogTrLqeabd,input.dutirLmFb,0.00001
input.uogTrLqeabdd,input.dutirLmFb,0.00000
input.uogTrUB2,input.dutirLmFb,0.00000
input.UTBase,input.dutirLmFb,0.00002
input.UTBaseRTF,input.dutirLmFb,0.00000
input.UTWngFuture,input.dutirLmFb,0.00000
input.UTWngFutureQ,input.dutirLmFb,0.00000
input.waterlooa1,input.dutirLmFb,0.21297
input.waterlooa2,input.dutirLmFb,0.57128
input.waterlooa3,input.dutirLmFb,0.01928
input.waterlooa4,input.dutirLmFb,0.18654
input.WESTfilext,input.dutirLmFb,0.00090
input.WESTfilter,input.dutirLmFb,0.00287
input.WESTrelint,input.dutirLmFb,0.00000
input.WESTrlext,input.dutirLmFb,0.00000
input.Wise2ndRun,input.dutirLmFb,0.29060
input.WiseFifthRun,input.dutirLmFb,0.93985
input.WiseFouthRun,input.dutirLmFb,0.19945
input.WiseThirdRun,input.dutirLmFb,0.29060
input.ya3,input.dutirLmFb,0.00019
input.ya4,input.dutirLmFb,0.00825
input.YNDXTPC1,input.dutirLmFb,0.00016
input.YNDXTPC2,input.dutirLmFb,0.00052
input.dutirMixSp,input.dutirMixFb,0.70578
input.dutirTfidfFb,input.dutirMixFb,0.54593
input.EMAX,input.dutirMixFb,0.00000
input.FASILKOM01,input.dutirMixFb,0.00413
input.FASILKOM02,input.dutirMixFb,0.00324
input.FASILKOM03,input.dutirMixFb,0.02133
input.FASILKOM04,input.dutirMixFb,0.00587
input.FDUNLP,input.dutirMixFb,0.00197
input.FDUNLP2,input.dutirMixFb,0.00045
input.Google1GNO,input.dutirMixFb,0.96997
input.gus,input.dutirMixFb,0.21297
input.gust,input.dutirMixFb,0.30810
input.gustc,input.dutirMixFb,0.30810
input.gut,input.dutirMixFb,0.82064
input.hitWId,input.dutirMixFb,0.00029
input.hitWIt,input.dutirMixFb,0.00005
input.ICTNET11MBR1,input.dutirMixFb,0.30810
input.ICTNET11MBR2,input.dutirMixFb,0.00522
input.ICTNET11MBR3,input.dutirMixFb,0.47322
input.ICTNET11MBR4,input.dutirMixFb,0.18646
input.IDEAACTQE,input.dutirMixFb,0.12171
input.IDEABASIC,input.dutirMixFb,0.10459
input.IDEABASICACT,input.dutirMixFb,0.10459
input.IDEABASICQE,input.dutirMixFb,0.13109
input.ikmRun1,input.dutirMixFb,0.00000
input.InL2c1,input.dutirMixFb,0.05915
input.iritfd1,input.dutirMixFb,0.24220
input.iritfd2,input.dutirMixFb,0.13118
input.IRSIGoogle1G,input.dutirMixFb,0.91008
input.IRSIGoogle2G,input.dutirMixFb,0.27371
input.isiFD,input.dutirMixFb,0.00174
input.isiFDL,input.dutirMixFb,0.00005
input.isiFDRM,input.dutirMixFb,0.00012
input.isiFDRML,input.dutirMixFb,0.00003
input.kanopeRun,input.dutirMixFb,0.00000
input.KAUSTBase,input.dutirMixFb,0.96992
input.KAUSTExp,input.dutirMixFb,0.79154
input.KAUSTExpRrnk,input.dutirMixFb,0.42798
input.KAUSTRerank,input.dutirMixFb,0.65051
input.LJQO10,input.dutirMixFb,0.93989
input.LJQO5,input.dutirMixFb,0.93989
input.LMOP10,input.dutirMixFb,0.01571
input.LMOP5,input.dutirMixFb,0.00103
input.LThresh,input.dutirMixFb,0.00658
input.manualWISTUD,input.dutirMixFb,0.00523
input.melblt,input.dutirMixFb,0.59706
input.MONASH1NEW,input.dutirMixFb,0.00000
input.MONASH2NEW,input.dutirMixFb,0.00000
input.MorpheusRun1,input.dutirMixFb,0.00000
input.mulnewWISTUD,input.dutirMixFb,0.24195
input.myRun,input.dutirMixFb,0.79171
input.myrun2,input.dutirMixFb,0.09677
input.myrun3,input.dutirMixFb,0.15156
input.Nestor,input.dutirMixFb,0.00324
input.NestorS,input.dutirMixFb,0.00197
input.normal,input.dutirMixFb,0.45021
input.nQCRIwoTag,input.dutirMixFb,0.62356
input.nQCRIwTag,input.dutirMixFb,0.82073
input.omarRun,input.dutirMixFb,0.18650
input.PKUICST,input.dutirMixFb,0.08258
input.PKUICST2,input.dutirMixFb,0.30834
input.PKUICST3,input.dutirMixFb,0.04550
input.PKUICST4,input.dutirMixFb,0.03458
input.PL2Bo1SDExt,input.dutirMixFb,0.00000
input.PL2NoQENoDM,input.dutirMixFb,0.10462
input.PL2NoQeSd,input.dutirMixFb,0.04970
input.PL2NoQeSdExt,input.dutirMixFb,0.00000
input.PRISrun1,input.dutirMixFb,0.00001
input.PRISrun2,input.dutirMixFb,0.00000
input.PRISrun3,input.dutirMixFb,0.00034
input.PRISrun4,input.dutirMixFb,0.45028
input.QCRIwoTagOrg,input.dutirMixFb,0.62356
input.QCRIwTagOrg,input.dutirMixFb,0.82073
input.qHtagBaseRun,input.dutirMixFb,0.00366
input.qRefLThresh,input.dutirMixFb,0.00029
input.refBalRun,input.dutirMixFb,0.04968
input.refRelRun,input.dutirMixFb,0.27358
input.relevanceRun,input.dutirMixFb,0.49711
input.RFD,input.dutirMixFb,0.00737
input.ri,input.dutirMixFb,0.00173
input.rit,input.dutirMixFb,0.79163
input.rit3,input.dutirMixFb,0.05424
input.RMITAR,input.dutirMixFb,0.00078
input.RMITM,input.dutirMixFb,0.02595
input.RMITMR,input.dutirMixFb,0.00005
input.RMITMRR,input.dutirMixFb,0.25743
input.Rocchio,input.dutirMixFb,0.00464
input.RTB,input.dutirMixFb,0.00000
input.run1,input.dutirMixFb,0.54612
input.run1a,input.dutirMixFb,0.00000
input.run1fix,input.dutirMixFb,0.16271
input.run2,input.dutirMixFb,0.04972
input.run2a,input.dutirMixFb,0.00000
input.run3,input.dutirMixFb,0.10456
input.run3a,input.dutirMixFb,0.00034
input.run4,input.dutirMixFb,0.00824
input.run4a,input.dutirMixFb,0.00022
input.RunAll,input.dutirMixFb,0.07001
input.RunFut,input.dutirMixFb,0.02858
input.runNeMIS,input.dutirMixFb,0.00000
input.runNeMISext,input.dutirMixFb,0.00000
input.RunPure,input.dutirMixFb,0.08941
input.scurtuRun1,input.dutirMixFb,0.00006
input.sielrun1,input.dutirMixFb,0.00000
input.sielrun2,input.dutirMixFb,0.00000
input.sielrun3,input.dutirMixFb,0.00000
input.sielrun4,input.dutirMixFb,0.00000
input.SienaCL1B,input.dutirMixFb,0.59718
input.SienaCL31,input.dutirMixFb,0.27366
input.SienaCL342,input.dutirMixFb,0.29058
input.SienaCLbase,input.dutirMixFb,0.24197
input.simfoll,input.dutirMixFb,0.54578
input.simfollTP01,input.dutirMixFb,0.59714
input.sylesNoRes,input.dutirMixFb,0.30837
input.tfTP01,input.dutirMixFb,0.49682
input.udelIndri,input.dutirMixFb,0.59710
input.udelLucene,input.dutirMixFb,0.00000
input.UDMicroComb1,input.dutirMixFb,0.00523
input.UDMicroComb2,input.dutirMixFb,0.09679
input.UDMicroIDF,input.dutirMixFb,0.47325
input.UDMicroIDFD,input.dutirMixFb,0.02596
input.uicir1,input.dutirMixFb,0.00253
input.uicir2,input.dutirMixFb,0.00059
input.UIowaS1,input.dutirMixFb,0.18658
input.UIowaS2,input.dutirMixFb,0.18652
input.UIowaS3,input.dutirMixFb,0.21297
input.UIowaS4,input.dutirMixFb,0.07007
input.uiucsf,input.dutirMixFb,0.00000
input.uogTrLqea,input.dutirMixFb,0.00005
input.uogTrLqeabd,input.dutirMixFb,0.00001
input.uogTrLqeabdd,input.dutirMixFb,0.00000
input.uogTrUB2,input.dutirMixFb,0.00000
input.UTBase,input.dutirMixFb,0.00002
input.UTBaseRTF,input.dutirMixFb,0.00000
input.UTWngFuture,input.dutirMixFb,0.00000
input.UTWngFutureQ,input.dutirMixFb,0.00000
input.waterlooa1,input.dutirMixFb,0.24211
input.waterlooa2,input.dutirMixFb,0.62380
input.waterlooa3,input.dutirMixFb,0.02356
input.waterlooa4,input.dutirMixFb,0.21306
input.WESTfilext,input.dutirMixFb,0.00068
input.WESTfilter,input.dutirMixFb,0.00224
input.WESTrelint,input.dutirMixFb,0.00000
input.WESTrlext,input.dutirMixFb,0.00000
input.Wise2ndRun,input.dutirMixFb,0.32654
input.WiseFifthRun,input.dutirMixFb,0.87986
input.WiseFouthRun,input.dutirMixFb,0.17420
input.WiseThirdRun,input.dutirMixFb,0.32654
input.ya3,input.dutirMixFb,0.00014
input.ya4,input.dutirMixFb,0.00658
input.YNDXTPC1,input.dutirMixFb,0.00012
input.YNDXTPC2,input.dutirMixFb,0.00039
input.dutirTfidfFb,input.dutirMixSp,0.82095
input.EMAX,input.dutirMixSp,0.00000
input.FASILKOM01,input.dutirMixSp,0.00117
input.FASILKOM02,input.dutirMixSp,0.00090
input.FASILKOM03,input.dutirMixSp,0.00737
input.FASILKOM04,input.dutirMixSp,0.00173
input.FDUNLP,input.dutirMixSp,0.00658
input.FDUNLP2,input.dutirMixSp,0.00173
input.Google1GNO,input.dutirMixSp,0.67801
input.gus,input.dutirMixSp,0.38545
input.gust,input.dutirMixSp,0.52108
input.gustc,input.dutirMixSp,0.52108
input.gut,input.dutirMixSp,0.88013
input.hitWId,input.dutirMixSp,0.00006
input.hitWIt,input.dutirMixSp,0.00001
input.ICTNET11MBR1,input.dutirMixSp,0.52108
input.ICTNET11MBR2,input.dutirMixSp,0.01572
input.ICTNET11MBR3,input.dutirMixSp,0.73407
input.ICTNET11MBR4,input.dutirMixSp,0.34538
input.IDEAACTQE,input.dutirMixSp,0.24197
input.IDEABASIC,input.dutirMixSp,0.21295
input.IDEABASICACT,input.dutirMixSp,0.21295
input.IDEABASICQE,input.dutirMixSp,0.25752
input.ikmRun1,input.dutirMixSp,0.00000
input.InL2c1,input.dutirMixSp,0.13115
input.iritfd1,input.dutirMixSp,0.12185
input.iritfd2,input.dutirMixSp,0.05916
input.IRSIGoogle1G,input.dutirMixSp,0.62380
input.IRSIGoogle2G,input.dutirMixSp,0.47336
input.isiFD,input.dutirMixSp,0.00045
input.isiFDL,input.dutirMixSp,0.00001
input.isiFDRM,input.dutirMixSp,0.00002
input.isiFDRML,input.dutirMixSp,0.00001
input.kanopeRun,input.dutirMixSp,0.00000
input.KAUSTBase,input.dutirMixSp,0.73398
input.KAUSTExp,input.dutirMixSp,0.90986
input.KAUSTExpRrnk,input.dutirMixSp,0.67805
input.KAUSTRerank,input.dutirMixSp,0.93980
input.LJQO10,input.dutirMixSp,0.65059
input.LJQO5,input.dutirMixSp,0.65059
input.LMOP10,input.dutirMixSp,0.04155
input.LMOP5,input.dutirMixSp,0.00366
input.LThresh,input.dutirMixSp,0.01929
input.manualWISTUD,input.dutirMixSp,0.00152
input.melblt,input.dutirMixSp,0.87990
input.MONASH1NEW,input.dutirMixSp,0.00000
input.MONASH2NEW,input.dutirMixSp,0.00000
input.MorpheusRun1,input.dutirMixSp,0.00000
input.mulnewWISTUD,input.dutirMixSp,0.42801
input.myRun,input.dutirMixSp,0.52112
input.myrun2,input.dutirMixSp,0.04152
input.myrun3,input.dutirMixSp,0.07005
input.Nestor,input.dutirMixSp,0.01028
input.NestorS,input.dutirMixSp,0.00658
input.normal,input.dutirMixSp,0.70578
input.nQCRIwoTag,input.dutirMixSp,0.90981
input.nQCRIwTag,input.dutirMixSp,0.88004
input.omarRun,input.dutirMixSp,0.34544
input.PKUICST,input.dutirMixSp,0.03456
input.PKUICST2,input.dutirMixSp,0.16264
input.PKUICST3,input.dutirMixSp,0.01743
input.PKUICST4,input.dutirMixSp,0.01275
input.PL2Bo1SDExt,input.dutirMixSp,0.00000
input.PL2NoQENoDM,input.dutirMixSp,0.21302
input.PL2NoQeSd,input.dutirMixSp,0.11296
input.PL2NoQeSdExt,input.dutirMixSp,0.00000
input.PRISrun1,input.dutirMixSp,0.00000
input.PRISrun2,input.dutirMixSp,0.00000
input.PRISrun3,input.dutirMixSp,0.00007
input.PRISrun4,input.dutirMixSp,0.70586
input.QCRIwoTagOrg,input.dutirMixSp,0.90981
input.QCRIwTagOrg,input.dutirMixSp,0.88004
input.qHtagBaseRun,input.dutirMixSp,0.01145
input.qRefLThresh,input.dutirMixSp,0.00117
input.refBalRun,input.dutirMixSp,0.11293
input.refRelRun,input.dutirMixSp,0.47318
input.relevanceRun,input.dutirMixSp,0.29070
input.RFD,input.dutirMixSp,0.02133
input.ri,input.dutirMixSp,0.00045
input.rit,input.dutirMixSp,0.90977
input.rit3,input.dutirMixSp,0.12177
input.RMITAR,input.dutirMixSp,0.00287
input.RMITM,input.dutirMixSp,0.06440
input.RMITMR,input.dutirMixSp,0.00022
input.RMITMRR,input.dutirMixSp,0.45028
input.Rocchio,input.dutirMixSp,0.01416
input.RTB,input.dutirMixSp,0.00000
input.run1,input.dutirMixSp,0.32654
input.run1a,input.dutirMixSp,0.00000
input.run1fix,input.dutirMixSp,0.07614
input.run2,input.dutirMixSp,0.01929
input.run2a,input.dutirMixSp,0.00001
input.run3,input.dutirMixSp,0.21291
input.run3a,input.dutirMixSp,0.00134
input.run4,input.dutirMixSp,0.02355
input.run4a,input.dutirMixSp,0.00090
input.RunAll,input.dutirMixSp,0.15149
input.RunFut,input.dutirMixSp,0.07004
input.runNeMIS,input.dutirMixSp,0.00000
input.runNeMISext,input.dutirMixSp,0.00002
input.RunPure,input.dutirMixSp,0.18650
input.scurtuRun1,input.dutirMixSp,0.00029
input.sielrun1,input.dutirMixSp,0.00000
input.sielrun2,input.dutirMixSp,0.00000
input.sielrun3,input.dutirMixSp,0.00000
input.sielrun4,input.dutirMixSp,0.00000
input.SienaCL1B,input.dutirMixSp,0.88004
input.SienaCL31,input.dutirMixSp,0.47329
input.SienaCL342,input.dutirMixSp,0.49693
input.SienaCLbase,input.dutirMixSp,0.42804
input.simfoll,input.dutirMixSp,0.82077
input.simfollTP01,input.dutirMixSp,0.87999
input.sylesNoRes,input.dutirMixSp,0.16266
input.tfTP01,input.dutirMixSp,0.76268
input.udelIndri,input.dutirMixSp,0.87995
input.udelLucene,input.dutirMixSp,0.00000
input.UDMicroComb1,input.dutirMixSp,0.01572
input.UDMicroComb2,input.dutirMixSp,0.19947
input.UDMicroIDF,input.dutirMixSp,0.73411
input.UDMicroIDFD,input.dutirMixSp,0.06442
input.uicir1,input.dutirMixSp,0.00824
input.uicir2,input.dutirMixSp,0.00224
input.UIowaS1,input.dutirMixSp,0.34556
input.UIowaS2,input.dutirMixSp,0.34547
input.UIowaS3,input.dutirMixSp,0.38545
input.UIowaS4,input.dutirMixSp,0.15159
input.uiucsf,input.dutirMixSp,0.00000
input.uogTrLqea,input.dutirMixSp,0.00022
input.uogTrLqeabd,input.dutirMixSp,0.00005
input.uogTrLqeabdd,input.dutirMixSp,0.00002
input.uogTrUB2,input.dutirMixSp,0.00001
input.UTBase,input.dutirMixSp,0.00009
input.UTBaseRTF,input.dutirMixSp,0.00000
input.UTWngFuture,input.dutirMixSp,0.00000
input.UTWngFutureQ,input.dutirMixSp,0.00000
input.waterlooa1,input.dutirMixSp,0.12180
input.waterlooa2,input.dutirMixSp,0.38539
input.waterlooa3,input.dutirMixSp,0.00825
input.waterlooa4,input.dutirMixSp,0.10465
input.WESTfilext,input.dutirMixSp,0.00253
input.WESTfilter,input.dutirMixSp,0.00737
input.WESTrelint,input.dutirMixSp,0.00000
input.WESTrlext,input.dutirMixSp,0.00000
input.Wise2ndRun,input.dutirMixSp,0.17426
input.WiseFifthRun,input.dutirMixSp,0.82090
input.WiseFouthRun,input.dutirMixSp,0.32645
input.WiseThirdRun,input.dutirMixSp,0.17426
input.ya3,input.dutirMixSp,0.00059
input.ya4,input.dutirMixSp,0.01929
input.YNDXTPC1,input.dutirMixSp,0.00052
input.YNDXTPC2,input.dutirMixSp,0.00152
input.EMAX,input.dutirTfidfFb,0.00000
input.FASILKOM01,input.dutirTfidfFb,0.00052
input.FASILKOM02,input.dutirTfidfFb,0.00039
input.FASILKOM03,input.dutirTfidfFb,0.00366
input.FASILKOM04,input.dutirTfidfFb,0.00078
input.FDUNLP,input.dutirTfidfFb,0.01274
input.FDUNLP2,input.dutirTfidfFb,0.00366
input.Google1GNO,input.dutirTfidfFb,0.52119
input.gus,input.dutirTfidfFb,0.52116
input.gust,input.dutirTfidfFb,0.67789
input.gustc,input.dutirTfidfFb,0.67789
input.gut,input.dutirTfidfFb,0.70607
input.hitWId,input.dutirTfidfFb,0.00002
input.hitWIt,input.dutirTfidfFb,0.00000
input.ICTNET11MBR1,input.dutirTfidfFb,0.67789
input.ICTNET11MBR2,input.dutirTfidfFb,0.02859
input.ICTNET11MBR3,input.dutirTfidfFb,0.90972
input.ICTNET11MBR4,input.dutirTfidfFb,0.47322
input.IDEAACTQE,input.dutirTfidfFb,0.34530
input.IDEABASIC,input.dutirTfidfFb,0.30813
input.IDEABASICACT,input.dutirTfidfFb,0.30813
input.IDEABASICQE,input.dutirTfidfFb,0.36497
input.ikmRun1,input.dutirTfidfFb,0.00000
input.InL2c1,input.dutirTfidfFb,0.19941
input.iritfd1,input.dutirTfidfFb,0.07617
input.iritfd2,input.dutirTfidfFb,0.03457
input.IRSIGoogle1G,input.dutirTfidfFb,0.47350
input.IRSIGoogle2G,input.dutirTfidfFb,0.62364
input.isiFD,input.dutirTfidfFb,0.00019
input.isiFDL,input.dutirTfidfFb,0.00000
input.isiFDRM,input.dutirTfidfFb,0.00001
input.isiFDRML,input.dutirTfidfFb,0.00000
input.kanopeRun,input.dutirTfidfFb,0.00000
input.KAUSTBase,input.dutirTfidfFb,0.57128
input.KAUSTExp,input.dutirTfidfFb,0.73420
input.KAUSTExpRrnk,input.dutirTfidfFb,0.85025
input.KAUSTRerank,input.dutirTfidfFb,0.88013
input.LJQO10,input.dutirTfidfFb,0.49697
input.LJQO5,input.dutirTfidfFb,0.49697
input.LMOP10,input.dutirTfidfFb,0.07003
input.LMOP5,input.dutirTfidfFb,0.00737
input.LThresh,input.dutirTfidfFb,0.03455
input.manualWISTUD,input.dutirTfidfFb,0.00068
input.melblt,input.dutirTfidfFb,0.94003
input.MONASH1NEW,input.dutirTfidfFb,0.00001
input.MONASH2NEW,input.dutirTfidfFb,0.00000
input.MorpheusRun1,input.dutirTfidfFb,0.00000
input.mulnewWISTUD,input.dutirTfidfFb,0.57121
input.myRun,input.dutirTfidfFb,0.38542
input.myrun2,input.dutirTfidfFb,0.02354
input.myrun3,input.dutirTfidfFb,0.04156
input.Nestor,input.dutirTfidfFb,0.01929
input.NestorS,input.dutirTfidfFb,0.01274
input.normal,input.dutirTfidfFb,0.87981
input.nQCRIwoTag,input.dutirTfidfFb,0.90999
input.nQCRIwTag,input.dutirTfidfFb,0.70599
input.omarRun,input.dutirTfidfFb,0.47329
input.PKUICST,input.dutirTfidfFb,0.01930
input.PKUICST2,input.dutirTfidfFb,0.10468
input.PKUICST3,input.dutirTfidfFb,0.00922
input.PKUICST4,input.dutirTfidfFb,0.00659
input.PL2Bo1SDExt,input.dutirTfidfFb,0.00000
input.PL2NoQENoDM,input.dutirTfidfFb,0.30821
input.PL2NoQeSd,input.dutirTfidfFb,0.17424
input.PL2NoQeSdExt,input.dutirTfidfFb,0.00000
input.PRISrun1,input.dutirTfidfFb,0.00000
input.PRISrun2,input.dutirTfidfFb,0.00000
input.PRISrun3,input.dutirTfidfFb,0.00003
input.PRISrun4,input.dutirTfidfFb,0.87990
input.QCRIwoTagOrg,input.dutirTfidfFb,0.90999
input.QCRIwTagOrg,input.dutirTfidfFb,0.70599
input.qHtagBaseRun,input.dutirTfidfFb,0.02131
input.qRefLThresh,input.dutirTfidfFb,0.00253
input.refBalRun,input.dutirTfidfFb,0.17420
input.refRelRun,input.dutirTfidfFb,0.62344
input.relevanceRun,input.dutirTfidfFb,0.19953
input.RFD,input.dutirTfidfFb,0.03792
input.ri,input.dutirTfidfFb,0.00019
input.rit,input.dutirTfidfFb,0.73411
input.rit3,input.dutirTfidfFb,0.18648
input.RMITAR,input.dutirTfidfFb,0.00586
input.RMITM,input.dutirTfidfFb,0.10457
input.RMITMR,input.dutirTfidfFb,0.00052
input.RMITMRR,input.dutirTfidfFb,0.59706
input.Rocchio,input.dutirTfidfFb,0.02596
input.RTB,input.dutirTfidfFb,0.00000
input.run1,input.dutirTfidfFb,0.22726
input.run1a,input.dutirTfidfFb,0.00000
input.run1fix,input.dutirTfidfFb,0.04551
input.run2,input.dutirTfidfFb,0.01028
input.run2a,input.dutirTfidfFb,0.00003
input.run3,input.dutirTfidfFb,0.30807
input.run3a,input.dutirTfidfFb,0.00287
input.run4,input.dutirTfidfFb,0.04155
input.run4a,input.dutirTfidfFb,0.00197
input.RunAll,input.dutirTfidfFb,0.22707
input.RunFut,input.dutirTfidfFb,0.11289
input.runNeMIS,input.dutirTfidfFb,0.00000
input.runNeMISext,input.dutirTfidfFb,0.00006
input.RunPure,input.dutirTfidfFb,0.27366
input.scurtuRun1,input.dutirTfidfFb,0.00068
input.sielrun1,input.dutirTfidfFb,0.00000
input.sielrun2,input.dutirTfidfFb,0.00000
input.sielrun3,input.dutirTfidfFb,0.00000
input.sielrun4,input.dutirTfidfFb,0.00000
input.SienaCL1B,input.dutirTfidfFb,0.93989
input.SienaCL31,input.dutirTfidfFb,0.62356
input.SienaCL342,input.dutirTfidfFb,0.65055
input.SienaCLbase,input.dutirTfidfFb,0.57125
input.simfoll,input.dutirTfidfFb,0.99982
input.simfollTP01,input.dutirTfidfFb,0.93994
input.sylesNoRes,input.dutirTfidfFb,0.10469
input.tfTP01,input.dutirTfidfFb,0.93971
input.udelIndri,input.dutirTfidfFb,0.93998
input.udelLucene,input.dutirTfidfFb,0.00000
input.UDMicroComb1,input.dutirTfidfFb,0.02860
input.UDMicroComb2,input.dutirTfidfFb,0.29063
input.UDMicroIDF,input.dutirTfidfFb,0.90977
input.UDMicroIDFD,input.dutirTfidfFb,0.10460
input.uicir1,input.dutirTfidfFb,0.01571
input.uicir2,input.dutirTfidfFb,0.00464
input.UIowaS1,input.dutirTfidfFb,0.47343
input.UIowaS2,input.dutirTfidfFb,0.47332
input.UIowaS3,input.dutirTfidfFb,0.52116
input.UIowaS4,input.dutirTfidfFb,0.22720
input.uiucsf,input.dutirTfidfFb,0.00000
input.uogTrLqea,input.dutirTfidfFb,0.00052
input.uogTrLqeabd,input.dutirTfidfFb,0.00014
input.uogTrLqeabdd,input.dutirTfidfFb,0.00005
input.uogTrUB2,input.dutirTfidfFb,0.00003
input.UTBase,input.dutirTfidfFb,0.00022
input.UTBaseRTF,input.dutirTfidfFb,0.00000
input.UTWngFuture,input.dutirTfidfFb,0.00000
input.UTWngFutureQ,input.dutirTfidfFb,0.00000
input.waterlooa1,input.dutirTfidfFb,0.07613
input.waterlooa2,input.dutirTfidfFb,0.27381
input.waterlooa3,input.dutirTfidfFb,0.00413
input.waterlooa4,input.dutirTfidfFb,0.06445
input.WESTfilext,input.dutirTfidfFb,0.00522
input.WESTfilter,input.dutirTfidfFb,0.01416
input.WESTrelint,input.dutirTfidfFb,0.00000
input.WESTrlext,input.dutirTfidfFb,0.00000
input.Wise2ndRun,input.dutirTfidfFb,0.11297
input.WiseFifthRun,input.dutirTfidfFb,0.65076
input.WiseFouthRun,input.dutirTfidfFb,0.45028
input.WiseThirdRun,input.dutirTfidfFb,0.11297
input.ya3,input.dutirTfidfFb,0.00134
input.ya4,input.dutirTfidfFb,0.03455
input.YNDXTPC1,input.dutirTfidfFb,0.00117
input.YNDXTPC2,input.dutirTfidfFb,0.00324
input.FASILKOM01,input.EMAX,0.00000
input.FASILKOM02,input.EMAX,0.00000
input.FASILKOM03,input.EMAX,0.00000
input.FASILKOM04,input.EMAX,0.00000
input.FDUNLP,input.EMAX,0.00000
input.FDUNLP2,input.EMAX,0.00000
input.Google1GNO,input.EMAX,0.00000
input.gus,input.EMAX,0.00000
input.gust,input.EMAX,0.00000
input.gustc,input.EMAX,0.00000
input.gut,input.EMAX,0.00000
input.hitWId,input.EMAX,0.00000
input.hitWIt,input.EMAX,0.00000
input.ICTNET11MBR1,input.EMAX,0.00000
input.ICTNET11MBR2,input.EMAX,0.00000
input.ICTNET11MBR3,input.EMAX,0.00000
input.ICTNET11MBR4,input.EMAX,0.00000
input.IDEAACTQE,input.EMAX,0.00000
input.IDEABASIC,input.EMAX,0.00000
input.IDEABASICACT,input.EMAX,0.00000
input.IDEABASICQE,input.EMAX,0.00000
input.ikmRun1,input.EMAX,0.00002
input.InL2c1,input.EMAX,0.00000
input.iritfd1,input.EMAX,0.00000
input.iritfd2,input.EMAX,0.00000
input.IRSIGoogle1G,input.EMAX,0.00000
input.IRSIGoogle2G,input.EMAX,0.00000
input.isiFD,input.EMAX,0.00000
input.isiFDL,input.EMAX,0.00000
input.isiFDRM,input.EMAX,0.00000
input.isiFDRML,input.EMAX,0.00000
input.kanopeRun,input.EMAX,0.29052
input.KAUSTBase,input.EMAX,0.00000
input.KAUSTExp,input.EMAX,0.00000
input.KAUSTExpRrnk,input.EMAX,0.00000
input.KAUSTRerank,input.EMAX,0.00000
input.LJQO10,input.EMAX,0.00000
input.LJQO5,input.EMAX,0.00000
input.LMOP10,input.EMAX,0.00000
input.LMOP5,input.EMAX,0.00000
input.LThresh,input.EMAX,0.00000
input.manualWISTUD,input.EMAX,0.00000
input.melblt,input.EMAX,0.00000
input.MONASH1NEW,input.EMAX,0.00000
input.MONASH2NEW,input.EMAX,0.00000
input.MorpheusRun1,input.EMAX,0.00012
input.mulnewWISTUD,input.EMAX,0.00000
input.myRun,input.EMAX,0.00000
input.myrun2,input.EMAX,0.00000
input.myrun3,input.EMAX,0.00000
input.Nestor,input.EMAX,0.00000
input.NestorS,input.EMAX,0.00000
input.normal,input.EMAX,0.00000
input.nQCRIwoTag,input.EMAX,0.00000
input.nQCRIwTag,input.EMAX,0.00000
input.omarRun,input.EMAX,0.00000
input.PKUICST,input.EMAX,0.00000
input.PKUICST2,input.EMAX,0.00000
input.PKUICST3,input.EMAX,0.00000
input.PKUICST4,input.EMAX,0.00000
input.PL2Bo1SDExt,input.EMAX,0.04547
input.PL2NoQENoDM,input.EMAX,0.00000
input.PL2NoQeSd,input.EMAX,0.00000
input.PL2NoQeSdExt,input.EMAX,0.04971
input.PRISrun1,input.EMAX,0.00000
input.PRISrun2,input.EMAX,0.00000
input.PRISrun3,input.EMAX,0.00000
input.PRISrun4,input.EMAX,0.00000
input.QCRIwoTagOrg,input.EMAX,0.00000
input.QCRIwTagOrg,input.EMAX,0.00000
input.qHtagBaseRun,input.EMAX,0.00000
input.qRefLThresh,input.EMAX,0.00000
input.refBalRun,input.EMAX,0.00000
input.refRelRun,input.EMAX,0.00000
input.relevanceRun,input.EMAX,0.00000
input.RFD,input.EMAX,0.00000
input.ri,input.EMAX,0.00000
input.rit,input.EMAX,0.00000
input.rit3,input.EMAX,0.00000
input.RMITAR,input.EMAX,0.00000
input.RMITM,input.EMAX,0.00000
input.RMITMR,input.EMAX,0.00000
input.RMITMRR,input.EMAX,0.00000
input.Rocchio,input.EMAX,0.00000
input.RTB,input.EMAX,0.52112
input.run1,input.EMAX,0.00000
input.run1a,input.EMAX,0.00000
input.run1fix,input.EMAX,0.00000
input.run2,input.EMAX,0.00000
input.run2a,input.EMAX,0.00000
input.run3,input.EMAX,0.00000
input.run3a,input.EMAX,0.00000
input.run4,input.EMAX,0.00000
input.run4a,input.EMAX,0.00000
input.RunAll,input.EMAX,0.00000
input.RunFut,input.EMAX,0.00000
input.runNeMIS,input.EMAX,0.00000
input.runNeMISext,input.EMAX,0.00000
input.RunPure,input.EMAX,0.00000
input.scurtuRun1,input.EMAX,0.00000
input.sielrun1,input.EMAX,0.00006
input.sielrun2,input.EMAX,0.00000
input.sielrun3,input.EMAX,0.00000
input.sielrun4,input.EMAX,0.00000
input.SienaCL1B,input.EMAX,0.00000
input.SienaCL31,input.EMAX,0.00000
input.SienaCL342,input.EMAX,0.00000
input.SienaCLbase,input.EMAX,0.00000
input.simfoll,input.EMAX,0.00000
input.simfollTP01,input.EMAX,0.00000
input.sylesNoRes,input.EMAX,0.00000
input.tfTP01,input.EMAX,0.00000
input.udelIndri,input.EMAX,0.00000
input.udelLucene,input.EMAX,0.00117
input.UDMicroComb1,input.EMAX,0.00000
input.UDMicroComb2,input.EMAX,0.00000
input.UDMicroIDF,input.EMAX,0.00000
input.UDMicroIDFD,input.EMAX,0.00000
input.uicir1,input.EMAX,0.00000
input.uicir2,input.EMAX,0.00000
input.UIowaS1,input.EMAX,0.00000
input.UIowaS2,input.EMAX,0.00000
input.UIowaS3,input.EMAX,0.00000
input.UIowaS4,input.EMAX,0.00000
input.uiucsf,input.EMAX,0.93976
input.uogTrLqea,input.EMAX,0.00000
input.uogTrLqeabd,input.EMAX,0.00000
input.uogTrLqeabdd,input.EMAX,0.00000
input.uogTrUB2,input.EMAX,0.00000
input.UTBase,input.EMAX,0.00000
input.UTBaseRTF,input.EMAX,0.12176
input.UTWngFuture,input.EMAX,0.05916
input.UTWngFutureQ,input.EMAX,0.00006
input.waterlooa1,input.EMAX,0.00000
input.waterlooa2,input.EMAX,0.00000
input.waterlooa3,input.EMAX,0.00000
input.waterlooa4,input.EMAX,0.00000
input.WESTfilext,input.EMAX,0.00000
input.WESTfilter,input.EMAX,0.00000
input.WESTrelint,input.EMAX,0.00016
input.WESTrlext,input.EMAX,0.00016
input.Wise2ndRun,input.EMAX,0.00000
input.WiseFifthRun,input.EMAX,0.00000
input.WiseFouthRun,input.EMAX,0.00000
input.WiseThirdRun,input.EMAX,0.00000
input.ya3,input.EMAX,0.00000
input.ya4,input.EMAX,0.00000
input.YNDXTPC1,input.EMAX,0.00000
input.YNDXTPC2,input.EMAX,0.00000
input.FASILKOM02,input.FASILKOM01,0.93976
input.FASILKOM03,input.FASILKOM01,0.57148
input.FASILKOM04,input.FASILKOM01,0.90995
input.FDUNLP,input.FASILKOM01,0.00000
input.FDUNLP2,input.FASILKOM01,0.00000
input.Google1GNO,input.FASILKOM01,0.00465
input.gus,input.FASILKOM01,0.00004
input.gust,input.FASILKOM01,0.00010
input.gustc,input.FASILKOM01,0.00010
input.gut,input.FASILKOM01,0.00197
input.hitWId,input.FASILKOM01,0.45034
input.hitWIt,input.FASILKOM01,0.24201
input.ICTNET11MBR1,input.FASILKOM01,0.00010
input.ICTNET11MBR2,input.FASILKOM01,0.00000
input.ICTNET11MBR3,input.FASILKOM01,0.00034
input.ICTNET11MBR4,input.FASILKOM01,0.00003
input.IDEAACTQE,input.FASILKOM01,0.00001
input.IDEABASIC,input.FASILKOM01,0.00001
input.IDEABASICACT,input.FASILKOM01,0.00001
input.IDEABASICQE,input.FASILKOM01,0.00001
input.ikmRun1,input.FASILKOM01,0.00000
input.InL2c1,input.FASILKOM01,0.00000
input.iritfd1,input.FASILKOM01,0.08941
input.iritfd2,input.FASILKOM01,0.17428
input.IRSIGoogle1G,input.FASILKOM01,0.00587
input.IRSIGoogle2G,input.FASILKOM01,0.00007
input.isiFD,input.FASILKOM01,0.79171
input.isiFDL,input.FASILKOM01,0.22717
input.isiFDRM,input.FASILKOM01,0.32648
input.isiFDRML,input.FASILKOM01,0.19943
input.kanopeRun,input.FASILKOM01,0.00000
input.KAUSTBase,input.FASILKOM01,0.00366
input.KAUSTExp,input.FASILKOM01,0.00173
input.KAUSTExpRrnk,input.FASILKOM01,0.00025
input.KAUSTRerank,input.FASILKOM01,0.00090
input.LJQO10,input.FASILKOM01,0.00523
input.LJQO5,input.FASILKOM01,0.00523
input.LMOP10,input.FASILKOM01,0.00000
input.LMOP5,input.FASILKOM01,0.00000
input.LThresh,input.FASILKOM01,0.00000
input.manualWISTUD,input.FASILKOM01,0.93971
input.melblt,input.FASILKOM01,0.00068
input.MONASH1NEW,input.FASILKOM01,0.00000
input.MONASH2NEW,input.FASILKOM01,0.00000
input.MorpheusRun1,input.FASILKOM01,0.00000
input.mulnewWISTUD,input.FASILKOM01,0.00005
input.myRun,input.FASILKOM01,0.00922
input.myrun2,input.FASILKOM01,0.22730
input.myrun3,input.FASILKOM01,0.15157
input.Nestor,input.FASILKOM01,0.00000
input.NestorS,input.FASILKOM01,0.00000
input.normal,input.FASILKOM01,0.00029
input.nQCRIwoTag,input.FASILKOM01,0.00078
input.nQCRIwTag,input.FASILKOM01,0.00197
input.omarRun,input.FASILKOM01,0.00003
input.PKUICST,input.FASILKOM01,0.25757
input.PKUICST2,input.FASILKOM01,0.06441
input.PKUICST3,input.FASILKOM01,0.38536
input.PKUICST4,input.FASILKOM01,0.45034
input.PL2Bo1SDExt,input.FASILKOM01,0.00000
input.PL2NoQENoDM,input.FASILKOM01,0.00001
input.PL2NoQeSd,input.FASILKOM01,0.00000
input.PL2NoQeSdExt,input.FASILKOM01,0.00000
input.PRISrun1,input.FASILKOM01,0.14106
input.PRISrun2,input.FASILKOM01,0.00117
input.PRISrun3,input.FASILKOM01,0.47332
input.PRISrun4,input.FASILKOM01,0.00029
input.QCRIwoTagOrg,input.FASILKOM01,0.00078
input.QCRIwTagOrg,input.FASILKOM01,0.00197
input.qHtagBaseRun,input.FASILKOM01,0.00000
input.qRefLThresh,input.FASILKOM01,0.00000
input.refBalRun,input.FASILKOM01,0.00000
input.refRelRun,input.FASILKOM01,0.00007
input.relevanceRun,input.FASILKOM01,0.02860
input.RFD,input.FASILKOM01,0.00000
input.ri,input.FASILKOM01,0.79158
input.rit,input.FASILKOM01,0.00173
input.rit3,input.FASILKOM01,0.00000
input.RMITAR,input.FASILKOM01,0.00000
input.RMITM,input.FASILKOM01,0.00000
input.RMITMR,input.FASILKOM01,0.00000
input.RMITMRR,input.FASILKOM01,0.00006
input.Rocchio,input.FASILKOM01,0.00000
input.RTB,input.FASILKOM01,0.00000
input.run1,input.FASILKOM01,0.02355
input.run1a,input.FASILKOM01,0.00000
input.run1fix,input.FASILKOM01,0.14101
input.run2,input.FASILKOM01,0.36512
input.run2a,input.FASILKOM01,0.00000
input.run3,input.FASILKOM01,0.00001
input.run3a,input.FASILKOM01,0.00000
input.run4,input.FASILKOM01,0.00000
input.run4a,input.FASILKOM01,0.00000
input.RunAll,input.FASILKOM01,0.00000
input.RunFut,input.FASILKOM01,0.00000
input.runNeMIS,input.FASILKOM01,0.00000
input.runNeMISext,input.FASILKOM01,0.00000
input.RunPure,input.FASILKOM01,0.00000
input.scurtuRun1,input.FASILKOM01,0.00000
input.sielrun1,input.FASILKOM01,0.00000
input.sielrun2,input.FASILKOM01,0.00000
input.sielrun3,input.FASILKOM01,0.00000
input.sielrun4,input.FASILKOM01,0.00000
input.SienaCL1B,input.FASILKOM01,0.00068
input.SienaCL31,input.FASILKOM01,0.00007
input.SienaCL342,input.FASILKOM01,0.00009
input.SienaCLbase,input.FASILKOM01,0.00005
input.simfoll,input.FASILKOM01,0.00052
input.simfollTP01,input.FASILKOM01,0.00068
input.sylesNoRes,input.FASILKOM01,0.06440
input.tfTP01,input.FASILKOM01,0.00039
input.udelIndri,input.FASILKOM01,0.00068
input.udelLucene,input.FASILKOM01,0.00000
input.UDMicroComb1,input.FASILKOM01,0.00000
input.UDMicroComb2,input.FASILKOM01,0.00001
input.UDMicroIDF,input.FASILKOM01,0.00034
input.UDMicroIDFD,input.FASILKOM01,0.00000
input.uicir1,input.FASILKOM01,0.00000
input.uicir2,input.FASILKOM01,0.00000
input.UIowaS1,input.FASILKOM01,0.00003
input.UIowaS2,input.FASILKOM01,0.00003
input.UIowaS3,input.FASILKOM01,0.00004
input.UIowaS4,input.FASILKOM01,0.00000
input.uiucsf,input.FASILKOM01,0.00000
input.uogTrLqea,input.FASILKOM01,0.00000
input.uogTrLqeabd,input.FASILKOM01,0.00000
input.uogTrLqeabdd,input.FASILKOM01,0.00000
input.uogTrUB2,input.FASILKOM01,0.00000
input.UTBase,input.FASILKOM01,0.00000
input.UTBaseRTF,input.FASILKOM01,0.00000
input.UTWngFuture,input.FASILKOM01,0.00000
input.UTWngFutureQ,input.FASILKOM01,0.00000
input.waterlooa1,input.FASILKOM01,0.08945
input.waterlooa2,input.FASILKOM01,0.01743
input.waterlooa3,input.FASILKOM01,0.54601
input.waterlooa4,input.FASILKOM01,0.10462
input.WESTfilext,input.FASILKOM01,0.00000
input.WESTfilter,input.FASILKOM01,0.00000
input.WESTrelint,input.FASILKOM01,0.00000
input.WESTrlext,input.FASILKOM01,0.00000
input.Wise2ndRun,input.FASILKOM01,0.05917
input.WiseFifthRun,input.FASILKOM01,0.00253
input.WiseFouthRun,input.FASILKOM01,0.00002
input.WiseThirdRun,input.FASILKOM01,0.05917
input.ya3,input.FASILKOM01,0.00000
input.ya4,input.FASILKOM01,0.00000
input.YNDXTPC1,input.FASILKOM01,0.00000
input.YNDXTPC2,input.FASILKOM01,0.00000
input.FASILKOM03,input.FASILKOM02,0.52123
input.FASILKOM04,input.FASILKOM02,0.85034
input.FDUNLP,input.FASILKOM02,0.00000
input.FDUNLP2,input.FASILKOM02,0.00000
input.Google1GNO,input.FASILKOM02,0.00366
input.gus,input.FASILKOM02,0.00003
input.gust,input.FASILKOM02,0.00007
input.gustc,input.FASILKOM02,0.00007
input.gut,input.FASILKOM02,0.00152
input.hitWId,input.FASILKOM02,0.49697
input.hitWIt,input.FASILKOM02,0.27378
input.ICTNET11MBR1,input.FASILKOM02,0.00007
input.ICTNET11MBR2,input.FASILKOM02,0.00000
input.ICTNET11MBR3,input.FASILKOM02,0.00025
input.ICTNET11MBR4,input.FASILKOM02,0.00002
input.IDEAACTQE,input.FASILKOM02,0.00001
input.IDEABASIC,input.FASILKOM02,0.00000
input.IDEABASICACT,input.FASILKOM02,0.00000
input.IDEABASICQE,input.FASILKOM02,0.00001
input.ikmRun1,input.FASILKOM02,0.00000
input.InL2c1,input.FASILKOM02,0.00000
input.iritfd1,input.FASILKOM02,0.07604
input.iritfd2,input.FASILKOM02,0.15152
input.IRSIGoogle1G,input.FASILKOM02,0.00464
input.IRSIGoogle2G,input.FASILKOM02,0.00005
input.isiFD,input.FASILKOM02,0.85047
input.isiFDL,input.FASILKOM02,0.25759
input.isiFDRM,input.FASILKOM02,0.36512
input.isiFDRML,input.FASILKOM02,0.22720
input.kanopeRun,input.FASILKOM02,0.00000
input.KAUSTBase,input.FASILKOM02,0.00287
input.KAUSTExp,input.FASILKOM02,0.00134
input.KAUSTExpRrnk,input.FASILKOM02,0.00019
input.KAUSTRerank,input.FASILKOM02,0.00068
input.LJQO10,input.FASILKOM02,0.00413
input.LJQO5,input.FASILKOM02,0.00413
input.LMOP10,input.FASILKOM02,0.00000
input.LMOP5,input.FASILKOM02,0.00000
input.LThresh,input.FASILKOM02,0.00000
input.manualWISTUD,input.FASILKOM02,0.87981
input.melblt,input.FASILKOM02,0.00052
input.MONASH1NEW,input.FASILKOM02,0.00000
input.MONASH2NEW,input.FASILKOM02,0.00000
input.MorpheusRun1,input.FASILKOM02,0.00000
input.mulnewWISTUD,input.FASILKOM02,0.00004
input.myRun,input.FASILKOM02,0.00737
input.myrun2,input.FASILKOM02,0.19953
input.myrun3,input.FASILKOM02,0.13115
input.Nestor,input.FASILKOM02,0.00000
input.NestorS,input.FASILKOM02,0.00000
input.normal,input.FASILKOM02,0.00022
input.nQCRIwoTag,input.FASILKOM02,0.00059
input.nQCRIwTag,input.FASILKOM02,0.00152
input.omarRun,input.FASILKOM02,0.00002
input.PKUICST,input.FASILKOM02,0.22715
input.PKUICST2,input.FASILKOM02,0.05424
input.PKUICST3,input.FASILKOM02,0.34535
input.PKUICST4,input.FASILKOM02,0.40630
input.PL2Bo1SDExt,input.FASILKOM02,0.00000
input.PL2NoQENoDM,input.FASILKOM02,0.00000
input.PL2NoQeSd,input.FASILKOM02,0.00000
input.PL2NoQeSdExt,input.FASILKOM02,0.00000
input.PRISrun1,input.FASILKOM02,0.16263
input.PRISrun2,input.FASILKOM02,0.00152
input.PRISrun3,input.FASILKOM02,0.52119
input.PRISrun4,input.FASILKOM02,0.00022
input.QCRIwoTagOrg,input.FASILKOM02,0.00059
input.QCRIwTagOrg,input.FASILKOM02,0.00152
input.qHtagBaseRun,input.FASILKOM02,0.00000
input.qRefLThresh,input.FASILKOM02,0.00000
input.refBalRun,input.FASILKOM02,0.00000
input.refRelRun,input.FASILKOM02,0.00005
input.relevanceRun,input.FASILKOM02,0.02354
input.RFD,input.FASILKOM02,0.00000
input.ri,input.FASILKOM02,0.85034
input.rit,input.FASILKOM02,0.00134
input.rit3,input.FASILKOM02,0.00000
input.RMITAR,input.FASILKOM02,0.00000
input.RMITM,input.FASILKOM02,0.00000
input.RMITMR,input.FASILKOM02,0.00000
input.RMITMRR,input.FASILKOM02,0.00005
input.Rocchio,input.FASILKOM02,0.00000
input.RTB,input.FASILKOM02,0.00000
input.run1,input.FASILKOM02,0.01928
input.run1a,input.FASILKOM02,0.00000
input.run1fix,input.FASILKOM02,0.12171
input.run2,input.FASILKOM02,0.32648
input.run2a,input.FASILKOM02,0.00000
input.run3,input.FASILKOM02,0.00000
input.run3a,input.FASILKOM02,0.00000
input.run4,input.FASILKOM02,0.00000
input.run4a,input.FASILKOM02,0.00000
input.RunAll,input.FASILKOM02,0.00000
input.RunFut,input.FASILKOM02,0.00000
input.runNeMIS,input.FASILKOM02,0.00000
input.runNeMISext,input.FASILKOM02,0.00000
input.RunPure,input.FASILKOM02,0.00000
input.scurtuRun1,input.FASILKOM02,0.00000
input.sielrun1,input.FASILKOM02,0.00000
input.sielrun2,input.FASILKOM02,0.00000
input.sielrun3,input.FASILKOM02,0.00000
input.sielrun4,input.FASILKOM02,0.00000
input.SienaCL1B,input.FASILKOM02,0.00052
input.SienaCL31,input.FASILKOM02,0.00005
input.SienaCL342,input.FASILKOM02,0.00006
input.SienaCLbase,input.FASILKOM02,0.00004
input.simfoll,input.FASILKOM02,0.00039
input.simfollTP01,input.FASILKOM02,0.00052
input.sylesNoRes,input.FASILKOM02,0.05423
input.tfTP01,input.FASILKOM02,0.00029
input.udelIndri,input.FASILKOM02,0.00052
input.udelLucene,input.FASILKOM02,0.00000
input.UDMicroComb1,input.FASILKOM02,0.00000
input.UDMicroComb2,input.FASILKOM02,0.00000
input.UDMicroIDF,input.FASILKOM02,0.00025
input.UDMicroIDFD,input.FASILKOM02,0.00000
input.uicir1,input.FASILKOM02,0.00000
input.uicir2,input.FASILKOM02,0.00000
input.UIowaS1,input.FASILKOM02,0.00002
input.UIowaS2,input.FASILKOM02,0.00002
input.UIowaS3,input.FASILKOM02,0.00003
input.UIowaS4,input.FASILKOM02,0.00000
input.uiucsf,input.FASILKOM02,0.00000
input.uogTrLqea,input.FASILKOM02,0.00000
input.uogTrLqeabd,input.FASILKOM02,0.00000
input.uogTrLqeabdd,input.FASILKOM02,0.00000
input.uogTrUB2,input.FASILKOM02,0.00000
input.UTBase,input.FASILKOM02,0.00000
input.UTBaseRTF,input.FASILKOM02,0.00000
input.UTWngFuture,input.FASILKOM02,0.00000
input.UTWngFutureQ,input.FASILKOM02,0.00000
input.waterlooa1,input.FASILKOM02,0.07608
input.waterlooa2,input.FASILKOM02,0.01416
input.waterlooa3,input.FASILKOM02,0.49693
input.waterlooa4,input.FASILKOM02,0.08943
input.WESTfilext,input.FASILKOM02,0.00000
input.WESTfilter,input.FASILKOM02,0.00000
input.WESTrelint,input.FASILKOM02,0.00000
input.WESTrlext,input.FASILKOM02,0.00000
input.Wise2ndRun,input.FASILKOM02,0.04970
input.WiseFifthRun,input.FASILKOM02,0.00197
input.WiseFouthRun,input.FASILKOM02,0.00002
input.WiseThirdRun,input.FASILKOM02,0.04970
input.ya3,input.FASILKOM02,0.00000
input.ya4,input.FASILKOM02,0.00000
input.YNDXTPC1,input.FASILKOM02,0.00000
input.YNDXTPC2,input.FASILKOM02,0.00000
input.FASILKOM04,input.FASILKOM03,0.65071
input.FDUNLP,input.FASILKOM03,0.00000
input.FDUNLP2,input.FASILKOM03,0.00000
input.Google1GNO,input.FASILKOM03,0.02354
input.gus,input.FASILKOM03,0.00039
input.gust,input.FASILKOM03,0.00090
input.gustc,input.FASILKOM03,0.00090
input.gut,input.FASILKOM03,0.01144
input.hitWId,input.FASILKOM03,0.18659
input.hitWIt,input.FASILKOM03,0.08259
input.ICTNET11MBR1,input.FASILKOM03,0.00090
input.ICTNET11MBR2,input.FASILKOM03,0.00000
input.ICTNET11MBR3,input.FASILKOM03,0.00253
input.ICTNET11MBR4,input.FASILKOM03,0.00029
input.IDEAACTQE,input.FASILKOM03,0.00012
input.IDEABASIC,input.FASILKOM03,0.00009
input.IDEABASICACT,input.FASILKOM03,0.00009
input.IDEABASICQE,input.FASILKOM03,0.00014
input.ikmRun1,input.FASILKOM03,0.00000
input.InL2c1,input.FASILKOM03,0.00003
input.iritfd1,input.FASILKOM03,0.25736
input.iritfd2,input.FASILKOM03,0.42794
input.IRSIGoogle1G,input.FASILKOM03,0.02858
input.IRSIGoogle2G,input.FASILKOM03,0.00068
input.isiFD,input.FASILKOM03,0.40656
input.isiFDL,input.FASILKOM03,0.07614
input.isiFDRM,input.FASILKOM03,0.12184
input.isiFDRML,input.FASILKOM03,0.06445
input.kanopeRun,input.FASILKOM03,0.00000
input.KAUSTBase,input.FASILKOM03,0.01929
input.KAUSTExp,input.FASILKOM03,0.01027
input.KAUSTExpRrnk,input.FASILKOM03,0.00197
input.KAUSTRerank,input.FASILKOM03,0.00587
input.LJQO10,input.FASILKOM03,0.02596
input.LJQO5,input.FASILKOM03,0.02596
input.LMOP10,input.FASILKOM03,0.00000
input.LMOP5,input.FASILKOM03,0.00000
input.LThresh,input.FASILKOM03,0.00000
input.manualWISTUD,input.FASILKOM03,0.62396
input.melblt,input.FASILKOM03,0.00464
input.MONASH1NEW,input.FASILKOM03,0.00000
input.MONASH2NEW,input.FASILKOM03,0.00000
input.MorpheusRun1,input.FASILKOM03,0.00000
input.mulnewWISTUD,input.FASILKOM03,0.00052
input.myRun,input.FASILKOM03,0.04154
input.myrun2,input.FASILKOM03,0.52123
input.myrun3,input.FASILKOM03,0.38533
input.Nestor,input.FASILKOM03,0.00000
input.NestorS,input.FASILKOM03,0.00000
input.normal,input.FASILKOM03,0.00223
input.nQCRIwoTag,input.FASILKOM03,0.00522
input.nQCRIwTag,input.FASILKOM03,0.01145
input.omarRun,input.FASILKOM03,0.00029
input.PKUICST,input.FASILKOM03,0.57121
input.PKUICST2,input.FASILKOM03,0.19933
input.PKUICST3,input.FASILKOM03,0.76251
input.PKUICST4,input.FASILKOM03,0.85012
input.PL2Bo1SDExt,input.FASILKOM03,0.00000
input.PL2NoQENoDM,input.FASILKOM03,0.00009
input.PL2NoQeSd,input.FASILKOM03,0.00002
input.PL2NoQeSdExt,input.FASILKOM03,0.00000
input.PRISrun1,input.FASILKOM03,0.04158
input.PRISrun2,input.FASILKOM03,0.00014
input.PRISrun3,input.FASILKOM03,0.19951
input.PRISrun4,input.FASILKOM03,0.00223
input.QCRIwoTagOrg,input.FASILKOM03,0.00522
input.QCRIwTagOrg,input.FASILKOM03,0.01145
input.qHtagBaseRun,input.FASILKOM03,0.00000
input.qRefLThresh,input.FASILKOM03,0.00000
input.refBalRun,input.FASILKOM03,0.00002
input.refRelRun,input.FASILKOM03,0.00068
input.relevanceRun,input.FASILKOM03,0.10456
input.RFD,input.FASILKOM03,0.00000
input.ri,input.FASILKOM03,0.40646
input.rit,input.FASILKOM03,0.01028
input.rit3,input.FASILKOM03,0.00002
input.RMITAR,input.FASILKOM03,0.00000
input.RMITM,input.FASILKOM03,0.00001
input.RMITMR,input.FASILKOM03,0.00000
input.RMITMRR,input.FASILKOM03,0.00059
input.Rocchio,input.FASILKOM03,0.00000
input.RTB,input.FASILKOM03,0.00000
input.run1,input.FASILKOM03,0.08940
input.run1a,input.FASILKOM03,0.00000
input.run1fix,input.FASILKOM03,0.36485
input.run2,input.FASILKOM03,0.73403
input.run2a,input.FASILKOM03,0.00000
input.run3,input.FASILKOM03,0.00009
input.run3a,input.FASILKOM03,0.00000
input.run4,input.FASILKOM03,0.00000
input.run4a,input.FASILKOM03,0.00000
input.RunAll,input.FASILKOM03,0.00004
input.RunFut,input.FASILKOM03,0.00001
input.runNeMIS,input.FASILKOM03,0.00000
input.runNeMISext,input.FASILKOM03,0.00000
input.RunPure,input.FASILKOM03,0.00006
input.scurtuRun1,input.FASILKOM03,0.00000
input.sielrun1,input.FASILKOM03,0.00000
input.sielrun2,input.FASILKOM03,0.00000
input.sielrun3,input.FASILKOM03,0.00000
input.sielrun4,input.FASILKOM03,0.00000
input.SienaCL1B,input.FASILKOM03,0.00465
input.SienaCL31,input.FASILKOM03,0.00068
input.SienaCL342,input.FASILKOM03,0.00078
input.SienaCLbase,input.FASILKOM03,0.00052
input.simfoll,input.FASILKOM03,0.00366
input.simfollTP01,input.FASILKOM03,0.00464
input.sylesNoRes,input.FASILKOM03,0.19931
input.tfTP01,input.FASILKOM03,0.00287
input.udelIndri,input.FASILKOM03,0.00464
input.udelLucene,input.FASILKOM03,0.00000
input.UDMicroComb1,input.FASILKOM03,0.00000
input.UDMicroComb2,input.FASILKOM03,0.00007
input.UDMicroIDF,input.FASILKOM03,0.00253
input.UDMicroIDFD,input.FASILKOM03,0.00001
input.uicir1,input.FASILKOM03,0.00000
input.uicir2,input.FASILKOM03,0.00000
input.UIowaS1,input.FASILKOM03,0.00029
input.UIowaS2,input.FASILKOM03,0.00029
input.UIowaS3,input.FASILKOM03,0.00039
input.UIowaS4,input.FASILKOM03,0.00004
input.uiucsf,input.FASILKOM03,0.00000
input.uogTrLqea,input.FASILKOM03,0.00000
input.uogTrLqeabd,input.FASILKOM03,0.00000
input.uogTrLqeabdd,input.FASILKOM03,0.00000
input.uogTrUB2,input.FASILKOM03,0.00000
input.UTBase,input.FASILKOM03,0.00000
input.UTBaseRTF,input.FASILKOM03,0.00000
input.UTWngFuture,input.FASILKOM03,0.00000
input.UTWngFutureQ,input.FASILKOM03,0.00000
input.waterlooa1,input.FASILKOM03,0.25745
input.waterlooa2,input.FASILKOM03,0.07003
input.waterlooa3,input.FASILKOM03,0.96979
input.waterlooa4,input.FASILKOM03,0.29052
input.WESTfilext,input.FASILKOM03,0.00000
input.WESTfilter,input.FASILKOM03,0.00000
input.WESTrelint,input.FASILKOM03,0.00000
input.WESTrlext,input.FASILKOM03,0.00000
input.Wise2ndRun,input.FASILKOM03,0.18648
input.WiseFifthRun,input.FASILKOM03,0.01415
input.WiseFouthRun,input.FASILKOM03,0.00025
input.WiseThirdRun,input.FASILKOM03,0.18648
input.ya3,input.FASILKOM03,0.00000
input.ya4,input.FASILKOM03,0.00000
input.YNDXTPC1,input.FASILKOM03,0.00000
input.YNDXTPC2,input.FASILKOM03,0.00000
input.FDUNLP,input.FASILKOM04,0.00000
input.FDUNLP2,input.FASILKOM04,0.00000
input.Google1GNO,input.FASILKOM04,0.00658
input.gus,input.FASILKOM04,0.00006
input.gust,input.FASILKOM04,0.00016
input.gustc,input.FASILKOM04,0.00016
input.gut,input.FASILKOM04,0.00287
input.hitWId,input.FASILKOM04,0.38542
input.hitWIt,input.FASILKOM04,0.19947
input.ICTNET11MBR1,input.FASILKOM04,0.00016
input.ICTNET11MBR2,input.FASILKOM04,0.00000
input.ICTNET11MBR3,input.FASILKOM04,0.00052
input.ICTNET11MBR4,input.FASILKOM04,0.00005
input.IDEAACTQE,input.FASILKOM04,0.00002
input.IDEABASIC,input.FASILKOM04,0.00001
input.IDEABASICACT,input.FASILKOM04,0.00001
input.IDEABASICQE,input.FASILKOM04,0.00002
input.ikmRun1,input.FASILKOM04,0.00000
input.InL2c1,input.FASILKOM04,0.00000
input.iritfd1,input.FASILKOM04,0.11287
input.iritfd2,input.FASILKOM04,0.21295
input.IRSIGoogle1G,input.FASILKOM04,0.00824
input.IRSIGoogle2G,input.FASILKOM04,0.00012
input.isiFD,input.FASILKOM04,0.70603
input.isiFDL,input.FASILKOM04,0.18658
input.isiFDRM,input.FASILKOM04,0.27381
input.isiFDRML,input.FASILKOM04,0.16263
input.kanopeRun,input.FASILKOM04,0.00000
input.KAUSTBase,input.FASILKOM04,0.00523
input.KAUSTExp,input.FASILKOM04,0.00253
input.KAUSTExpRrnk,input.FASILKOM04,0.00039
input.KAUSTRerank,input.FASILKOM04,0.00134
input.LJQO10,input.FASILKOM04,0.00737
input.LJQO5,input.FASILKOM04,0.00737
input.LMOP10,input.FASILKOM04,0.00000
input.LMOP5,input.FASILKOM04,0.00000
input.LThresh,input.FASILKOM04,0.00000
input.manualWISTUD,input.FASILKOM04,0.97011
input.melblt,input.FASILKOM04,0.00102
input.MONASH1NEW,input.FASILKOM04,0.00000
input.MONASH2NEW,input.FASILKOM04,0.00000
input.MorpheusRun1,input.FASILKOM04,0.00000
input.mulnewWISTUD,input.FASILKOM04,0.00009
input.myRun,input.FASILKOM04,0.01274
input.myrun2,input.FASILKOM04,0.27386
input.myrun3,input.FASILKOM04,0.18654
input.Nestor,input.FASILKOM04,0.00000
input.NestorS,input.FASILKOM04,0.00000
input.normal,input.FASILKOM04,0.00045
input.nQCRIwoTag,input.FASILKOM04,0.00117
input.nQCRIwTag,input.FASILKOM04,0.00287
input.omarRun,input.FASILKOM04,0.00005
input.PKUICST,input.FASILKOM04,0.30818
input.PKUICST2,input.FASILKOM04,0.08252
input.PKUICST3,input.FASILKOM04,0.45028
input.PKUICST4,input.FASILKOM04,0.52104
input.PL2Bo1SDExt,input.FASILKOM04,0.00000
input.PL2NoQENoDM,input.FASILKOM04,0.00001
input.PL2NoQeSd,input.FASILKOM04,0.00000
input.PL2NoQeSdExt,input.FASILKOM04,0.00000
input.PRISrun1,input.FASILKOM04,0.11297
input.PRISrun2,input.FASILKOM04,0.00078
input.PRISrun3,input.FASILKOM04,0.40643
input.PRISrun4,input.FASILKOM04,0.00045
input.QCRIwoTagOrg,input.FASILKOM04,0.00117
input.QCRIwTagOrg,input.FASILKOM04,0.00287
input.qHtagBaseRun,input.FASILKOM04,0.00000
input.qRefLThresh,input.FASILKOM04,0.00000
input.refBalRun,input.FASILKOM04,0.00000
input.refRelRun,input.FASILKOM04,0.00012
input.relevanceRun,input.FASILKOM04,0.03790
input.RFD,input.FASILKOM04,0.00000
input.ri,input.FASILKOM04,0.70590
input.rit,input.FASILKOM04,0.00253
input.rit3,input.FASILKOM04,0.00000
input.RMITAR,input.FASILKOM04,0.00000
input.RMITM,input.FASILKOM04,0.00000
input.RMITMR,input.FASILKOM04,0.00000
input.RMITMRR,input.FASILKOM04,0.00010
input.Rocchio,input.FASILKOM04,0.00000
input.RTB,input.FASILKOM04,0.00000
input.run1,input.FASILKOM04,0.03145
input.run1a,input.FASILKOM04,0.00000
input.run1fix,input.FASILKOM04,0.17417
input.run2,input.FASILKOM04,0.42804
input.run2a,input.FASILKOM04,0.00000
input.run3,input.FASILKOM04,0.00001
input.run3a,input.FASILKOM04,0.00000
input.run4,input.FASILKOM04,0.00000
input.run4a,input.FASILKOM04,0.00000
input.RunAll,input.FASILKOM04,0.00000
input.RunFut,input.FASILKOM04,0.00000
input.runNeMIS,input.FASILKOM04,0.00000
input.runNeMISext,input.FASILKOM04,0.00000
input.RunPure,input.FASILKOM04,0.00001
input.scurtuRun1,input.FASILKOM04,0.00000
input.sielrun1,input.FASILKOM04,0.00000
input.sielrun2,input.FASILKOM04,0.00000
input.sielrun3,input.FASILKOM04,0.00000
input.sielrun4,input.FASILKOM04,0.00000
input.SienaCL1B,input.FASILKOM04,0.00103
input.SienaCL31,input.FASILKOM04,0.00012
input.SienaCL342,input.FASILKOM04,0.00014
input.SienaCLbase,input.FASILKOM04,0.00009
input.simfoll,input.FASILKOM04,0.00078
input.simfollTP01,input.FASILKOM04,0.00103
input.sylesNoRes,input.FASILKOM04,0.08251
input.tfTP01,input.FASILKOM04,0.00059
input.udelIndri,input.FASILKOM04,0.00103
input.udelLucene,input.FASILKOM04,0.00000
input.UDMicroComb1,input.FASILKOM04,0.00000
input.UDMicroComb2,input.FASILKOM04,0.00001
input.UDMicroIDF,input.FASILKOM04,0.00052
input.UDMicroIDFD,input.FASILKOM04,0.00000
input.uicir1,input.FASILKOM04,0.00000
input.uicir2,input.FASILKOM04,0.00000
input.UIowaS1,input.FASILKOM04,0.00005
input.UIowaS2,input.FASILKOM04,0.00005
input.UIowaS3,input.FASILKOM04,0.00006
input.UIowaS4,input.FASILKOM04,0.00000
input.uiucsf,input.FASILKOM04,0.00000
input.uogTrLqea,input.FASILKOM04,0.00000
input.uogTrLqeabd,input.FASILKOM04,0.00000
input.uogTrLqeabdd,input.FASILKOM04,0.00000
input.uogTrUB2,input.FASILKOM04,0.00000
input.UTBase,input.FASILKOM04,0.00000
input.UTBaseRTF,input.FASILKOM04,0.00000
input.UTWngFuture,input.FASILKOM04,0.00000
input.UTWngFutureQ,input.FASILKOM04,0.00000
input.waterlooa1,input.FASILKOM04,0.11292
input.waterlooa2,input.FASILKOM04,0.02355
input.waterlooa3,input.FASILKOM04,0.62368
input.waterlooa4,input.FASILKOM04,0.13111
input.WESTfilext,input.FASILKOM04,0.00000
input.WESTfilter,input.FASILKOM04,0.00000
input.WESTrelint,input.FASILKOM04,0.00000
input.WESTrlext,input.FASILKOM04,0.00000
input.Wise2ndRun,input.FASILKOM04,0.07609
input.WiseFifthRun,input.FASILKOM04,0.00366
input.WiseFouthRun,input.FASILKOM04,0.00004
input.WiseThirdRun,input.FASILKOM04,0.07609
input.ya3,input.FASILKOM04,0.00000
input.ya4,input.FASILKOM04,0.00000
input.YNDXTPC1,input.FASILKOM04,0.00000
input.YNDXTPC2,input.FASILKOM04,0.00000
input.FDUNLP2,input.FDUNLP,0.67805
input.Google1GNO,input.FDUNLP,0.00173
input.gus,input.FDUNLP,0.06440
input.gust,input.FDUNLP,0.03793
input.gustc,input.FDUNLP,0.03793
input.gut,input.FDUNLP,0.00413
input.hitWId,input.FDUNLP,0.00000
input.hitWIt,input.FDUNLP,0.00000
input.ICTNET11MBR1,input.FDUNLP,0.03793
input.ICTNET11MBR2,input.FDUNLP,0.76277
input.ICTNET11MBR3,input.FDUNLP,0.01743
input.ICTNET11MBR4,input.FDUNLP,0.07611
input.IDEAACTQE,input.FDUNLP,0.12181
input.IDEABASIC,input.FDUNLP,0.14107
input.IDEABASICACT,input.FDUNLP,0.14107
input.IDEABASICQE,input.FDUNLP,0.11296
input.ikmRun1,input.FDUNLP,0.00366
input.InL2c1,input.FDUNLP,0.22715
input.iritfd1,input.FDUNLP,0.00002
input.iritfd2,input.FDUNLP,0.00000
input.IRSIGoogle1G,input.FDUNLP,0.00134
input.IRSIGoogle2G,input.FDUNLP,0.04547
input.isiFD,input.FDUNLP,0.00000
input.isiFDL,input.FDUNLP,0.00000
input.isiFDRM,input.FDUNLP,0.00000
input.isiFDRML,input.FDUNLP,0.00000
input.kanopeRun,input.FDUNLP,0.00000
input.KAUSTBase,input.FDUNLP,0.00223
input.KAUSTExp,input.FDUNLP,0.00465
input.KAUSTExpRrnk,input.FDUNLP,0.02133
input.KAUSTRerank,input.FDUNLP,0.00825
input.LJQO10,input.FDUNLP,0.00152
input.LJQO5,input.FDUNLP,0.00152
input.LMOP10,input.FDUNLP,0.49697
input.LMOP5,input.FDUNLP,0.85034
input.LThresh,input.FDUNLP,0.70586
input.manualWISTUD,input.FDUNLP,0.00000
input.melblt,input.FDUNLP,0.01028
input.MONASH1NEW,input.FDUNLP,0.05428
input.MONASH2NEW,input.FDUNLP,0.01929
input.MorpheusRun1,input.FDUNLP,0.00078
input.mulnewWISTUD,input.FDUNLP,0.05427
input.myRun,input.FDUNLP,0.00078
input.myrun2,input.FDUNLP,0.00000
input.myrun3,input.FDUNLP,0.00001
input.Nestor,input.FDUNLP,0.87995
input.NestorS,input.FDUNLP,0.99995
input.normal,input.FDUNLP,0.01930
input.nQCRIwoTag,input.FDUNLP,0.00921
input.nQCRIwTag,input.FDUNLP,0.00413
input.omarRun,input.FDUNLP,0.07609
input.PKUICST,input.FDUNLP,0.00000
input.PKUICST2,input.FDUNLP,0.00004
input.PKUICST3,input.FDUNLP,0.00000
input.PKUICST4,input.FDUNLP,0.00000
input.PL2Bo1SDExt,input.FDUNLP,0.00000
input.PL2NoQENoDM,input.FDUNLP,0.14103
input.PL2NoQeSd,input.FDUNLP,0.25752
input.PL2NoQeSdExt,input.FDUNLP,0.00000
input.PRISrun1,input.FDUNLP,0.00000
input.PRISrun2,input.FDUNLP,0.00000
input.PRISrun3,input.FDUNLP,0.00000
input.PRISrun4,input.FDUNLP,0.01929
input.QCRIwoTagOrg,input.FDUNLP,0.00921
input.QCRIwTagOrg,input.FDUNLP,0.00413
input.qHtagBaseRun,input.FDUNLP,0.85047
input.qRefLThresh,input.FDUNLP,0.59718
input.refBalRun,input.FDUNLP,0.25757
input.refRelRun,input.FDUNLP,0.04550
input.relevanceRun,input.FDUNLP,0.00016
input.RFD,input.FDUNLP,0.67793
input.ri,input.FDUNLP,0.00000
input.rit,input.FDUNLP,0.00465
input.rit3,input.FDUNLP,0.24204
input.RMITAR,input.FDUNLP,0.79145
input.RMITM,input.FDUNLP,0.38545
input.RMITMR,input.FDUNLP,0.32637
input.RMITMRR,input.FDUNLP,0.04972
input.Rocchio,input.FDUNLP,0.79171
input.RTB,input.FDUNLP,0.00000
input.run1,input.FDUNLP,0.00022
input.run1a,input.FDUNLP,0.01145
input.run1fix,input.FDUNLP,0.00001
input.run2,input.FDUNLP,0.00000
input.run2a,input.FDUNLP,0.09679
input.run3,input.FDUNLP,0.14110
input.run3a,input.FDUNLP,0.62380
input.run4,input.FDUNLP,0.65059
input.run4a,input.FDUNLP,0.54605
input.RunAll,input.FDUNLP,0.19949
input.RunFut,input.FDUNLP,0.36512
input.runNeMIS,input.FDUNLP,0.01929
input.runNeMISext,input.FDUNLP,0.13112
input.RunPure,input.FDUNLP,0.16263
input.scurtuRun1,input.FDUNLP,0.36509
input.sielrun1,input.FDUNLP,0.00134
input.sielrun2,input.FDUNLP,0.03793
input.sielrun3,input.FDUNLP,0.02355
input.sielrun4,input.FDUNLP,0.03147
input.SienaCL1B,input.FDUNLP,0.01028
input.SienaCL31,input.FDUNLP,0.04548
input.SienaCL342,input.FDUNLP,0.04155
input.SienaCLbase,input.FDUNLP,0.05426
input.simfoll,input.FDUNLP,0.01275
input.simfollTP01,input.FDUNLP,0.01028
input.sylesNoRes,input.FDUNLP,0.00004
input.tfTP01,input.FDUNLP,0.01572
input.udelIndri,input.FDUNLP,0.01028
input.udelLucene,input.FDUNLP,0.00007
input.UDMicroComb1,input.FDUNLP,0.76264
input.UDMicroComb2,input.FDUNLP,0.15151
input.UDMicroIDF,input.FDUNLP,0.01742
input.UDMicroIDFD,input.FDUNLP,0.38539
input.uicir1,input.FDUNLP,0.93998
input.uicir2,input.FDUNLP,0.73403
input.UIowaS1,input.FDUNLP,0.07605
input.UIowaS2,input.FDUNLP,0.07608
input.UIowaS3,input.FDUNLP,0.06440
input.UIowaS4,input.FDUNLP,0.19937
input.uiucsf,input.FDUNLP,0.00000
input.uogTrLqea,input.FDUNLP,0.32654
input.uogTrLqeabd,input.FDUNLP,0.18656
input.uogTrLqeabdd,input.FDUNLP,0.12181
input.uogTrUB2,input.FDUNLP,0.08944
input.UTBase,input.FDUNLP,0.22717
input.UTBaseRTF,input.FDUNLP,0.00000
input.UTWngFuture,input.FDUNLP,0.00000
input.UTWngFutureQ,input.FDUNLP,0.00134
input.waterlooa1,input.FDUNLP,0.00002
input.waterlooa2,input.FDUNLP,0.00034
input.waterlooa3,input.FDUNLP,0.00000
input.waterlooa4,input.FDUNLP,0.00001
input.WESTfilext,input.FDUNLP,0.76268
input.WESTfilter,input.FDUNLP,0.96979
input.WESTrelint,input.FDUNLP,0.00059
input.WESTrlext,input.FDUNLP,0.00059
input.Wise2ndRun,input.FDUNLP,0.00005
input.WiseFifthRun,input.FDUNLP,0.00324
input.WiseFouthRun,input.FDUNLP,0.08256
input.WiseThirdRun,input.FDUNLP,0.00005
input.ya3,input.FDUNLP,0.47325
input.ya4,input.FDUNLP,0.70586
input.YNDXTPC1,input.FDUNLP,0.45038
input.YNDXTPC2,input.FDUNLP,0.65055
input.Google1GNO,input.FDUNLP2,0.00039
input.gus,input.FDUNLP2,0.02354
input.gust,input.FDUNLP2,0.01275
input.gustc,input.FDUNLP2,0.01275
input.gut,input.FDUNLP2,0.00103
input.hitWId,input.FDUNLP2,0.00000
input.hitWIt,input.FDUNLP2,0.00000
input.ICTNET11MBR1,input.FDUNLP2,0.01275
input.ICTNET11MBR2,input.FDUNLP2,0.47339
input.ICTNET11MBR3,input.FDUNLP2,0.00523
input.ICTNET11MBR4,input.FDUNLP2,0.02861
input.IDEAACTQE,input.FDUNLP2,0.04972
input.IDEABASIC,input.FDUNLP2,0.05917
input.IDEABASICACT,input.FDUNLP2,0.05917
input.IDEABASICQE,input.FDUNLP2,0.04548
input.ikmRun1,input.FDUNLP2,0.01275
input.InL2c1,input.FDUNLP2,0.10462
input.iritfd1,input.FDUNLP2,0.00000
input.iritfd2,input.FDUNLP2,0.00000
input.IRSIGoogle1G,input.FDUNLP2,0.00029
input.IRSIGoogle2G,input.FDUNLP2,0.01572
input.isiFD,input.FDUNLP2,0.00000
input.isiFDL,input.FDUNLP2,0.00000
input.isiFDRM,input.FDUNLP2,0.00000
input.isiFDRML,input.FDUNLP2,0.00000
input.kanopeRun,input.FDUNLP2,0.00000
input.KAUSTBase,input.FDUNLP2,0.00052
input.KAUSTExp,input.FDUNLP2,0.00117
input.KAUSTExpRrnk,input.FDUNLP2,0.00658
input.KAUSTRerank,input.FDUNLP2,0.00224
input.LJQO10,input.FDUNLP2,0.00034
input.LJQO5,input.FDUNLP2,0.00034
input.LMOP10,input.FDUNLP2,0.27378
input.LMOP5,input.FDUNLP2,0.82086
input.LThresh,input.FDUNLP2,0.42804
input.manualWISTUD,input.FDUNLP2,0.00000
input.melblt,input.FDUNLP2,0.00287
input.MONASH1NEW,input.FDUNLP2,0.13118
input.MONASH2NEW,input.FDUNLP2,0.05426
input.MorpheusRun1,input.FDUNLP2,0.00324
input.mulnewWISTUD,input.FDUNLP2,0.01929
input.myRun,input.FDUNLP2,0.00016
input.myrun2,input.FDUNLP2,0.00000
input.myrun3,input.FDUNLP2,0.00000
input.Nestor,input.FDUNLP2,0.57128
input.NestorS,input.FDUNLP2,0.67801
input.normal,input.FDUNLP2,0.00587
input.nQCRIwoTag,input.FDUNLP2,0.00253
input.nQCRIwTag,input.FDUNLP2,0.00103
input.omarRun,input.FDUNLP2,0.02860
input.PKUICST,input.FDUNLP2,0.00000
input.PKUICST2,input.FDUNLP2,0.00001
input.PKUICST3,input.FDUNLP2,0.00000
input.PKUICST4,input.FDUNLP2,0.00000
input.PL2Bo1SDExt,input.FDUNLP2,0.00000
input.PL2NoQENoDM,input.FDUNLP2,0.05915
input.PL2NoQeSd,input.FDUNLP2,0.12177
input.PL2NoQeSdExt,input.FDUNLP2,0.00000
input.PRISrun1,input.FDUNLP2,0.00000
input.PRISrun2,input.FDUNLP2,0.00000
input.PRISrun3,input.FDUNLP2,0.00000
input.PRISrun4,input.FDUNLP2,0.00587
input.QCRIwoTagOrg,input.FDUNLP2,0.00253
input.QCRIwTagOrg,input.FDUNLP2,0.00103
input.qHtagBaseRun,input.FDUNLP2,0.54609
input.qRefLThresh,input.FDUNLP2,0.90977
input.refBalRun,input.FDUNLP2,0.12180
input.refRelRun,input.FDUNLP2,0.01573
input.relevanceRun,input.FDUNLP2,0.00003
input.RFD,input.FDUNLP2,0.40630
input.ri,input.FDUNLP2,0.00000
input.rit,input.FDUNLP2,0.00117
input.rit3,input.FDUNLP2,0.11296
input.RMITAR,input.FDUNLP2,0.88021
input.RMITM,input.FDUNLP2,0.19949
input.RMITMR,input.FDUNLP2,0.57117
input.RMITMRR,input.FDUNLP2,0.01743
input.Rocchio,input.FDUNLP2,0.49700
input.RTB,input.FDUNLP2,0.00000
input.run1,input.FDUNLP2,0.00004
input.run1a,input.FDUNLP2,0.03456
input.run1fix,input.FDUNLP2,0.00000
input.run2,input.FDUNLP2,0.00000
input.run2a,input.FDUNLP2,0.21295
input.run3,input.FDUNLP2,0.05918
input.run3a,input.FDUNLP2,0.93994
input.run4,input.FDUNLP2,0.38536
input.run4a,input.FDUNLP2,0.85043
input.RunAll,input.FDUNLP2,0.08948
input.RunFut,input.FDUNLP2,0.18658
input.runNeMIS,input.FDUNLP2,0.05425
input.runNeMISext,input.FDUNLP2,0.27371
input.RunPure,input.FDUNLP2,0.07008
input.scurtuRun1,input.FDUNLP2,0.62372
input.sielrun1,input.FDUNLP2,0.00522
input.sielrun2,input.FDUNLP2,0.09681
input.sielrun3,input.FDUNLP2,0.06442
input.sielrun4,input.FDUNLP2,0.08258
input.SienaCL1B,input.FDUNLP2,0.00287
input.SienaCL31,input.FDUNLP2,0.01572
input.SienaCL342,input.FDUNLP2,0.01416
input.SienaCLbase,input.FDUNLP2,0.01929
input.simfoll,input.FDUNLP2,0.00366
input.simfollTP01,input.FDUNLP2,0.00287
input.sylesNoRes,input.FDUNLP2,0.00001
input.tfTP01,input.FDUNLP2,0.00465
input.udelIndri,input.FDUNLP2,0.00287
input.udelLucene,input.FDUNLP2,0.00039
input.UDMicroComb1,input.FDUNLP2,0.47329
input.UDMicroComb2,input.FDUNLP2,0.06441
input.UDMicroIDF,input.FDUNLP2,0.00523
input.UDMicroIDFD,input.FDUNLP2,0.19945
input.uicir1,input.FDUNLP2,0.62384
input.uicir2,input.FDUNLP2,0.93994
input.UIowaS1,input.FDUNLP2,0.02858
input.UIowaS2,input.FDUNLP2,0.02860
input.UIowaS3,input.FDUNLP2,0.02354
input.UIowaS4,input.FDUNLP2,0.08942
input.uiucsf,input.FDUNLP2,0.00000
input.uogTrLqea,input.FDUNLP2,0.57140
input.uogTrLqeabd,input.FDUNLP2,0.36509
input.uogTrLqeabdd,input.FDUNLP2,0.25759
input.uogTrUB2,input.FDUNLP2,0.19941
input.UTBase,input.FDUNLP2,0.42804
input.UTBaseRTF,input.FDUNLP2,0.00000
input.UTWngFuture,input.FDUNLP2,0.00000
input.UTWngFutureQ,input.FDUNLP2,0.00522
input.waterlooa1,input.FDUNLP2,0.00000
input.waterlooa2,input.FDUNLP2,0.00006
input.waterlooa3,input.FDUNLP2,0.00000
input.waterlooa4,input.FDUNLP2,0.00000
input.WESTfilext,input.FDUNLP2,0.90990
input.WESTfilter,input.FDUNLP2,0.65055
input.WESTrelint,input.FDUNLP2,0.00254
input.WESTrlext,input.FDUNLP2,0.00254
input.Wise2ndRun,input.FDUNLP2,0.00001
input.WiseFifthRun,input.FDUNLP2,0.00078
input.WiseFouthRun,input.FDUNLP2,0.03147
input.WiseThirdRun,input.FDUNLP2,0.00001
input.ya3,input.FDUNLP2,0.76260
input.ya4,input.FDUNLP2,0.42804
input.YNDXTPC1,input.FDUNLP2,0.73411
input.YNDXTPC2,input.FDUNLP2,0.96979
input.gus,input.Google1GNO,0.19947
input.gust,input.Google1GNO,0.29058
input.gustc,input.Google1GNO,0.29058
input.gut,input.Google1GNO,0.79149
input.hitWId,input.Google1GNO,0.00034
input.hitWIt,input.Google1GNO,0.00006
input.ICTNET11MBR1,input.Google1GNO,0.29058
input.ICTNET11MBR2,input.Google1GNO,0.00465
input.ICTNET11MBR3,input.Google1GNO,0.45031
input.ICTNET11MBR4,input.Google1GNO,0.17422
input.IDEAACTQE,input.Google1GNO,0.11291
input.IDEABASIC,input.Google1GNO,0.09678
input.IDEABASICACT,input.Google1GNO,0.09678
input.IDEABASICQE,input.Google1GNO,0.12176
input.ikmRun1,input.Google1GNO,0.00000
input.InL2c1,input.Google1GNO,0.05426
input.iritfd1,input.Google1GNO,0.25769
input.iritfd2,input.Google1GNO,0.14107
input.IRSIGoogle1G,input.Google1GNO,0.93998
input.IRSIGoogle2G,input.Google1GNO,0.25755
input.isiFD,input.Google1GNO,0.00197
input.isiFDL,input.Google1GNO,0.00005
input.isiFDRM,input.Google1GNO,0.00014
input.isiFDRML,input.Google1GNO,0.00004
input.kanopeRun,input.Google1GNO,0.00000
input.KAUSTBase,input.Google1GNO,0.93994
input.KAUSTExp,input.Google1GNO,0.76268
input.KAUSTExpRrnk,input.Google1GNO,0.40637
input.KAUSTRerank,input.Google1GNO,0.62364
input.LJQO10,input.Google1GNO,0.96988
input.LJQO5,input.Google1GNO,0.96988
input.LMOP10,input.Google1GNO,0.01416
input.LMOP5,input.Google1GNO,0.00090
input.LThresh,input.Google1GNO,0.00587
input.manualWISTUD,input.Google1GNO,0.00587
input.melblt,input.Google1GNO,0.57121
input.MONASH1NEW,input.Google1GNO,0.00000
input.MONASH2NEW,input.Google1GNO,0.00000
input.MorpheusRun1,input.Google1GNO,0.00000
input.mulnewWISTUD,input.Google1GNO,0.22713
input.myRun,input.Google1GNO,0.82086
input.myrun2,input.Google1GNO,0.10457
input.myrun3,input.Google1GNO,0.16259
input.Nestor,input.Google1GNO,0.00287
input.NestorS,input.Google1GNO,0.00173
input.normal,input.Google1GNO,0.42794
input.nQCRIwoTag,input.Google1GNO,0.59718
input.nQCRIwTag,input.Google1GNO,0.79158
input.omarRun,input.Google1GNO,0.17426
input.PKUICST,input.Google1GNO,0.08946
input.PKUICST2,input.Google1GNO,0.32656
input.PKUICST3,input.Google1GNO,0.04972
input.PKUICST4,input.Google1GNO,0.03793
input.PL2Bo1SDExt,input.Google1GNO,0.00000
input.PL2NoQENoDM,input.Google1GNO,0.09681
input.PL2NoQeSd,input.Google1GNO,0.04548
input.PL2NoQeSdExt,input.Google1GNO,0.00000
input.PRISrun1,input.Google1GNO,0.00002
input.PRISrun2,input.Google1GNO,0.00000
input.PRISrun3,input.Google1GNO,0.00039
input.PRISrun4,input.Google1GNO,0.42801
input.QCRIwoTagOrg,input.Google1GNO,0.59718
input.QCRIwTagOrg,input.Google1GNO,0.79158
input.qHtagBaseRun,input.Google1GNO,0.00324
input.qRefLThresh,input.Google1GNO,0.00025
input.refBalRun,input.Google1GNO,0.04546
input.refRelRun,input.Google1GNO,0.25743
input.relevanceRun,input.Google1GNO,0.52127
input.RFD,input.Google1GNO,0.00658
input.ri,input.Google1GNO,0.00197
input.rit,input.Google1GNO,0.76277
input.rit3,input.Google1GNO,0.04970
input.RMITAR,input.Google1GNO,0.00068
input.RMITM,input.Google1GNO,0.02354
input.RMITMR,input.Google1GNO,0.00004
input.RMITMRR,input.Google1GNO,0.24195
input.Rocchio,input.Google1GNO,0.00413
input.RTB,input.Google1GNO,0.00000
input.run1,input.Google1GNO,0.57144
input.run1a,input.Google1GNO,0.00000
input.run1fix,input.Google1GNO,0.17435
input.run2,input.Google1GNO,0.05426
input.run2a,input.Google1GNO,0.00000
input.run3,input.Google1GNO,0.09676
input.run3a,input.Google1GNO,0.00029
input.run4,input.Google1GNO,0.00737
input.run4a,input.Google1GNO,0.00019
input.RunAll,input.Google1GNO,0.06439
input.RunFut,input.Google1GNO,0.02596
input.runNeMIS,input.Google1GNO,0.00000
input.runNeMISext,input.Google1GNO,0.00000
input.RunPure,input.Google1GNO,0.08253
input.scurtuRun1,input.Google1GNO,0.00005
input.sielrun1,input.Google1GNO,0.00000
input.sielrun2,input.Google1GNO,0.00000
input.sielrun3,input.Google1GNO,0.00000
input.sielrun4,input.Google1GNO,0.00000
input.SienaCL1B,input.Google1GNO,0.57132
input.SienaCL31,input.Google1GNO,0.25750
input.SienaCL342,input.Google1GNO,0.27373
input.SienaCLbase,input.Google1GNO,0.22715
input.simfoll,input.Google1GNO,0.52104
input.simfollTP01,input.Google1GNO,0.57128
input.sylesNoRes,input.Google1GNO,0.32659
input.tfTP01,input.Google1GNO,0.47329
input.udelIndri,input.Google1GNO,0.57125
input.udelLucene,input.Google1GNO,0.00000
input.UDMicroComb1,input.Google1GNO,0.00465
input.UDMicroComb2,input.Google1GNO,0.08946
input.UDMicroIDF,input.Google1GNO,0.45034
input.UDMicroIDFD,input.Google1GNO,0.02355
input.uicir1,input.Google1GNO,0.00223
input.uicir2,input.Google1GNO,0.00052
input.UIowaS1,input.Google1GNO,0.17433
input.UIowaS2,input.Google1GNO,0.17428
input.UIowaS3,input.Google1GNO,0.19947
input.UIowaS4,input.Google1GNO,0.06444
input.uiucsf,input.Google1GNO,0.00000
input.uogTrLqea,input.Google1GNO,0.00004
input.uogTrLqeabd,input.Google1GNO,0.00001
input.uogTrLqeabdd,input.Google1GNO,0.00000
input.uogTrUB2,input.Google1GNO,0.00000
input.UTBase,input.Google1GNO,0.00001
input.UTBaseRTF,input.Google1GNO,0.00000
input.UTWngFuture,input.Google1GNO,0.00000
input.UTWngFutureQ,input.Google1GNO,0.00000
input.waterlooa1,input.Google1GNO,0.25759
input.waterlooa2,input.Google1GNO,0.65067
input.waterlooa3,input.Google1GNO,0.02597
input.waterlooa4,input.Google1GNO,0.22722
input.WESTfilext,input.Google1GNO,0.00059
input.WESTfilter,input.Google1GNO,0.00197
input.WESTrelint,input.Google1GNO,0.00000
input.WESTrlext,input.Google1GNO,0.00000
input.Wise2ndRun,input.Google1GNO,0.34544
input.WiseFifthRun,input.Google1GNO,0.85025
input.WiseFouthRun,input.Google1GNO,0.16257
input.WiseThirdRun,input.Google1GNO,0.34544
input.ya3,input.Google1GNO,0.00012
input.ya4,input.Google1GNO,0.00587
input.YNDXTPC1,input.Google1GNO,0.00010
input.YNDXTPC2,input.Google1GNO,0.00034
input.gust,input.gus,0.82103
input.gustc,input.gus,0.82103
input.gut,input.gus,0.30834
input.hitWId,input.gus,0.00000
input.hitWIt,input.gus,0.00000
input.ICTNET11MBR1,input.gus,0.82103
input.ICTNET11MBR2,input.gus,0.12173
input.ICTNET11MBR3,input.gus,0.59738
input.ICTNET11MBR4,input.gus,0.93967
input.IDEAACTQE,input.gus,0.76251
input.IDEABASIC,input.gus,0.70573
input.IDEABASICACT,input.gus,0.70573
input.IDEABASICQE,input.gus,0.79149
input.ikmRun1,input.gus,0.00000
input.InL2c1,input.gus,0.52108
input.iritfd1,input.gus,0.01574
input.iritfd2,input.gus,0.00587
input.IRSIGoogle1G,input.gus,0.17435
input.IRSIGoogle2G,input.gus,0.88008
input.isiFD,input.gus,0.00001
input.isiFDL,input.gus,0.00000
input.isiFDRM,input.gus,0.00000
input.isiFDRML,input.gus,0.00000
input.kanopeRun,input.gus,0.00000
input.KAUSTBase,input.gus,0.22715
input.KAUSTExp,input.gus,0.32654
input.KAUSTExpRrnk,input.gus,0.65071
input.KAUSTRerank,input.gus,0.42814
input.LJQO10,input.gus,0.18656
input.LJQO5,input.gus,0.18656
input.LMOP10,input.gus,0.24195
input.LMOP5,input.gus,0.04154
input.LThresh,input.gus,0.14103
input.manualWISTUD,input.gus,0.00005
input.melblt,input.gus,0.47350
input.MONASH1NEW,input.gus,0.00016
input.MONASH2NEW,input.gus,0.00003
input.MorpheusRun1,input.gus,0.00000
input.mulnewWISTUD,input.gus,0.93998
input.myRun,input.gus,0.13117
input.myrun2,input.gus,0.00366
input.myrun3,input.gus,0.00737
input.Nestor,input.gus,0.08944
input.NestorS,input.gus,0.06441
input.normal,input.gus,0.62388
input.nQCRIwoTag,input.gus,0.45048
input.nQCRIwTag,input.gus,0.30829
input.omarRun,input.gus,0.93976
input.PKUICST,input.gus,0.00287
input.PKUICST2,input.gus,0.02357
input.PKUICST3,input.gus,0.00117
input.PKUICST4,input.gus,0.00078
input.PL2Bo1SDExt,input.gus,0.00000
input.PL2NoQENoDM,input.gus,0.70586
input.PL2NoQeSd,input.gus,0.47329
input.PL2NoQeSdExt,input.gus,0.00000
input.PRISrun1,input.gus,0.00000
input.PRISrun2,input.gus,0.00000
input.PRISrun3,input.gus,0.00000
input.PRISrun4,input.gus,0.62380
input.QCRIwoTagOrg,input.gus,0.45048
input.QCRIwTagOrg,input.gus,0.30829
input.qHtagBaseRun,input.gus,0.09673
input.qRefLThresh,input.gus,0.01741
input.refBalRun,input.gus,0.47322
input.refRelRun,input.gus,0.88030
input.relevanceRun,input.gus,0.05430
input.RFD,input.gus,0.15154
input.ri,input.gus,0.00001
input.rit,input.gus,0.32648
input.rit3,input.gus,0.49682
input.RMITAR,input.gus,0.03453
input.RMITM,input.gus,0.32634
input.RMITMR,input.gus,0.00464
input.RMITMRR,input.gus,0.91008
input.Rocchio,input.gus,0.11289
input.RTB,input.gus,0.00000
input.run1,input.gus,0.06446
input.run1a,input.gus,0.00001
input.run1fix,input.gus,0.00826
input.run2,input.gus,0.00134
input.run2a,input.gus,0.00045
input.run3,input.gus,0.70565
input.run3a,input.gus,0.01929
input.run4,input.gus,0.16257
input.run4a,input.gus,0.01416
input.RunAll,input.gus,0.57113
input.RunFut,input.gus,0.34530
input.runNeMIS,input.gus,0.00003
input.runNeMISext,input.gus,0.00078
input.RunPure,input.gus,0.65047
input.scurtuRun1,input.gus,0.00587
input.sielrun1,input.gus,0.00000
input.sielrun2,input.gus,0.00009
input.sielrun3,input.gus,0.00004
input.sielrun4,input.gus,0.00006
input.SienaCL1B,input.gus,0.47339
input.SienaCL31,input.gus,0.88017
input.SienaCL342,input.gus,0.85043
input.SienaCLbase,input.gus,0.93994
input.simfoll,input.gus,0.52130
input.simfollTP01,input.gus,0.47343
input.sylesNoRes,input.gus,0.02357
input.tfTP01,input.gus,0.57144
input.udelIndri,input.gus,0.47346
input.udelLucene,input.gus,0.00000
input.UDMicroComb1,input.gus,0.12177
input.UDMicroComb2,input.gus,0.67801
input.UDMicroIDF,input.gus,0.59734
input.UDMicroIDFD,input.gus,0.32640
input.uicir1,input.gus,0.07604
input.uicir2,input.gus,0.02858
input.UIowaS1,input.gus,0.93994
input.UIowaS2,input.gus,0.93980
input.UIowaS3,input.gus,1.00000
input.UIowaS4,input.gus,0.57136
input.uiucsf,input.gus,0.00000
input.uogTrLqea,input.gus,0.00465
input.uogTrLqeabd,input.gus,0.00152
input.uogTrLqeabdd,input.gus,0.00068
input.uogTrUB2,input.gus,0.00039
input.UTBase,input.gus,0.00224
input.UTBaseRTF,input.gus,0.00000
input.UTWngFuture,input.gus,0.00000
input.UTWngFutureQ,input.gus,0.00000
input.waterlooa1,input.gus,0.01573
input.waterlooa2,input.gus,0.08258
input.waterlooa3,input.gus,0.00045
input.waterlooa4,input.gus,0.01275
input.WESTfilext,input.gus,0.03145
input.WESTfilter,input.gus,0.07006
input.WESTrelint,input.gus,0.00000
input.WESTrlext,input.gus,0.00000
input.Wise2ndRun,input.gus,0.02598
input.WiseFifthRun,input.gus,0.27383
input.WiseFouthRun,input.gus,0.90972
input.WiseThirdRun,input.gus,0.02598
input.ya3,input.gus,0.01027
input.ya4,input.gus,0.14103
input.YNDXTPC1,input.gus,0.00921
input.YNDXTPC2,input.gus,0.02131
input.gustc,input.gust,1.00000
input.gut,input.gust,0.42808
input.hitWId,input.gust,0.00000
input.hitWIt,input.gust,0.00000
input.ICTNET11MBR1,input.gust,1.00000
input.ICTNET11MBR2,input.gust,0.07610
input.ICTNET11MBR3,input.gust,0.76268
input.ICTNET11MBR4,input.gust,0.76273
input.IDEAACTQE,input.gust,0.59722
input.IDEABASIC,input.gust,0.54597
input.IDEABASICACT,input.gust,0.54597
input.IDEABASICQE,input.gust,0.62372
input.ikmRun1,input.gust,0.00000
input.InL2c1,input.gust,0.38545
input.iritfd1,input.gust,0.02862
input.iritfd2,input.gust,0.01145
input.IRSIGoogle1G,input.gust,0.25757
input.IRSIGoogle2G,input.gust,0.93994
input.isiFD,input.gust,0.00003
input.isiFDL,input.gust,0.00000
input.isiFDRM,input.gust,0.00000
input.isiFDRML,input.gust,0.00000
input.kanopeRun,input.gust,0.00000
input.KAUSTBase,input.gust,0.32634
input.KAUSTExp,input.gust,0.45031
input.KAUSTExpRrnk,input.gust,0.82077
input.KAUSTRerank,input.gust,0.57128
input.LJQO10,input.gust,0.27368
input.LJQO5,input.gust,0.27368
input.LMOP10,input.gust,0.16261
input.LMOP5,input.gust,0.02356
input.LThresh,input.gust,0.08947
input.manualWISTUD,input.gust,0.00014
input.melblt,input.gust,0.62372
input.MONASH1NEW,input.gust,0.00006
input.MONASH2NEW,input.gust,0.00001
input.MorpheusRun1,input.gust,0.00000
input.mulnewWISTUD,input.gust,0.88004
input.myRun,input.gust,0.19939
input.myrun2,input.gust,0.00736
input.myrun3,input.gust,0.01416
input.Nestor,input.gust,0.05428
input.NestorS,input.gust,0.03793
input.normal,input.gust,0.79167
input.nQCRIwoTag,input.gust,0.59722
input.nQCRIwTag,input.gust,0.42801
input.omarRun,input.gust,0.76281
input.PKUICST,input.gust,0.00587
input.PKUICST2,input.gust,0.04156
input.PKUICST3,input.gust,0.00253
input.PKUICST4,input.gust,0.00173
input.PL2Bo1SDExt,input.gust,0.00000
input.PL2NoQENoDM,input.gust,0.54609
input.PL2NoQeSd,input.gust,0.34550
input.PL2NoQeSdExt,input.gust,0.00000
input.PRISrun1,input.gust,0.00000
input.PRISrun2,input.gust,0.00000
input.PRISrun3,input.gust,0.00000
input.PRISrun4,input.gust,0.79158
input.QCRIwoTagOrg,input.gust,0.59722
input.QCRIwTagOrg,input.gust,0.42801
input.qHtagBaseRun,input.gust,0.05915
input.qRefLThresh,input.gust,0.00921
input.refBalRun,input.gust,0.34544
input.refRelRun,input.gust,0.93971
input.relevanceRun,input.gust,0.08946
input.RFD,input.gust,0.09685
input.ri,input.gust,0.00003
input.rit,input.gust,0.45024
input.rit3,input.gust,0.36509
input.RMITAR,input.gust,0.01928
input.RMITM,input.gust,0.22715
input.RMITMR,input.gust,0.00224
input.RMITMRR,input.gust,0.90981
input.Rocchio,input.gust,0.07006
input.RTB,input.gust,0.00000
input.run1,input.gust,0.10463
input.run1a,input.gust,0.00000
input.run1fix,input.gust,0.01573
input.run2,input.gust,0.00287
input.run2a,input.gust,0.00019
input.run3,input.gust,0.54590
input.run3a,input.gust,0.01029
input.run4,input.gust,0.10466
input.run4a,input.gust,0.00738
input.RunAll,input.gust,0.42801
input.RunFut,input.gust,0.24201
input.runNeMIS,input.gust,0.00001
input.runNeMISext,input.gust,0.00034
input.RunPure,input.gust,0.49693
input.scurtuRun1,input.gust,0.00287
input.sielrun1,input.gust,0.00000
input.sielrun2,input.gust,0.00003
input.sielrun3,input.gust,0.00001
input.sielrun4,input.gust,0.00002
input.SienaCL1B,input.gust,0.62360
input.SienaCL31,input.gust,0.93985
input.SienaCL342,input.gust,0.96997
input.SienaCLbase,input.gust,0.88008
input.simfoll,input.gust,0.67805
input.simfollTP01,input.gust,0.62364
input.sylesNoRes,input.gust,0.04156
input.tfTP01,input.gust,0.73407
input.udelIndri,input.gust,0.62368
input.udelLucene,input.gust,0.00000
input.UDMicroComb1,input.gust,0.07613
input.UDMicroComb2,input.gust,0.52127
input.UDMicroIDF,input.gust,0.76264
input.UDMicroIDFD,input.gust,0.22720
input.uicir1,input.gust,0.04546
input.uicir2,input.gust,0.01572
input.UIowaS1,input.gust,0.76298
input.UIowaS2,input.gust,0.76286
input.UIowaS3,input.gust,0.82103
input.UIowaS4,input.gust,0.42821
input.uiucsf,input.gust,0.00000
input.uogTrLqea,input.gust,0.00224
input.uogTrLqeabd,input.gust,0.00068
input.uogTrLqeabdd,input.gust,0.00029
input.uogTrUB2,input.gust,0.00016
input.UTBase,input.gust,0.00103
input.UTBaseRTF,input.gust,0.00000
input.UTWngFuture,input.gust,0.00000
input.UTWngFutureQ,input.gust,0.00000
input.waterlooa1,input.gust,0.02860
input.waterlooa2,input.gust,0.13112
input.waterlooa3,input.gust,0.00103
input.waterlooa4,input.gust,0.02355
input.WESTfilext,input.gust,0.01743
input.WESTfilter,input.gust,0.04158
input.WESTrelint,input.gust,0.00000
input.WESTrlext,input.gust,0.00000
input.Wise2ndRun,input.gust,0.04546
input.WiseFifthRun,input.gust,0.38536
input.WiseFouthRun,input.gust,0.73415
input.WiseThirdRun,input.gust,0.04546
input.ya3,input.gust,0.00523
input.ya4,input.gust,0.08947
input.YNDXTPC1,input.gust,0.00465
input.YNDXTPC2,input.gust,0.01145
input.gut,input.gustc,0.42808
input.hitWId,input.gustc,0.00000
input.hitWIt,input.gustc,0.00000
input.ICTNET11MBR1,input.gustc,1.00000
input.ICTNET11MBR2,input.gustc,0.07610
input.ICTNET11MBR3,input.gustc,0.76268
input.ICTNET11MBR4,input.gustc,0.76273
input.IDEAACTQE,input.gustc,0.59722
input.IDEABASIC,input.gustc,0.54597
input.IDEABASICACT,input.gustc,0.54597
input.IDEABASICQE,input.gustc,0.62372
input.ikmRun1,input.gustc,0.00000
input.InL2c1,input.gustc,0.38545
input.iritfd1,input.gustc,0.02862
input.iritfd2,input.gustc,0.01145
input.IRSIGoogle1G,input.gustc,0.25757
input.IRSIGoogle2G,input.gustc,0.93994
input.isiFD,input.gustc,0.00003
input.isiFDL,input.gustc,0.00000
input.isiFDRM,input.gustc,0.00000
input.isiFDRML,input.gustc,0.00000
input.kanopeRun,input.gustc,0.00000
input.KAUSTBase,input.gustc,0.32634
input.KAUSTExp,input.gustc,0.45031
input.KAUSTExpRrnk,input.gustc,0.82077
input.KAUSTRerank,input.gustc,0.57128
input.LJQO10,input.gustc,0.27368
input.LJQO5,input.gustc,0.27368
input.LMOP10,input.gustc,0.16261
input.LMOP5,input.gustc,0.02356
input.LThresh,input.gustc,0.08947
input.manualWISTUD,input.gustc,0.00014
input.melblt,input.gustc,0.62372
input.MONASH1NEW,input.gustc,0.00006
input.MONASH2NEW,input.gustc,0.00001
input.MorpheusRun1,input.gustc,0.00000
input.mulnewWISTUD,input.gustc,0.88004
input.myRun,input.gustc,0.19939
input.myrun2,input.gustc,0.00736
input.myrun3,input.gustc,0.01416
input.Nestor,input.gustc,0.05428
input.NestorS,input.gustc,0.03793
input.normal,input.gustc,0.79167
input.nQCRIwoTag,input.gustc,0.59722
input.nQCRIwTag,input.gustc,0.42801
input.omarRun,input.gustc,0.76281
input.PKUICST,input.gustc,0.00587
input.PKUICST2,input.gustc,0.04156
input.PKUICST3,input.gustc,0.00253
input.PKUICST4,input.gustc,0.00173
input.PL2Bo1SDExt,input.gustc,0.00000
input.PL2NoQENoDM,input.gustc,0.54609
input.PL2NoQeSd,input.gustc,0.34550
input.PL2NoQeSdExt,input.gustc,0.00000
input.PRISrun1,input.gustc,0.00000
input.PRISrun2,input.gustc,0.00000
input.PRISrun3,input.gustc,0.00000
input.PRISrun4,input.gustc,0.79158
input.QCRIwoTagOrg,input.gustc,0.59722
input.QCRIwTagOrg,input.gustc,0.42801
input.qHtagBaseRun,input.gustc,0.05915
input.qRefLThresh,input.gustc,0.00921
input.refBalRun,input.gustc,0.34544
input.refRelRun,input.gustc,0.93971
input.relevanceRun,input.gustc,0.08946
input.RFD,input.gustc,0.09685
input.ri,input.gustc,0.00003
input.rit,input.gustc,0.45024
input.rit3,input.gustc,0.36509
input.RMITAR,input.gustc,0.01928
input.RMITM,input.gustc,0.22715
input.RMITMR,input.gustc,0.00224
input.RMITMRR,input.gustc,0.90981
input.Rocchio,input.gustc,0.07006
input.RTB,input.gustc,0.00000
input.run1,input.gustc,0.10463
input.run1a,input.gustc,0.00000
input.run1fix,input.gustc,0.01573
input.run2,input.gustc,0.00287
input.run2a,input.gustc,0.00019
input.run3,input.gustc,0.54590
input.run3a,input.gustc,0.01029
input.run4,input.gustc,0.10466
input.run4a,input.gustc,0.00738
input.RunAll,input.gustc,0.42801
input.RunFut,input.gustc,0.24201
input.runNeMIS,input.gustc,0.00001
input.runNeMISext,input.gustc,0.00034
input.RunPure,input.gustc,0.49693
input.scurtuRun1,input.gustc,0.00287
input.sielrun1,input.gustc,0.00000
input.sielrun2,input.gustc,0.00003
input.sielrun3,input.gustc,0.00001
input.sielrun4,input.gustc,0.00002
input.SienaCL1B,input.gustc,0.62360
input.SienaCL31,input.gustc,0.93985
input.SienaCL342,input.gustc,0.96997
input.SienaCLbase,input.gustc,0.88008
input.simfoll,input.gustc,0.67805
input.simfollTP01,input.gustc,0.62364
input.sylesNoRes,input.gustc,0.04156
input.tfTP01,input.gustc,0.73407
input.udelIndri,input.gustc,0.62368
input.udelLucene,input.gustc,0.00000
input.UDMicroComb1,input.gustc,0.07613
input.UDMicroComb2,input.gustc,0.52127
input.UDMicroIDF,input.gustc,0.76264
input.UDMicroIDFD,input.gustc,0.22720
input.uicir1,input.gustc,0.04546
input.uicir2,input.gustc,0.01572
input.UIowaS1,input.gustc,0.76298
input.UIowaS2,input.gustc,0.76286
input.UIowaS3,input.gustc,0.82103
input.UIowaS4,input.gustc,0.42821
input.uiucsf,input.gustc,0.00000
input.uogTrLqea,input.gustc,0.00224
input.uogTrLqeabd,input.gustc,0.00068
input.uogTrLqeabdd,input.gustc,0.00029
input.uogTrUB2,input.gustc,0.00016
input.UTBase,input.gustc,0.00103
input.UTBaseRTF,input.gustc,0.00000
input.UTWngFuture,input.gustc,0.00000
input.UTWngFutureQ,input.gustc,0.00000
input.waterlooa1,input.gustc,0.02860
input.waterlooa2,input.gustc,0.13112
input.waterlooa3,input.gustc,0.00103
input.waterlooa4,input.gustc,0.02355
input.WESTfilext,input.gustc,0.01743
input.WESTfilter,input.gustc,0.04158
input.WESTrelint,input.gustc,0.00000
input.WESTrlext,input.gustc,0.00000
input.Wise2ndRun,input.gustc,0.04546
input.WiseFifthRun,input.gustc,0.38536
input.WiseFouthRun,input.gustc,0.73415
input.WiseThirdRun,input.gustc,0.04546
input.ya3,input.gustc,0.00523
input.ya4,input.gustc,0.08947
input.YNDXTPC1,input.gustc,0.00465
input.YNDXTPC2,input.gustc,0.01145
input.hitWId,input.gut,0.00012
input.hitWIt,input.gut,0.00002
input.ICTNET11MBR1,input.gut,0.42808
input.ICTNET11MBR2,input.gut,0.01028
input.ICTNET11MBR3,input.gut,0.62376
input.ICTNET11MBR4,input.gut,0.27378
input.IDEAACTQE,input.gut,0.18654
input.IDEABASIC,input.gut,0.16263
input.IDEABASICACT,input.gut,0.16263
input.IDEABASICQE,input.gut,0.19947
input.ikmRun1,input.gut,0.00000
input.InL2c1,input.gut,0.09684
input.iritfd1,input.gut,0.16264
input.iritfd2,input.gut,0.08253
input.IRSIGoogle1G,input.gut,0.73411
input.IRSIGoogle2G,input.gut,0.38548
input.isiFD,input.gut,0.00078
input.isiFDL,input.gut,0.00002
input.isiFDRM,input.gut,0.00005
input.isiFDRML,input.gut,0.00001
input.kanopeRun,input.gut,0.00000
input.KAUSTBase,input.gut,0.85008
input.KAUSTExp,input.gut,0.97002
input.KAUSTExpRrnk,input.gut,0.57144
input.KAUSTRerank,input.gut,0.82095
input.LJQO10,input.gut,0.76255
input.LJQO5,input.gut,0.76255
input.LMOP10,input.gut,0.02861
input.LMOP5,input.gut,0.00224
input.LThresh,input.gut,0.01275
input.manualWISTUD,input.gut,0.00253
input.melblt,input.gut,0.76273
input.MONASH1NEW,input.gut,0.00000
input.MONASH2NEW,input.gut,0.00000
input.MorpheusRun1,input.gut,0.00000
input.mulnewWISTUD,input.gut,0.34547
input.myRun,input.gut,0.62356
input.myrun2,input.gut,0.05910
input.myrun3,input.gut,0.09676
input.Nestor,input.gut,0.00659
input.NestorS,input.gut,0.00413
input.normal,input.gut,0.59726
input.nQCRIwoTag,input.gut,0.79171
input.nQCRIwTag,input.gut,0.99991
input.omarRun,input.gut,0.27383
input.PKUICST,input.gut,0.04969
input.PKUICST2,input.gut,0.21297
input.PKUICST3,input.gut,0.02597
input.PKUICST4,input.gut,0.01929
input.PL2Bo1SDExt,input.gut,0.00000
input.PL2NoQENoDM,input.gut,0.16268
input.PL2NoQeSd,input.gut,0.08259
input.PL2NoQeSdExt,input.gut,0.00000
input.PRISrun1,input.gut,0.00000
input.PRISrun2,input.gut,0.00000
input.PRISrun3,input.gut,0.00014
input.PRISrun4,input.gut,0.59734
input.QCRIwoTagOrg,input.gut,0.79171
input.QCRIwTagOrg,input.gut,0.99991
input.qHtagBaseRun,input.gut,0.00737
input.qRefLThresh,input.gut,0.00068
input.refBalRun,input.gut,0.08257
input.refRelRun,input.gut,0.38533
input.relevanceRun,input.gut,0.36506
input.RFD,input.gut,0.01417
input.ri,input.gut,0.00078
input.rit,input.gut,0.97011
input.rit3,input.gut,0.08947
input.RMITAR,input.gut,0.00173
input.RMITM,input.gut,0.04548
input.RMITMR,input.gut,0.00012
input.RMITMRR,input.gut,0.36506
input.Rocchio,input.gut,0.00921
input.RTB,input.gut,0.00000
input.run1,input.gut,0.40637
input.run1a,input.gut,0.00000
input.run1fix,input.gut,0.10465
input.run2,input.gut,0.02859
input.run2a,input.gut,0.00001
input.run3,input.gut,0.16259
input.run3a,input.gut,0.00078
input.run4,input.gut,0.01573
input.run4a,input.gut,0.00052
input.RunAll,input.gut,0.11295
input.RunFut,input.gut,0.04971
input.runNeMIS,input.gut,0.00000
input.runNeMISext,input.gut,0.00001
input.RunPure,input.gut,0.14107
input.scurtuRun1,input.gut,0.00016
input.sielrun1,input.gut,0.00000
input.sielrun2,input.gut,0.00000
input.sielrun3,input.gut,0.00000
input.sielrun4,input.gut,0.00000
input.SienaCL1B,input.gut,0.76286
input.SienaCL31,input.gut,0.38542
input.SienaCL342,input.gut,0.40646
input.SienaCLbase,input.gut,0.34550
input.simfoll,input.gut,0.70590
input.simfollTP01,input.gut,0.76281
input.sylesNoRes,input.gut,0.21299
input.tfTP01,input.gut,0.65071
input.udelIndri,input.gut,0.76277
input.udelLucene,input.gut,0.00000
input.UDMicroComb1,input.gut,0.01029
input.UDMicroComb2,input.gut,0.15161
input.UDMicroIDF,input.gut,0.62380
input.UDMicroIDFD,input.gut,0.04549
input.uicir1,input.gut,0.00523
input.uicir2,input.gut,0.00134
input.UIowaS1,input.gut,0.27393
input.UIowaS2,input.gut,0.27386
input.UIowaS3,input.gut,0.30834
input.UIowaS4,input.gut,0.11302
input.uiucsf,input.gut,0.00000
input.uogTrLqea,input.gut,0.00012
input.uogTrLqeabd,input.gut,0.00003
input.uogTrLqeabdd,input.gut,0.00001
input.uogTrUB2,input.gut,0.00000
input.UTBase,input.gut,0.00005
input.UTBaseRTF,input.gut,0.00000
input.UTWngFuture,input.gut,0.00000
input.UTWngFutureQ,input.gut,0.00000
input.waterlooa1,input.gut,0.16257
input.waterlooa2,input.gut,0.47325
input.waterlooa3,input.gut,0.01274
input.waterlooa4,input.gut,0.14104
input.WESTfilext,input.gut,0.00152
input.WESTfilter,input.gut,0.00465
input.WESTrelint,input.gut,0.00000
input.WESTrlext,input.gut,0.00000
input.Wise2ndRun,input.gut,0.22711
input.WiseFifthRun,input.gut,0.93976
input.WiseFouthRun,input.gut,0.25759
input.WiseThirdRun,input.gut,0.22711
input.ya3,input.gut,0.00034
input.ya4,input.gut,0.01275
input.YNDXTPC1,input.gut,0.00029
input.YNDXTPC2,input.gut,0.00090
input.hitWIt,input.hitWId,0.67805
input.ICTNET11MBR1,input.hitWId,0.00000
input.ICTNET11MBR2,input.hitWId,0.00000
input.ICTNET11MBR3,input.hitWId,0.00001
input.ICTNET11MBR4,input.hitWId,0.00000
input.IDEAACTQE,input.hitWId,0.00000
input.IDEABASIC,input.hitWId,0.00000
input.IDEABASICACT,input.hitWId,0.00000
input.IDEABASICQE,input.hitWId,0.00000
input.ikmRun1,input.hitWId,0.00000
input.InL2c1,input.hitWId,0.00000
input.iritfd1,input.hitWId,0.01415
input.iritfd2,input.hitWId,0.03456
input.IRSIGoogle1G,input.hitWId,0.00045
input.IRSIGoogle2G,input.hitWId,0.00000
input.isiFD,input.hitWId,0.62360
input.isiFDL,input.hitWId,0.65067
input.isiFDRM,input.hitWId,0.82090
input.isiFDRML,input.hitWId,0.59726
input.kanopeRun,input.hitWId,0.00000
input.KAUSTBase,input.hitWId,0.00025
input.KAUSTExp,input.hitWId,0.00010
input.KAUSTExpRrnk,input.hitWId,0.00001
input.KAUSTRerank,input.hitWId,0.00005
input.LJQO10,input.hitWId,0.00039
input.LJQO5,input.hitWId,0.00039
input.LMOP10,input.hitWId,0.00000
input.LMOP5,input.hitWId,0.00000
input.LThresh,input.hitWId,0.00000
input.manualWISTUD,input.hitWId,0.40627
input.melblt,input.hitWId,0.00003
input.MONASH1NEW,input.hitWId,0.00000
input.MONASH2NEW,input.hitWId,0.00000
input.MorpheusRun1,input.hitWId,0.00000
input.mulnewWISTUD,input.hitWId,0.00000
input.myRun,input.hitWId,0.00078
input.myrun2,input.hitWId,0.04974
input.myrun3,input.hitWId,0.02861
input.Nestor,input.hitWId,0.00000
input.NestorS,input.hitWId,0.00000
input.normal,input.hitWId,0.00001
input.nQCRIwoTag,input.hitWId,0.00004
input.nQCRIwTag,input.hitWId,0.00012
input.omarRun,input.hitWId,0.00000
input.PKUICST,input.hitWId,0.05916
input.PKUICST2,input.hitWId,0.00921
input.PKUICST3,input.hitWId,0.10461
input.PKUICST4,input.hitWId,0.13112
input.PL2Bo1SDExt,input.hitWId,0.00000
input.PL2NoQENoDM,input.hitWId,0.00000
input.PL2NoQeSd,input.hitWId,0.00000
input.PL2NoQeSdExt,input.hitWId,0.00000
input.PRISrun1,input.hitWId,0.47336
input.PRISrun2,input.hitWId,0.01275
input.PRISrun3,input.hitWId,0.96988
input.PRISrun4,input.hitWId,0.00001
input.QCRIwoTagOrg,input.hitWId,0.00004
input.QCRIwTagOrg,input.hitWId,0.00012
input.qHtagBaseRun,input.hitWId,0.00000
input.qRefLThresh,input.hitWId,0.00000
input.refBalRun,input.hitWId,0.00000
input.refRelRun,input.hitWId,0.00000
input.relevanceRun,input.hitWId,0.00324
input.RFD,input.hitWId,0.00000
input.ri,input.hitWId,0.62372
input.rit,input.hitWId,0.00010
input.rit3,input.hitWId,0.00000
input.RMITAR,input.hitWId,0.00000
input.RMITM,input.hitWId,0.00000
input.RMITMR,input.hitWId,0.00000
input.RMITMRR,input.hitWId,0.00000
input.Rocchio,input.hitWId,0.00000
input.RTB,input.hitWId,0.00000
input.run1,input.hitWId,0.00253
input.run1a,input.hitWId,0.00000
input.run1fix,input.hitWId,0.02596
input.run2,input.hitWId,0.09681
input.run2a,input.hitWId,0.00000
input.run3,input.hitWId,0.00000
input.run3a,input.hitWId,0.00000
input.run4,input.hitWId,0.00000
input.run4a,input.hitWId,0.00000
input.RunAll,input.hitWId,0.00000
input.RunFut,input.hitWId,0.00000
input.runNeMIS,input.hitWId,0.00000
input.runNeMISext,input.hitWId,0.00000
input.RunPure,input.hitWId,0.00000
input.scurtuRun1,input.hitWId,0.00000
input.sielrun1,input.hitWId,0.00000
input.sielrun2,input.hitWId,0.00000
input.sielrun3,input.hitWId,0.00000
input.sielrun4,input.hitWId,0.00000
input.SienaCL1B,input.hitWId,0.00003
input.SienaCL31,input.hitWId,0.00000
input.SienaCL342,input.hitWId,0.00000
input.SienaCLbase,input.hitWId,0.00000
input.simfoll,input.hitWId,0.00002
input.simfollTP01,input.hitWId,0.00003
input.sylesNoRes,input.hitWId,0.00921
input.tfTP01,input.hitWId,0.00002
input.udelIndri,input.hitWId,0.00003
input.udelLucene,input.hitWId,0.00000
input.UDMicroComb1,input.hitWId,0.00000
input.UDMicroComb2,input.hitWId,0.00000
input.UDMicroIDF,input.hitWId,0.00001
input.UDMicroIDFD,input.hitWId,0.00000
input.uicir1,input.hitWId,0.00000
input.uicir2,input.hitWId,0.00000
input.UIowaS1,input.hitWId,0.00000
input.UIowaS2,input.hitWId,0.00000
input.UIowaS3,input.hitWId,0.00000
input.UIowaS4,input.hitWId,0.00000
input.uiucsf,input.hitWId,0.00000
input.uogTrLqea,input.hitWId,0.00000
input.uogTrLqeabd,input.hitWId,0.00000
input.uogTrLqeabdd,input.hitWId,0.00000
input.uogTrUB2,input.hitWId,0.00000
input.UTBase,input.hitWId,0.00000
input.UTBaseRTF,input.hitWId,0.00000
input.UTWngFuture,input.hitWId,0.00000
input.UTWngFutureQ,input.hitWId,0.00000
input.waterlooa1,input.hitWId,0.01416
input.waterlooa2,input.hitWId,0.00173
input.waterlooa3,input.hitWId,0.17428
input.waterlooa4,input.hitWId,0.01742
input.WESTfilext,input.hitWId,0.00000
input.WESTfilter,input.hitWId,0.00000
input.WESTrelint,input.hitWId,0.00000
input.WESTrlext,input.hitWId,0.00000
input.Wise2ndRun,input.hitWId,0.00825
input.WiseFifthRun,input.hitWId,0.00016
input.WiseFouthRun,input.hitWId,0.00000
input.WiseThirdRun,input.hitWId,0.00825
input.ya3,input.hitWId,0.00000
input.ya4,input.hitWId,0.00000
input.YNDXTPC1,input.hitWId,0.00000
input.YNDXTPC2,input.hitWId,0.00000
input.ICTNET11MBR1,input.hitWIt,0.00000
input.ICTNET11MBR2,input.hitWIt,0.00000
input.ICTNET11MBR3,input.hitWIt,0.00000
input.ICTNET11MBR4,input.hitWIt,0.00000
input.IDEAACTQE,input.hitWIt,0.00000
input.IDEABASIC,input.hitWIt,0.00000
input.IDEABASICACT,input.hitWIt,0.00000
input.IDEABASICQE,input.hitWIt,0.00000
input.ikmRun1,input.hitWIt,0.00000
input.InL2c1,input.hitWIt,0.00000
input.iritfd1,input.hitWIt,0.00412
input.iritfd2,input.hitWIt,0.01145
input.IRSIGoogle1G,input.hitWIt,0.00009
input.IRSIGoogle2G,input.hitWIt,0.00000
input.isiFD,input.hitWIt,0.36500
input.isiFDL,input.hitWIt,0.96992
input.isiFDRM,input.hitWIt,0.85030
input.isiFDRML,input.hitWIt,0.90986
input.kanopeRun,input.hitWIt,0.00000
input.KAUSTBase,input.hitWIt,0.00005
input.KAUSTExp,input.hitWIt,0.00002
input.KAUSTExpRrnk,input.hitWIt,0.00000
input.KAUSTRerank,input.hitWIt,0.00001
input.LJQO10,input.hitWIt,0.00007
input.LJQO5,input.hitWIt,0.00007
input.LMOP10,input.hitWIt,0.00000
input.LMOP5,input.hitWIt,0.00000
input.LThresh,input.hitWIt,0.00000
input.manualWISTUD,input.hitWIt,0.21291
input.melblt,input.hitWIt,0.00000
input.MONASH1NEW,input.hitWIt,0.00000
input.MONASH2NEW,input.hitWIt,0.00000
input.MorpheusRun1,input.hitWIt,0.00000
input.mulnewWISTUD,input.hitWIt,0.00000
input.myRun,input.hitWIt,0.00016
input.myrun2,input.hitWIt,0.01744
input.myrun3,input.hitWIt,0.00922
input.Nestor,input.hitWIt,0.00000
input.NestorS,input.hitWIt,0.00000
input.normal,input.hitWIt,0.00000
input.nQCRIwoTag,input.hitWIt,0.00001
input.nQCRIwTag,input.hitWIt,0.00002
input.omarRun,input.hitWIt,0.00000
input.PKUICST,input.hitWIt,0.02133
input.PKUICST2,input.hitWIt,0.00253
input.PKUICST3,input.hitWIt,0.04155
input.PKUICST4,input.hitWIt,0.05425
input.PL2Bo1SDExt,input.hitWIt,0.00000
input.PL2NoQENoDM,input.hitWIt,0.00000
input.PL2NoQeSd,input.hitWIt,0.00000
input.PL2NoQeSdExt,input.hitWIt,0.00000
input.PRISrun1,input.hitWIt,0.76273
input.PRISrun2,input.hitWIt,0.03793
input.PRISrun3,input.hitWIt,0.65063
input.PRISrun4,input.hitWIt,0.00000
input.QCRIwoTagOrg,input.hitWIt,0.00001
input.QCRIwTagOrg,input.hitWIt,0.00002
input.qHtagBaseRun,input.hitWIt,0.00000
input.qRefLThresh,input.hitWIt,0.00000
input.refBalRun,input.hitWIt,0.00000
input.refRelRun,input.hitWIt,0.00000
input.relevanceRun,input.hitWIt,0.00078
input.RFD,input.hitWIt,0.00000
input.ri,input.hitWIt,0.36509
input.rit,input.hitWIt,0.00002
input.rit3,input.hitWIt,0.00000
input.RMITAR,input.hitWIt,0.00000
input.RMITM,input.hitWIt,0.00000
input.RMITMR,input.hitWIt,0.00000
input.RMITMRR,input.hitWIt,0.00000
input.Rocchio,input.hitWIt,0.00000
input.RTB,input.hitWIt,0.00000
input.run1,input.hitWIt,0.00059
input.run1a,input.hitWIt,0.00000
input.run1fix,input.hitWIt,0.00824
input.run2,input.hitWIt,0.03793
input.run2a,input.hitWIt,0.00000
input.run3,input.hitWIt,0.00000
input.run3a,input.hitWIt,0.00000
input.run4,input.hitWIt,0.00000
input.run4a,input.hitWIt,0.00000
input.RunAll,input.hitWIt,0.00000
input.RunFut,input.hitWIt,0.00000
input.runNeMIS,input.hitWIt,0.00000
input.runNeMISext,input.hitWIt,0.00000
input.RunPure,input.hitWIt,0.00000
input.scurtuRun1,input.hitWIt,0.00000
input.sielrun1,input.hitWIt,0.00000
input.sielrun2,input.hitWIt,0.00000
input.sielrun3,input.hitWIt,0.00000
input.sielrun4,input.hitWIt,0.00000
input.SienaCL1B,input.hitWIt,0.00000
input.SienaCL31,input.hitWIt,0.00000
input.SienaCL342,input.hitWIt,0.00000
input.SienaCLbase,input.hitWIt,0.00000
input.simfoll,input.hitWIt,0.00000
input.simfollTP01,input.hitWIt,0.00000
input.sylesNoRes,input.hitWIt,0.00253
input.tfTP01,input.hitWIt,0.00000
input.udelIndri,input.hitWIt,0.00000
input.udelLucene,input.hitWIt,0.00000
input.UDMicroComb1,input.hitWIt,0.00000
input.UDMicroComb2,input.hitWIt,0.00000
input.UDMicroIDF,input.hitWIt,0.00000
input.UDMicroIDFD,input.hitWIt,0.00000
input.uicir1,input.hitWIt,0.00000
input.uicir2,input.hitWIt,0.00000
input.UIowaS1,input.hitWIt,0.00000
input.UIowaS2,input.hitWIt,0.00000
input.UIowaS3,input.hitWIt,0.00000
input.UIowaS4,input.hitWIt,0.00000
input.uiucsf,input.hitWIt,0.00000
input.uogTrLqea,input.hitWIt,0.00000
input.uogTrLqeabd,input.hitWIt,0.00000
input.uogTrLqeabdd,input.hitWIt,0.00000
input.uogTrUB2,input.hitWIt,0.00000
input.UTBase,input.hitWIt,0.00000
input.UTBaseRTF,input.hitWIt,0.00000
input.UTWngFuture,input.hitWIt,0.00000
input.UTWngFutureQ,input.hitWIt,0.00000
input.waterlooa1,input.hitWIt,0.00413
input.waterlooa2,input.hitWIt,0.00039
input.waterlooa3,input.hitWIt,0.07611
input.waterlooa4,input.hitWIt,0.00523
input.WESTfilext,input.hitWIt,0.00000
input.WESTfilter,input.hitWIt,0.00000
input.WESTrelint,input.hitWIt,0.00000
input.WESTrlext,input.hitWIt,0.00000
input.Wise2ndRun,input.hitWIt,0.00224
input.WiseFifthRun,input.hitWIt,0.00003
input.WiseFouthRun,input.hitWIt,0.00000
input.WiseThirdRun,input.hitWIt,0.00224
input.ya3,input.hitWIt,0.00000
input.ya4,input.hitWIt,0.00000
input.YNDXTPC1,input.hitWIt,0.00000
input.YNDXTPC2,input.hitWIt,0.00000
input.ICTNET11MBR2,input.ICTNET11MBR1,0.07610
input.ICTNET11MBR3,input.ICTNET11MBR1,0.76268
input.ICTNET11MBR4,input.ICTNET11MBR1,0.76273
input.IDEAACTQE,input.ICTNET11MBR1,0.59722
input.IDEABASIC,input.ICTNET11MBR1,0.54597
input.IDEABASICACT,input.ICTNET11MBR1,0.54597
input.IDEABASICQE,input.ICTNET11MBR1,0.62372
input.ikmRun1,input.ICTNET11MBR1,0.00000
input.InL2c1,input.ICTNET11MBR1,0.38545
input.iritfd1,input.ICTNET11MBR1,0.02862
input.iritfd2,input.ICTNET11MBR1,0.01145
input.IRSIGoogle1G,input.ICTNET11MBR1,0.25757
input.IRSIGoogle2G,input.ICTNET11MBR1,0.93994
input.isiFD,input.ICTNET11MBR1,0.00003
input.isiFDL,input.ICTNET11MBR1,0.00000
input.isiFDRM,input.ICTNET11MBR1,0.00000
input.isiFDRML,input.ICTNET11MBR1,0.00000
input.kanopeRun,input.ICTNET11MBR1,0.00000
input.KAUSTBase,input.ICTNET11MBR1,0.32634
input.KAUSTExp,input.ICTNET11MBR1,0.45031
input.KAUSTExpRrnk,input.ICTNET11MBR1,0.82077
input.KAUSTRerank,input.ICTNET11MBR1,0.57128
input.LJQO10,input.ICTNET11MBR1,0.27368
input.LJQO5,input.ICTNET11MBR1,0.27368
input.LMOP10,input.ICTNET11MBR1,0.16261
input.LMOP5,input.ICTNET11MBR1,0.02356
input.LThresh,input.ICTNET11MBR1,0.08947
input.manualWISTUD,input.ICTNET11MBR1,0.00014
input.melblt,input.ICTNET11MBR1,0.62372
input.MONASH1NEW,input.ICTNET11MBR1,0.00006
input.MONASH2NEW,input.ICTNET11MBR1,0.00001
input.MorpheusRun1,input.ICTNET11MBR1,0.00000
input.mulnewWISTUD,input.ICTNET11MBR1,0.88004
input.myRun,input.ICTNET11MBR1,0.19939
input.myrun2,input.ICTNET11MBR1,0.00736
input.myrun3,input.ICTNET11MBR1,0.01416
input.Nestor,input.ICTNET11MBR1,0.05428
input.NestorS,input.ICTNET11MBR1,0.03793
input.normal,input.ICTNET11MBR1,0.79167
input.nQCRIwoTag,input.ICTNET11MBR1,0.59722
input.nQCRIwTag,input.ICTNET11MBR1,0.42801
input.omarRun,input.ICTNET11MBR1,0.76281
input.PKUICST,input.ICTNET11MBR1,0.00587
input.PKUICST2,input.ICTNET11MBR1,0.04156
input.PKUICST3,input.ICTNET11MBR1,0.00253
input.PKUICST4,input.ICTNET11MBR1,0.00173
input.PL2Bo1SDExt,input.ICTNET11MBR1,0.00000
input.PL2NoQENoDM,input.ICTNET11MBR1,0.54609
input.PL2NoQeSd,input.ICTNET11MBR1,0.34550
input.PL2NoQeSdExt,input.ICTNET11MBR1,0.00000
input.PRISrun1,input.ICTNET11MBR1,0.00000
input.PRISrun2,input.ICTNET11MBR1,0.00000
input.PRISrun3,input.ICTNET11MBR1,0.00000
input.PRISrun4,input.ICTNET11MBR1,0.79158
input.QCRIwoTagOrg,input.ICTNET11MBR1,0.59722
input.QCRIwTagOrg,input.ICTNET11MBR1,0.42801
input.qHtagBaseRun,input.ICTNET11MBR1,0.05915
input.qRefLThresh,input.ICTNET11MBR1,0.00921
input.refBalRun,input.ICTNET11MBR1,0.34544
input.refRelRun,input.ICTNET11MBR1,0.93971
input.relevanceRun,input.ICTNET11MBR1,0.08946
input.RFD,input.ICTNET11MBR1,0.09685
input.ri,input.ICTNET11MBR1,0.00003
input.rit,input.ICTNET11MBR1,0.45024
input.rit3,input.ICTNET11MBR1,0.36509
input.RMITAR,input.ICTNET11MBR1,0.01928
input.RMITM,input.ICTNET11MBR1,0.22715
input.RMITMR,input.ICTNET11MBR1,0.00224
input.RMITMRR,input.ICTNET11MBR1,0.90981
input.Rocchio,input.ICTNET11MBR1,0.07006
input.RTB,input.ICTNET11MBR1,0.00000
input.run1,input.ICTNET11MBR1,0.10463
input.run1a,input.ICTNET11MBR1,0.00000
input.run1fix,input.ICTNET11MBR1,0.01573
input.run2,input.ICTNET11MBR1,0.00287
input.run2a,input.ICTNET11MBR1,0.00019
input.run3,input.ICTNET11MBR1,0.54590
input.run3a,input.ICTNET11MBR1,0.01029
input.run4,input.ICTNET11MBR1,0.10466
input.run4a,input.ICTNET11MBR1,0.00738
input.RunAll,input.ICTNET11MBR1,0.42801
input.RunFut,input.ICTNET11MBR1,0.24201
input.runNeMIS,input.ICTNET11MBR1,0.00001
input.runNeMISext,input.ICTNET11MBR1,0.00034
input.RunPure,input.ICTNET11MBR1,0.49693
input.scurtuRun1,input.ICTNET11MBR1,0.00287
input.sielrun1,input.ICTNET11MBR1,0.00000
input.sielrun2,input.ICTNET11MBR1,0.00003
input.sielrun3,input.ICTNET11MBR1,0.00001
input.sielrun4,input.ICTNET11MBR1,0.00002
input.SienaCL1B,input.ICTNET11MBR1,0.62360
input.SienaCL31,input.ICTNET11MBR1,0.93985
input.SienaCL342,input.ICTNET11MBR1,0.96997
input.SienaCLbase,input.ICTNET11MBR1,0.88008
input.simfoll,input.ICTNET11MBR1,0.67805
input.simfollTP01,input.ICTNET11MBR1,0.62364
input.sylesNoRes,input.ICTNET11MBR1,0.04156
input.tfTP01,input.ICTNET11MBR1,0.73407
input.udelIndri,input.ICTNET11MBR1,0.62368
input.udelLucene,input.ICTNET11MBR1,0.00000
input.UDMicroComb1,input.ICTNET11MBR1,0.07613
input.UDMicroComb2,input.ICTNET11MBR1,0.52127
input.UDMicroIDF,input.ICTNET11MBR1,0.76264
input.UDMicroIDFD,input.ICTNET11MBR1,0.22720
input.uicir1,input.ICTNET11MBR1,0.04546
input.uicir2,input.ICTNET11MBR1,0.01572
input.UIowaS1,input.ICTNET11MBR1,0.76298
input.UIowaS2,input.ICTNET11MBR1,0.76286
input.UIowaS3,input.ICTNET11MBR1,0.82103
input.UIowaS4,input.ICTNET11MBR1,0.42821
input.uiucsf,input.ICTNET11MBR1,0.00000
input.uogTrLqea,input.ICTNET11MBR1,0.00224
input.uogTrLqeabd,input.ICTNET11MBR1,0.00068
input.uogTrLqeabdd,input.ICTNET11MBR1,0.00029
input.uogTrUB2,input.ICTNET11MBR1,0.00016
input.UTBase,input.ICTNET11MBR1,0.00103
input.UTBaseRTF,input.ICTNET11MBR1,0.00000
input.UTWngFuture,input.ICTNET11MBR1,0.00000
input.UTWngFutureQ,input.ICTNET11MBR1,0.00000
input.waterlooa1,input.ICTNET11MBR1,0.02860
input.waterlooa2,input.ICTNET11MBR1,0.13112
input.waterlooa3,input.ICTNET11MBR1,0.00103
input.waterlooa4,input.ICTNET11MBR1,0.02355
input.WESTfilext,input.ICTNET11MBR1,0.01743
input.WESTfilter,input.ICTNET11MBR1,0.04158
input.WESTrelint,input.ICTNET11MBR1,0.00000
input.WESTrlext,input.ICTNET11MBR1,0.00000
input.Wise2ndRun,input.ICTNET11MBR1,0.04546
input.WiseFifthRun,input.ICTNET11MBR1,0.38536
input.WiseFouthRun,input.ICTNET11MBR1,0.73415
input.WiseThirdRun,input.ICTNET11MBR1,0.04546
input.ya3,input.ICTNET11MBR1,0.00523
input.ya4,input.ICTNET11MBR1,0.08947
input.YNDXTPC1,input.ICTNET11MBR1,0.00465
input.YNDXTPC2,input.ICTNET11MBR1,0.01145
input.ICTNET11MBR3,input.ICTNET11MBR2,0.03792
input.ICTNET11MBR4,input.ICTNET11MBR2,0.14106
input.IDEAACTQE,input.ICTNET11MBR2,0.21299
input.IDEABASIC,input.ICTNET11MBR2,0.24201
input.IDEABASICACT,input.ICTNET11MBR2,0.24201
input.IDEABASICQE,input.ICTNET11MBR2,0.19943
input.ikmRun1,input.ICTNET11MBR2,0.00134
input.InL2c1,input.ICTNET11MBR2,0.36500
input.iritfd1,input.ICTNET11MBR2,0.00007
input.iritfd2,input.ICTNET11MBR2,0.00002
input.IRSIGoogle1G,input.ICTNET11MBR2,0.00366
input.IRSIGoogle2G,input.ICTNET11MBR2,0.08943
input.isiFD,input.ICTNET11MBR2,0.00000
input.isiFDL,input.ICTNET11MBR2,0.00000
input.isiFDRM,input.ICTNET11MBR2,0.00000
input.isiFDRML,input.ICTNET11MBR2,0.00000
input.kanopeRun,input.ICTNET11MBR2,0.00000
input.KAUSTBase,input.ICTNET11MBR2,0.00586
input.KAUSTExp,input.ICTNET11MBR2,0.01145
input.KAUSTExpRrnk,input.ICTNET11MBR2,0.04546
input.KAUSTRerank,input.ICTNET11MBR2,0.01929
input.LJQO10,input.ICTNET11MBR2,0.00413
input.LJQO5,input.ICTNET11MBR2,0.00413
input.LMOP10,input.ICTNET11MBR2,0.70586
input.LMOP5,input.ICTNET11MBR2,0.62376
input.LThresh,input.ICTNET11MBR2,0.93976
input.manualWISTUD,input.ICTNET11MBR2,0.00000
input.melblt,input.ICTNET11MBR2,0.02355
input.MONASH1NEW,input.ICTNET11MBR2,0.02599
input.MONASH2NEW,input.ICTNET11MBR2,0.00825
input.MorpheusRun1,input.ICTNET11MBR2,0.00025
input.mulnewWISTUD,input.ICTNET11MBR2,0.10462
input.myRun,input.ICTNET11MBR2,0.00224
input.myrun2,input.ICTNET11MBR2,0.00001
input.myrun3,input.ICTNET11MBR2,0.00002
input.Nestor,input.ICTNET11MBR2,0.88013
input.NestorS,input.ICTNET11MBR2,0.76281
input.normal,input.ICTNET11MBR2,0.04156
input.nQCRIwoTag,input.ICTNET11MBR2,0.02133
input.nQCRIwTag,input.ICTNET11MBR2,0.01028
input.omarRun,input.ICTNET11MBR2,0.14103
input.PKUICST,input.ICTNET11MBR2,0.00001
input.PKUICST2,input.ICTNET11MBR2,0.00014
input.PKUICST3,input.ICTNET11MBR2,0.00000
input.PKUICST4,input.ICTNET11MBR2,0.00000
input.PL2Bo1SDExt,input.ICTNET11MBR2,0.00000
input.PL2NoQENoDM,input.ICTNET11MBR2,0.24195
input.PL2NoQeSd,input.ICTNET11MBR2,0.40630
input.PL2NoQeSdExt,input.ICTNET11MBR2,0.00000
input.PRISrun1,input.ICTNET11MBR2,0.00000
input.PRISrun2,input.ICTNET11MBR2,0.00000
input.PRISrun3,input.ICTNET11MBR2,0.00000
input.PRISrun4,input.ICTNET11MBR2,0.04155
input.QCRIwoTagOrg,input.ICTNET11MBR2,0.02133
input.QCRIwTagOrg,input.ICTNET11MBR2,0.01028
input.qHtagBaseRun,input.ICTNET11MBR2,0.90977
input.qRefLThresh,input.ICTNET11MBR2,0.40637
input.refBalRun,input.ICTNET11MBR2,0.40637
input.refRelRun,input.ICTNET11MBR2,0.08948
input.relevanceRun,input.ICTNET11MBR2,0.00052
input.RFD,input.ICTNET11MBR2,0.90968
input.ri,input.ICTNET11MBR2,0.00000
input.rit,input.ICTNET11MBR2,0.01145
input.rit3,input.ICTNET11MBR2,0.38536
input.RMITAR,input.ICTNET11MBR2,0.57121
input.RMITM,input.ICTNET11MBR2,0.57136
input.RMITMR,input.ICTNET11MBR2,0.19939
input.RMITMRR,input.ICTNET11MBR2,0.09681
input.Rocchio,input.ICTNET11MBR2,0.96988
input.RTB,input.ICTNET11MBR2,0.00000
input.run1,input.ICTNET11MBR2,0.00068
input.run1a,input.ICTNET11MBR2,0.00465
input.run1fix,input.ICTNET11MBR2,0.00003
input.run2,input.ICTNET11MBR2,0.00000
input.run2a,input.ICTNET11MBR2,0.04971
input.run3,input.ICTNET11MBR2,0.24206
input.run3a,input.ICTNET11MBR2,0.42817
input.run4,input.ICTNET11MBR2,0.87990
input.run4a,input.ICTNET11MBR2,0.36518
input.RunAll,input.ICTNET11MBR2,0.32651
input.RunFut,input.ICTNET11MBR2,0.54597
input.runNeMIS,input.ICTNET11MBR2,0.00825
input.runNeMISext,input.ICTNET11MBR2,0.07006
input.RunPure,input.ICTNET11MBR2,0.27376
input.scurtuRun1,input.ICTNET11MBR2,0.22722
input.sielrun1,input.ICTNET11MBR2,0.00045
input.sielrun2,input.ICTNET11MBR2,0.01743
input.sielrun3,input.ICTNET11MBR2,0.01028
input.sielrun4,input.ICTNET11MBR2,0.01417
input.SienaCL1B,input.ICTNET11MBR2,0.02354
input.SienaCL31,input.ICTNET11MBR2,0.08945
input.SienaCL342,input.ICTNET11MBR2,0.08254
input.SienaCLbase,input.ICTNET11MBR2,0.10461
input.simfoll,input.ICTNET11MBR2,0.02860
input.simfollTP01,input.ICTNET11MBR2,0.02355
input.sylesNoRes,input.ICTNET11MBR2,0.00014
input.tfTP01,input.ICTNET11MBR2,0.03456
input.udelIndri,input.ICTNET11MBR2,0.02355
input.udelLucene,input.ICTNET11MBR2,0.00002
input.UDMicroComb1,input.ICTNET11MBR2,0.99986
input.UDMicroComb2,input.ICTNET11MBR2,0.25748
input.UDMicroIDF,input.ICTNET11MBR2,0.03791
input.UDMicroIDFD,input.ICTNET11MBR2,0.57128
input.uicir1,input.ICTNET11MBR2,0.82077
input.uicir2,input.ICTNET11MBR2,0.52112
input.UIowaS1,input.ICTNET11MBR2,0.14096
input.UIowaS2,input.ICTNET11MBR2,0.14101
input.UIowaS3,input.ICTNET11MBR2,0.12173
input.UIowaS4,input.ICTNET11MBR2,0.32634
input.uiucsf,input.ICTNET11MBR2,0.00000
input.uogTrLqea,input.ICTNET11MBR2,0.19951
input.uogTrLqeabd,input.ICTNET11MBR2,0.10466
input.uogTrLqeabdd,input.ICTNET11MBR2,0.06445
input.uogTrUB2,input.ICTNET11MBR2,0.04548
input.UTBase,input.ICTNET11MBR2,0.13117
input.UTBaseRTF,input.ICTNET11MBR2,0.00000
input.UTWngFuture,input.ICTNET11MBR2,0.00000
input.UTWngFutureQ,input.ICTNET11MBR2,0.00045
input.waterlooa1,input.ICTNET11MBR2,0.00007
input.waterlooa2,input.ICTNET11MBR2,0.00103
input.waterlooa3,input.ICTNET11MBR2,0.00000
input.waterlooa4,input.ICTNET11MBR2,0.00005
input.WESTfilext,input.ICTNET11MBR2,0.54597
input.WESTfilter,input.ICTNET11MBR2,0.79180
input.WESTrelint,input.ICTNET11MBR2,0.00019
input.WESTrlext,input.ICTNET11MBR2,0.00019
input.Wise2ndRun,input.ICTNET11MBR2,0.00016
input.WiseFifthRun,input.ICTNET11MBR2,0.00825
input.WiseFouthRun,input.ICTNET11MBR2,0.15152
input.WiseThirdRun,input.ICTNET11MBR2,0.00016
input.ya3,input.ICTNET11MBR2,0.30818
input.ya4,input.ICTNET11MBR2,0.93976
input.YNDXTPC1,input.ICTNET11MBR2,0.29068
input.YNDXTPC2,input.ICTNET11MBR2,0.45034
input.ICTNET11MBR4,input.ICTNET11MBR3,0.54593
input.IDEAACTQE,input.ICTNET11MBR3,0.40633
input.IDEABASIC,input.ICTNET11MBR3,0.36506
input.IDEABASICACT,input.ICTNET11MBR3,0.36506
input.IDEABASICQE,input.ICTNET11MBR3,0.42804
input.ikmRun1,input.ICTNET11MBR3,0.00000
input.InL2c1,input.ICTNET11MBR3,0.24206
input.iritfd1,input.ICTNET11MBR3,0.05919
input.iritfd2,input.ICTNET11MBR3,0.02597
input.IRSIGoogle1G,input.ICTNET11MBR3,0.40643
input.IRSIGoogle2G,input.ICTNET11MBR3,0.70594
input.isiFD,input.ICTNET11MBR3,0.00012
input.isiFDL,input.ICTNET11MBR3,0.00000
input.isiFDRM,input.ICTNET11MBR3,0.00000
input.isiFDRML,input.ICTNET11MBR3,0.00000
input.kanopeRun,input.ICTNET11MBR3,0.00000
input.KAUSTBase,input.ICTNET11MBR3,0.49679
input.KAUSTExp,input.ICTNET11MBR3,0.65059
input.KAUSTExpRrnk,input.ICTNET11MBR3,0.93989
input.KAUSTRerank,input.ICTNET11MBR3,0.79163
input.LJQO10,input.ICTNET11MBR3,0.42798
input.LJQO5,input.ICTNET11MBR3,0.42798
input.LMOP10,input.ICTNET11MBR3,0.08945
input.LMOP5,input.ICTNET11MBR3,0.01028
input.LThresh,input.ICTNET11MBR3,0.04548
input.manualWISTUD,input.ICTNET11MBR3,0.00045
input.melblt,input.ICTNET11MBR3,0.85039
input.MONASH1NEW,input.ICTNET11MBR3,0.00002
input.MONASH2NEW,input.ICTNET11MBR3,0.00000
input.MorpheusRun1,input.ICTNET11MBR3,0.00000
input.mulnewWISTUD,input.ICTNET11MBR3,0.65063
input.myRun,input.ICTNET11MBR3,0.32642
input.myrun2,input.ICTNET11MBR3,0.01741
input.myrun3,input.ICTNET11MBR3,0.03145
input.Nestor,input.ICTNET11MBR3,0.02598
input.NestorS,input.ICTNET11MBR3,0.01743
input.normal,input.ICTNET11MBR3,0.96983
input.nQCRIwoTag,input.ICTNET11MBR3,0.82086
input.nQCRIwTag,input.ICTNET11MBR3,0.62368
input.omarRun,input.ICTNET11MBR3,0.54601
input.PKUICST,input.ICTNET11MBR3,0.01416
input.PKUICST2,input.ICTNET11MBR3,0.08257
input.PKUICST3,input.ICTNET11MBR3,0.00658
input.PKUICST4,input.ICTNET11MBR3,0.00465
input.PL2Bo1SDExt,input.ICTNET11MBR3,0.00000
input.PL2NoQENoDM,input.ICTNET11MBR3,0.36515
input.PL2NoQeSd,input.ICTNET11MBR3,0.21302
input.PL2NoQeSdExt,input.ICTNET11MBR3,0.00000
input.PRISrun1,input.ICTNET11MBR3,0.00000
input.PRISrun2,input.ICTNET11MBR3,0.00000
input.PRISrun3,input.ICTNET11MBR3,0.00002
input.PRISrun4,input.ICTNET11MBR3,0.96992
input.QCRIwoTagOrg,input.ICTNET11MBR3,0.82086
input.QCRIwTagOrg,input.ICTNET11MBR3,0.62368
input.qHtagBaseRun,input.ICTNET11MBR3,0.02859
input.qRefLThresh,input.ICTNET11MBR3,0.00366
input.refBalRun,input.ICTNET11MBR3,0.21297
input.refRelRun,input.ICTNET11MBR3,0.70573
input.relevanceRun,input.ICTNET11MBR3,0.16263
input.RFD,input.ICTNET11MBR3,0.04973
input.ri,input.ICTNET11MBR3,0.00012
input.rit,input.ICTNET11MBR3,0.65051
input.rit3,input.ICTNET11MBR3,0.22717
input.RMITAR,input.ICTNET11MBR3,0.00824
input.RMITM,input.ICTNET11MBR3,0.13112
input.RMITMR,input.ICTNET11MBR3,0.00078
input.RMITMRR,input.ICTNET11MBR3,0.67797
input.Rocchio,input.ICTNET11MBR3,0.03456
input.RTB,input.ICTNET11MBR3,0.00000
input.run1,input.ICTNET11MBR3,0.18656
input.run1a,input.ICTNET11MBR3,0.00000
input.run1fix,input.ICTNET11MBR3,0.03458
input.run2,input.ICTNET11MBR3,0.00737
input.run2a,input.ICTNET11MBR3,0.00005
input.run3,input.ICTNET11MBR3,0.36500
input.run3a,input.ICTNET11MBR3,0.00413
input.run4,input.ICTNET11MBR3,0.05427
input.run4a,input.ICTNET11MBR3,0.00287
input.RunAll,input.ICTNET11MBR3,0.27371
input.RunFut,input.ICTNET11MBR3,0.14104
input.runNeMIS,input.ICTNET11MBR3,0.00000
input.runNeMISext,input.ICTNET11MBR3,0.00010
input.RunPure,input.ICTNET11MBR3,0.32645
input.scurtuRun1,input.ICTNET11MBR3,0.00103
input.sielrun1,input.ICTNET11MBR3,0.00000
input.sielrun2,input.ICTNET11MBR3,0.00001
input.sielrun3,input.ICTNET11MBR3,0.00000
input.sielrun4,input.ICTNET11MBR3,0.00001
input.SienaCL1B,input.ICTNET11MBR3,0.85025
input.SienaCL31,input.ICTNET11MBR3,0.70586
input.SienaCL342,input.ICTNET11MBR3,0.73415
input.SienaCLbase,input.ICTNET11MBR3,0.65067
input.simfoll,input.ICTNET11MBR3,0.90990
input.simfollTP01,input.ICTNET11MBR3,0.85030
input.sylesNoRes,input.ICTNET11MBR3,0.08258
input.tfTP01,input.ICTNET11MBR3,0.96988
input.udelIndri,input.ICTNET11MBR3,0.85034
input.udelLucene,input.ICTNET11MBR3,0.00000
input.UDMicroComb1,input.ICTNET11MBR3,0.03793
input.UDMicroComb2,input.ICTNET11MBR3,0.34550
input.UDMicroIDF,input.ICTNET11MBR3,0.99995
input.UDMicroIDFD,input.ICTNET11MBR3,0.13115
input.uicir1,input.ICTNET11MBR3,0.02132
input.uicir2,input.ICTNET11MBR3,0.00658
input.UIowaS1,input.ICTNET11MBR3,0.54616
input.UIowaS2,input.ICTNET11MBR3,0.54605
input.UIowaS3,input.ICTNET11MBR3,0.59738
input.UIowaS4,input.ICTNET11MBR3,0.27386
input.uiucsf,input.ICTNET11MBR3,0.00000
input.uogTrLqea,input.ICTNET11MBR3,0.00078
input.uogTrLqeabd,input.ICTNET11MBR3,0.00022
input.uogTrLqeabdd,input.ICTNET11MBR3,0.00009
input.uogTrUB2,input.ICTNET11MBR3,0.00005
input.UTBase,input.ICTNET11MBR3,0.00034
input.UTBaseRTF,input.ICTNET11MBR3,0.00000
input.UTWngFuture,input.ICTNET11MBR3,0.00000
input.UTWngFutureQ,input.ICTNET11MBR3,0.00000
input.waterlooa1,input.ICTNET11MBR3,0.05916
input.waterlooa2,input.ICTNET11MBR3,0.22715
input.waterlooa3,input.ICTNET11MBR3,0.00287
input.waterlooa4,input.ICTNET11MBR3,0.04971
input.WESTfilext,input.ICTNET11MBR3,0.00737
input.WESTfilter,input.ICTNET11MBR3,0.01930
input.WESTrelint,input.ICTNET11MBR3,0.00000
input.WESTrlext,input.ICTNET11MBR3,0.00000
input.Wise2ndRun,input.ICTNET11MBR3,0.08944
input.WiseFifthRun,input.ICTNET11MBR3,0.57132
input.WiseFouthRun,input.ICTNET11MBR3,0.52116
input.WiseThirdRun,input.ICTNET11MBR3,0.08944
input.ya3,input.ICTNET11MBR3,0.00197
input.ya4,input.ICTNET11MBR3,0.04548
input.YNDXTPC1,input.ICTNET11MBR3,0.00173
input.YNDXTPC2,input.ICTNET11MBR3,0.00465
input.IDEAACTQE,input.ICTNET11MBR4,0.82081
input.IDEABASIC,input.ICTNET11MBR4,0.76273
input.IDEABASICACT,input.ICTNET11MBR4,0.76273
input.IDEABASICQE,input.ICTNET11MBR4,0.85034
input.ikmRun1,input.ICTNET11MBR4,0.00000
input.InL2c1,input.ICTNET11MBR4,0.57140
input.iritfd1,input.ICTNET11MBR4,0.01275
input.iritfd2,input.ICTNET11MBR4,0.00465
input.IRSIGoogle1G,input.ICTNET11MBR4,0.15156
input.IRSIGoogle2G,input.ICTNET11MBR4,0.82077
input.isiFD,input.ICTNET11MBR4,0.00001
input.isiFDL,input.ICTNET11MBR4,0.00000
input.isiFDRM,input.ICTNET11MBR4,0.00000
input.isiFDRML,input.ICTNET11MBR4,0.00000
input.kanopeRun,input.ICTNET11MBR4,0.00000
input.KAUSTBase,input.ICTNET11MBR4,0.19935
input.KAUSTExp,input.ICTNET11MBR4,0.29060
input.KAUSTExpRrnk,input.ICTNET11MBR4,0.59718
input.KAUSTRerank,input.ICTNET11MBR4,0.38536
input.LJQO10,input.ICTNET11MBR4,0.16256
input.LJQO5,input.ICTNET11MBR4,0.16256
input.LMOP10,input.ICTNET11MBR4,0.27376
input.LMOP5,input.ICTNET11MBR4,0.04972
input.LThresh,input.ICTNET11MBR4,0.16263
input.manualWISTUD,input.ICTNET11MBR4,0.00004
input.melblt,input.ICTNET11MBR4,0.42808
input.MONASH1NEW,input.ICTNET11MBR4,0.00022
input.MONASH2NEW,input.ICTNET11MBR4,0.00004
input.MorpheusRun1,input.ICTNET11MBR4,0.00000
input.mulnewWISTUD,input.ICTNET11MBR4,0.87999
input.myRun,input.ICTNET11MBR4,0.11292
input.myrun2,input.ICTNET11MBR4,0.00287
input.myrun3,input.ICTNET11MBR4,0.00587
input.Nestor,input.ICTNET11MBR4,0.10466
input.NestorS,input.ICTNET11MBR4,0.07612
input.normal,input.ICTNET11MBR4,0.57136
input.nQCRIwoTag,input.ICTNET11MBR4,0.40637
input.nQCRIwTag,input.ICTNET11MBR4,0.27373
input.omarRun,input.ICTNET11MBR4,0.99991
input.PKUICST,input.ICTNET11MBR4,0.00224
input.PKUICST2,input.ICTNET11MBR4,0.01929
input.PKUICST3,input.ICTNET11MBR4,0.00090
input.PKUICST4,input.ICTNET11MBR4,0.00059
input.PL2Bo1SDExt,input.ICTNET11MBR4,0.00000
input.PL2NoQENoDM,input.ICTNET11MBR4,0.76286
input.PL2NoQeSd,input.ICTNET11MBR4,0.52123
input.PL2NoQeSdExt,input.ICTNET11MBR4,0.00000
input.PRISrun1,input.ICTNET11MBR4,0.00000
input.PRISrun2,input.ICTNET11MBR4,0.00000
input.PRISrun3,input.ICTNET11MBR4,0.00000
input.PRISrun4,input.ICTNET11MBR4,0.57128
input.QCRIwoTagOrg,input.ICTNET11MBR4,0.40637
input.QCRIwTagOrg,input.ICTNET11MBR4,0.27373
input.qHtagBaseRun,input.ICTNET11MBR4,0.11292
input.qRefLThresh,input.ICTNET11MBR4,0.02133
input.refBalRun,input.ICTNET11MBR4,0.52116
input.refRelRun,input.ICTNET11MBR4,0.82099
input.relevanceRun,input.ICTNET11MBR4,0.04548
input.RFD,input.ICTNET11MBR4,0.17433
input.ri,input.ICTNET11MBR4,0.00001
input.rit,input.ICTNET11MBR4,0.29055
input.rit3,input.ICTNET11MBR4,0.54597
input.RMITAR,input.ICTNET11MBR4,0.04154
input.RMITM,input.ICTNET11MBR4,0.36503
input.RMITMR,input.ICTNET11MBR4,0.00587
input.RMITMRR,input.ICTNET11MBR4,0.85039
input.Rocchio,input.ICTNET11MBR4,0.13114
input.RTB,input.ICTNET11MBR4,0.00000
input.run1,input.ICTNET11MBR4,0.05427
input.run1a,input.ICTNET11MBR4,0.00002
input.run1fix,input.ICTNET11MBR4,0.00659
input.run2,input.ICTNET11MBR4,0.00103
input.run2a,input.ICTNET11MBR4,0.00059
input.run3,input.ICTNET11MBR4,0.76264
input.run3a,input.ICTNET11MBR4,0.02356
input.run4,input.ICTNET11MBR4,0.18658
input.run4a,input.ICTNET11MBR4,0.01743
input.RunAll,input.ICTNET11MBR4,0.62364
input.RunFut,input.ICTNET11MBR4,0.38536
input.runNeMIS,input.ICTNET11MBR4,0.00004
input.runNeMISext,input.ICTNET11MBR4,0.00103
input.RunPure,input.ICTNET11MBR4,0.70586
input.scurtuRun1,input.ICTNET11MBR4,0.00737
input.sielrun1,input.ICTNET11MBR4,0.00000
input.sielrun2,input.ICTNET11MBR4,0.00012
input.sielrun3,input.ICTNET11MBR4,0.00005
input.sielrun4,input.ICTNET11MBR4,0.00009
input.SienaCL1B,input.ICTNET11MBR4,0.42798
input.SienaCL31,input.ICTNET11MBR4,0.82086
input.SienaCL342,input.ICTNET11MBR4,0.79158
input.SienaCLbase,input.ICTNET11MBR4,0.87995
input.simfoll,input.ICTNET11MBR4,0.47336
input.simfollTP01,input.ICTNET11MBR4,0.42801
input.sylesNoRes,input.ICTNET11MBR4,0.01930
input.tfTP01,input.ICTNET11MBR4,0.52112
input.udelIndri,input.ICTNET11MBR4,0.42804
input.udelLucene,input.ICTNET11MBR4,0.00000
input.UDMicroComb1,input.ICTNET11MBR4,0.14110
input.UDMicroComb2,input.ICTNET11MBR4,0.73424
input.UDMicroIDF,input.ICTNET11MBR4,0.54590
input.UDMicroIDFD,input.ICTNET11MBR4,0.36509
input.uicir1,input.ICTNET11MBR4,0.08943
input.uicir2,input.ICTNET11MBR4,0.03456
input.UIowaS1,input.ICTNET11MBR4,0.99973
input.UIowaS2,input.ICTNET11MBR4,0.99986
input.UIowaS3,input.ICTNET11MBR4,0.93967
input.UIowaS4,input.ICTNET11MBR4,0.62388
input.uiucsf,input.ICTNET11MBR4,0.00000
input.uogTrLqea,input.ICTNET11MBR4,0.00587
input.uogTrLqeabd,input.ICTNET11MBR4,0.00197
input.uogTrLqeabdd,input.ICTNET11MBR4,0.00090
input.uogTrUB2,input.ICTNET11MBR4,0.00052
input.UTBase,input.ICTNET11MBR4,0.00287
input.UTBaseRTF,input.ICTNET11MBR4,0.00000
input.UTWngFuture,input.ICTNET11MBR4,0.00000
input.UTWngFutureQ,input.ICTNET11MBR4,0.00000
input.waterlooa1,input.ICTNET11MBR4,0.01274
input.waterlooa2,input.ICTNET11MBR4,0.07005
input.waterlooa3,input.ICTNET11MBR4,0.00034
input.waterlooa4,input.ICTNET11MBR4,0.01028
input.WESTfilext,input.ICTNET11MBR4,0.03792
input.WESTfilter,input.ICTNET11MBR4,0.08259
input.WESTrelint,input.ICTNET11MBR4,0.00000
input.WESTrlext,input.ICTNET11MBR4,0.00000
input.Wise2ndRun,input.ICTNET11MBR4,0.02132
input.WiseFifthRun,input.ICTNET11MBR4,0.24201
input.WiseFouthRun,input.ICTNET11MBR4,0.96992
input.WiseThirdRun,input.ICTNET11MBR4,0.02132
input.ya3,input.ICTNET11MBR4,0.01274
input.ya4,input.ICTNET11MBR4,0.16263
input.YNDXTPC1,input.ICTNET11MBR4,0.01145
input.YNDXTPC2,input.ICTNET11MBR4,0.02597
input.IDEABASIC,input.IDEAACTQE,0.93989
input.IDEABASICACT,input.IDEAACTQE,0.93989
input.IDEABASICQE,input.IDEAACTQE,0.96983
input.ikmRun1,input.IDEAACTQE,0.00001
input.InL2c1,input.IDEAACTQE,0.73424
input.iritfd1,input.IDEAACTQE,0.00659
input.iritfd2,input.IDEAACTQE,0.00224
input.IRSIGoogle1G,input.IDEAACTQE,0.09680
input.IRSIGoogle2G,input.IDEAACTQE,0.65051
input.isiFD,input.IDEAACTQE,0.00000
input.isiFDL,input.IDEAACTQE,0.00000
input.isiFDRM,input.IDEAACTQE,0.00000
input.isiFDRML,input.IDEAACTQE,0.00000
input.kanopeRun,input.IDEAACTQE,0.00000
input.KAUSTBase,input.IDEAACTQE,0.13107
input.KAUSTExp,input.IDEAACTQE,0.19939
input.KAUSTExpRrnk,input.IDEAACTQE,0.45028
input.KAUSTRerank,input.IDEAACTQE,0.27371
input.LJQO10,input.IDEAACTQE,0.10459
input.LJQO5,input.IDEAACTQE,0.10459
input.LMOP10,input.IDEAACTQE,0.38542
input.LMOP5,input.IDEAACTQE,0.08258
input.LThresh,input.IDEAACTQE,0.24208
input.manualWISTUD,input.IDEAACTQE,0.00001
input.melblt,input.IDEAACTQE,0.30821
input.MONASH1NEW,input.IDEAACTQE,0.00052
input.MONASH2NEW,input.IDEAACTQE,0.00010
input.MorpheusRun1,input.IDEAACTQE,0.00000
input.mulnewWISTUD,input.IDEAACTQE,0.70582
input.myRun,input.IDEAACTQE,0.07003
input.myrun2,input.IDEAACTQE,0.00134
input.myrun3,input.IDEAACTQE,0.00287
input.Nestor,input.IDEAACTQE,0.16266
input.NestorS,input.IDEAACTQE,0.12182
input.normal,input.IDEAACTQE,0.42804
input.nQCRIwoTag,input.IDEAACTQE,0.29060
input.nQCRIwTag,input.IDEAACTQE,0.18650
input.omarRun,input.IDEAACTQE,0.82073
input.PKUICST,input.IDEAACTQE,0.00103
input.PKUICST2,input.IDEAACTQE,0.01028
input.PKUICST3,input.IDEAACTQE,0.00039
input.PKUICST4,input.IDEAACTQE,0.00025
input.PL2Bo1SDExt,input.IDEAACTQE,0.00000
input.PL2NoQENoDM,input.IDEAACTQE,0.94003
input.PL2NoQeSd,input.IDEAACTQE,0.67818
input.PL2NoQeSdExt,input.IDEAACTQE,0.00000
input.PRISrun1,input.IDEAACTQE,0.00000
input.PRISrun2,input.IDEAACTQE,0.00000
input.PRISrun3,input.IDEAACTQE,0.00000
input.PRISrun4,input.IDEAACTQE,0.42798
input.QCRIwoTagOrg,input.IDEAACTQE,0.29060
input.QCRIwTagOrg,input.IDEAACTQE,0.18650
input.qHtagBaseRun,input.IDEAACTQE,0.17424
input.qRefLThresh,input.IDEAACTQE,0.03792
input.refBalRun,input.IDEAACTQE,0.67809
input.refRelRun,input.IDEAACTQE,0.65071
input.relevanceRun,input.IDEAACTQE,0.02597
input.RFD,input.IDEAACTQE,0.25767
input.ri,input.IDEAACTQE,0.00000
input.rit,input.IDEAACTQE,0.19935
input.rit3,input.IDEAACTQE,0.70594
input.RMITAR,input.IDEAACTQE,0.07004
input.RMITM,input.IDEAACTQE,0.49693
input.RMITMR,input.IDEAACTQE,0.01145
input.RMITMRR,input.IDEAACTQE,0.67805
input.Rocchio,input.IDEAACTQE,0.19945
input.RTB,input.IDEAACTQE,0.00000
input.run1,input.IDEAACTQE,0.03146
input.run1a,input.IDEAACTQE,0.00005
input.run1fix,input.IDEAACTQE,0.00324
input.run2,input.IDEAACTQE,0.00045
input.run2a,input.IDEAACTQE,0.00134
input.run3,input.IDEAACTQE,0.93980
input.run3a,input.IDEAACTQE,0.04158
input.run4,input.IDEAACTQE,0.27383
input.run4a,input.IDEAACTQE,0.03148
input.RunAll,input.IDEAACTQE,0.79163
input.RunFut,input.IDEAACTQE,0.52116
input.runNeMIS,input.IDEAACTQE,0.00010
input.runNeMISext,input.IDEAACTQE,0.00224
input.RunPure,input.IDEAACTQE,0.88004
input.scurtuRun1,input.IDEAACTQE,0.01417
input.sielrun1,input.IDEAACTQE,0.00000
input.sielrun2,input.IDEAACTQE,0.00029
input.sielrun3,input.IDEAACTQE,0.00014
input.sielrun4,input.IDEAACTQE,0.00022
input.SienaCL1B,input.IDEAACTQE,0.30813
input.SienaCL31,input.IDEAACTQE,0.65059
input.SienaCL342,input.IDEAACTQE,0.62360
input.SienaCLbase,input.IDEAACTQE,0.70578
input.simfoll,input.IDEAACTQE,0.34541
input.simfollTP01,input.IDEAACTQE,0.30816
input.sylesNoRes,input.IDEAACTQE,0.01028
input.tfTP01,input.IDEAACTQE,0.38533
input.udelIndri,input.IDEAACTQE,0.30818
input.udelLucene,input.IDEAACTQE,0.00000
input.UDMicroComb1,input.IDEAACTQE,0.21306
input.UDMicroComb2,input.IDEAACTQE,0.91004
input.UDMicroIDF,input.IDEAACTQE,0.40630
input.UDMicroIDFD,input.IDEAACTQE,0.49700
input.uicir1,input.IDEAACTQE,0.14104
input.uicir2,input.IDEAACTQE,0.05916
input.UIowaS1,input.IDEAACTQE,0.82055
input.UIowaS2,input.IDEAACTQE,0.82068
input.UIowaS3,input.IDEAACTQE,0.76251
input.UIowaS4,input.IDEAACTQE,0.79189
input.uiucsf,input.IDEAACTQE,0.00000
input.uogTrLqea,input.IDEAACTQE,0.01146
input.uogTrLqeabd,input.IDEAACTQE,0.00413
input.uogTrLqeabdd,input.IDEAACTQE,0.00197
input.uogTrUB2,input.IDEAACTQE,0.00117
input.UTBase,input.IDEAACTQE,0.00587
input.UTBaseRTF,input.IDEAACTQE,0.00000
input.UTWngFuture,input.IDEAACTQE,0.00000
input.UTWngFutureQ,input.IDEAACTQE,0.00000
input.waterlooa1,input.IDEAACTQE,0.00658
input.waterlooa2,input.IDEAACTQE,0.04154
input.waterlooa3,input.IDEAACTQE,0.00014
input.waterlooa4,input.IDEAACTQE,0.00523
input.WESTfilext,input.IDEAACTQE,0.06443
input.WESTfilter,input.IDEAACTQE,0.13121
input.WESTrelint,input.IDEAACTQE,0.00000
input.WESTrlext,input.IDEAACTQE,0.00000
input.Wise2ndRun,input.IDEAACTQE,0.01145
input.WiseFifthRun,input.IDEAACTQE,0.16257
input.WiseFouthRun,input.IDEAACTQE,0.85025
input.WiseThirdRun,input.IDEAACTQE,0.01145
input.ya3,input.IDEAACTQE,0.02355
input.ya4,input.IDEAACTQE,0.24208
input.YNDXTPC1,input.IDEAACTQE,0.02133
input.YNDXTPC2,input.IDEAACTQE,0.04548
input.IDEABASICACT,input.IDEABASIC,1.00000
input.IDEABASICQE,input.IDEABASIC,0.90986
input.ikmRun1,input.IDEABASIC,0.00001
input.InL2c1,input.IDEABASIC,0.79171
input.iritfd1,input.IDEABASIC,0.00523
input.iritfd2,input.IDEABASIC,0.00173
input.IRSIGoogle1G,input.IDEABASIC,0.08257
input.IRSIGoogle2G,input.IDEABASIC,0.59718
input.isiFD,input.IDEABASIC,0.00000
input.isiFDL,input.IDEABASIC,0.00000
input.isiFDRM,input.IDEABASIC,0.00000
input.isiFDRML,input.IDEABASIC,0.00000
input.kanopeRun,input.IDEABASIC,0.00000
input.KAUSTBase,input.IDEABASIC,0.11289
input.KAUSTExp,input.IDEABASIC,0.17424
input.KAUSTExpRrnk,input.IDEABASIC,0.40633
input.KAUSTRerank,input.IDEABASIC,0.24201
input.LJQO10,input.IDEABASIC,0.08943
input.LJQO5,input.IDEABASIC,0.08943
input.LMOP10,input.IDEABASIC,0.42804
input.LMOP5,input.IDEABASIC,0.09681
input.LThresh,input.IDEABASIC,0.27378
input.manualWISTUD,input.IDEABASIC,0.00001
input.melblt,input.IDEABASIC,0.27378
input.MONASH1NEW,input.IDEABASIC,0.00068
input.MONASH2NEW,input.IDEABASIC,0.00014
input.MorpheusRun1,input.IDEABASIC,0.00000
input.mulnewWISTUD,input.IDEABASIC,0.65063
input.myRun,input.IDEABASIC,0.05915
input.myrun2,input.IDEABASIC,0.00102
input.myrun3,input.IDEABASIC,0.00224
input.Nestor,input.IDEABASIC,0.18658
input.NestorS,input.IDEABASIC,0.14109
input.normal,input.IDEABASIC,0.38542
input.nQCRIwoTag,input.IDEABASIC,0.25755
input.nQCRIwTag,input.IDEABASIC,0.16259
input.omarRun,input.IDEABASIC,0.76264
input.PKUICST,input.IDEABASIC,0.00078
input.PKUICST2,input.IDEABASIC,0.00825
input.PKUICST3,input.IDEABASIC,0.00029
input.PKUICST4,input.IDEABASIC,0.00019
input.PL2Bo1SDExt,input.IDEABASIC,0.00000
input.PL2NoQENoDM,input.IDEABASIC,0.99986
input.PL2NoQeSd,input.IDEABASIC,0.73420
input.PL2NoQeSdExt,input.IDEABASIC,0.00000
input.PRISrun1,input.IDEABASIC,0.00000
input.PRISrun2,input.IDEABASIC,0.00000
input.PRISrun3,input.IDEABASIC,0.00000
input.PRISrun4,input.IDEABASIC,0.38536
input.QCRIwoTagOrg,input.IDEABASIC,0.25755
input.QCRIwTagOrg,input.IDEABASIC,0.16259
input.qHtagBaseRun,input.IDEABASIC,0.19939
input.qRefLThresh,input.IDEABASIC,0.04547
input.refBalRun,input.IDEABASIC,0.73411
input.refRelRun,input.IDEABASIC,0.59738
input.relevanceRun,input.IDEABASIC,0.02133
input.RFD,input.IDEABASIC,0.29073
input.ri,input.IDEABASIC,0.00000
input.rit,input.IDEABASIC,0.17420
input.rit3,input.IDEABASIC,0.76273
input.RMITAR,input.IDEABASIC,0.08252
input.RMITM,input.IDEABASIC,0.54590
input.RMITMR,input.IDEABASIC,0.01416
input.RMITMRR,input.IDEABASIC,0.62376
input.Rocchio,input.IDEABASIC,0.22715
input.RTB,input.IDEABASIC,0.00000
input.run1,input.IDEABASIC,0.02597
input.run1a,input.IDEABASIC,0.00006
input.run1fix,input.IDEABASIC,0.00254
input.run2,input.IDEABASIC,0.00034
input.run2a,input.IDEABASIC,0.00173
input.run3,input.IDEABASIC,0.99991
input.run3a,input.IDEABASIC,0.04973
input.run4,input.IDEABASIC,0.30826
input.run4a,input.IDEABASIC,0.03794
input.RunAll,input.IDEABASIC,0.85025
input.RunFut,input.IDEABASIC,0.57128
input.runNeMIS,input.IDEABASIC,0.00014
input.runNeMISext,input.IDEABASIC,0.00287
input.RunPure,input.IDEABASIC,0.93980
input.scurtuRun1,input.IDEABASIC,0.01743
input.sielrun1,input.IDEABASIC,0.00000
input.sielrun2,input.IDEABASIC,0.00039
input.sielrun3,input.IDEABASIC,0.00019
input.sielrun4,input.IDEABASIC,0.00029
input.SienaCL1B,input.IDEABASIC,0.27371
input.SienaCL31,input.IDEABASIC,0.59726
input.SienaCL342,input.IDEABASIC,0.57128
input.SienaCLbase,input.IDEABASIC,0.65059
input.simfoll,input.IDEABASIC,0.30824
input.simfollTP01,input.IDEABASIC,0.27373
input.sylesNoRes,input.IDEABASIC,0.00825
input.tfTP01,input.IDEABASIC,0.34541
input.udelIndri,input.IDEABASIC,0.27376
input.udelLucene,input.IDEABASIC,0.00000
input.UDMicroComb1,input.IDEABASIC,0.24208
input.UDMicroComb2,input.IDEABASIC,0.97002
input.UDMicroIDF,input.IDEABASIC,0.36503
input.UDMicroIDFD,input.IDEABASIC,0.54597
input.uicir1,input.IDEABASIC,0.16256
input.uicir2,input.IDEABASIC,0.07005
input.UIowaS1,input.IDEABASIC,0.76247
input.UIowaS2,input.IDEABASIC,0.76260
input.UIowaS3,input.IDEABASIC,0.70573
input.UIowaS4,input.IDEABASIC,0.85052
input.uiucsf,input.IDEABASIC,0.00000
input.uogTrLqea,input.IDEABASIC,0.01417
input.uogTrLqeabd,input.IDEABASIC,0.00523
input.uogTrLqeabdd,input.IDEABASIC,0.00254
input.uogTrUB2,input.IDEABASIC,0.00152
input.UTBase,input.IDEABASIC,0.00737
input.UTBaseRTF,input.IDEABASIC,0.00000
input.UTWngFuture,input.IDEABASIC,0.00000
input.UTWngFutureQ,input.IDEABASIC,0.00000
input.waterlooa1,input.IDEABASIC,0.00523
input.waterlooa2,input.IDEABASIC,0.03456
input.waterlooa3,input.IDEABASIC,0.00010
input.waterlooa4,input.IDEABASIC,0.00413
input.WESTfilext,input.IDEABASIC,0.07610
input.WESTfilter,input.IDEABASIC,0.15159
input.WESTrelint,input.IDEABASIC,0.00000
input.WESTrlext,input.IDEABASIC,0.00000
input.Wise2ndRun,input.IDEABASIC,0.00921
input.WiseFifthRun,input.IDEABASIC,0.14106
input.WiseFouthRun,input.IDEABASIC,0.79163
input.WiseThirdRun,input.IDEABASIC,0.00921
input.ya3,input.IDEABASIC,0.02860
input.ya4,input.IDEABASIC,0.27378
input.YNDXTPC1,input.IDEABASIC,0.02597
input.YNDXTPC2,input.IDEABASIC,0.05425
input.IDEABASICQE,input.IDEABASICACT,0.90986
input.ikmRun1,input.IDEABASICACT,0.00001
input.InL2c1,input.IDEABASICACT,0.79171
input.iritfd1,input.IDEABASICACT,0.00523
input.iritfd2,input.IDEABASICACT,0.00173
input.IRSIGoogle1G,input.IDEABASICACT,0.08257
input.IRSIGoogle2G,input.IDEABASICACT,0.59718
input.isiFD,input.IDEABASICACT,0.00000
input.isiFDL,input.IDEABASICACT,0.00000
input.isiFDRM,input.IDEABASICACT,0.00000
input.isiFDRML,input.IDEABASICACT,0.00000
input.kanopeRun,input.IDEABASICACT,0.00000
input.KAUSTBase,input.IDEABASICACT,0.11289
input.KAUSTExp,input.IDEABASICACT,0.17424
input.KAUSTExpRrnk,input.IDEABASICACT,0.40633
input.KAUSTRerank,input.IDEABASICACT,0.24201
input.LJQO10,input.IDEABASICACT,0.08943
input.LJQO5,input.IDEABASICACT,0.08943
input.LMOP10,input.IDEABASICACT,0.42804
input.LMOP5,input.IDEABASICACT,0.09681
input.LThresh,input.IDEABASICACT,0.27378
input.manualWISTUD,input.IDEABASICACT,0.00001
input.melblt,input.IDEABASICACT,0.27378
input.MONASH1NEW,input.IDEABASICACT,0.00068
input.MONASH2NEW,input.IDEABASICACT,0.00014
input.MorpheusRun1,input.IDEABASICACT,0.00000
input.mulnewWISTUD,input.IDEABASICACT,0.65063
input.myRun,input.IDEABASICACT,0.05915
input.myrun2,input.IDEABASICACT,0.00102
input.myrun3,input.IDEABASICACT,0.00224
input.Nestor,input.IDEABASICACT,0.18658
input.NestorS,input.IDEABASICACT,0.14109
input.normal,input.IDEABASICACT,0.38542
input.nQCRIwoTag,input.IDEABASICACT,0.25755
input.nQCRIwTag,input.IDEABASICACT,0.16259
input.omarRun,input.IDEABASICACT,0.76264
input.PKUICST,input.IDEABASICACT,0.00078
input.PKUICST2,input.IDEABASICACT,0.00825
input.PKUICST3,input.IDEABASICACT,0.00029
input.PKUICST4,input.IDEABASICACT,0.00019
input.PL2Bo1SDExt,input.IDEABASICACT,0.00000
input.PL2NoQENoDM,input.IDEABASICACT,0.99986
input.PL2NoQeSd,input.IDEABASICACT,0.73420
input.PL2NoQeSdExt,input.IDEABASICACT,0.00000
input.PRISrun1,input.IDEABASICACT,0.00000
input.PRISrun2,input.IDEABASICACT,0.00000
input.PRISrun3,input.IDEABASICACT,0.00000
input.PRISrun4,input.IDEABASICACT,0.38536
input.QCRIwoTagOrg,input.IDEABASICACT,0.25755
input.QCRIwTagOrg,input.IDEABASICACT,0.16259
input.qHtagBaseRun,input.IDEABASICACT,0.19939
input.qRefLThresh,input.IDEABASICACT,0.04547
input.refBalRun,input.IDEABASICACT,0.73411
input.refRelRun,input.IDEABASICACT,0.59738
input.relevanceRun,input.IDEABASICACT,0.02133
input.RFD,input.IDEABASICACT,0.29073
input.ri,input.IDEABASICACT,0.00000
input.rit,input.IDEABASICACT,0.17420
input.rit3,input.IDEABASICACT,0.76273
input.RMITAR,input.IDEABASICACT,0.08252
input.RMITM,input.IDEABASICACT,0.54590
input.RMITMR,input.IDEABASICACT,0.01416
input.RMITMRR,input.IDEABASICACT,0.62376
input.Rocchio,input.IDEABASICACT,0.22715
input.RTB,input.IDEABASICACT,0.00000
input.run1,input.IDEABASICACT,0.02597
input.run1a,input.IDEABASICACT,0.00006
input.run1fix,input.IDEABASICACT,0.00254
input.run2,input.IDEABASICACT,0.00034
input.run2a,input.IDEABASICACT,0.00173
input.run3,input.IDEABASICACT,0.99991
input.run3a,input.IDEABASICACT,0.04973
input.run4,input.IDEABASICACT,0.30826
input.run4a,input.IDEABASICACT,0.03794
input.RunAll,input.IDEABASICACT,0.85025
input.RunFut,input.IDEABASICACT,0.57128
input.runNeMIS,input.IDEABASICACT,0.00014
input.runNeMISext,input.IDEABASICACT,0.00287
input.RunPure,input.IDEABASICACT,0.93980
input.scurtuRun1,input.IDEABASICACT,0.01743
input.sielrun1,input.IDEABASICACT,0.00000
input.sielrun2,input.IDEABASICACT,0.00039
input.sielrun3,input.IDEABASICACT,0.00019
input.sielrun4,input.IDEABASICACT,0.00029
input.SienaCL1B,input.IDEABASICACT,0.27371
input.SienaCL31,input.IDEABASICACT,0.59726
input.SienaCL342,input.IDEABASICACT,0.57128
input.SienaCLbase,input.IDEABASICACT,0.65059
input.simfoll,input.IDEABASICACT,0.30824
input.simfollTP01,input.IDEABASICACT,0.27373
input.sylesNoRes,input.IDEABASICACT,0.00825
input.tfTP01,input.IDEABASICACT,0.34541
input.udelIndri,input.IDEABASICACT,0.27376
input.udelLucene,input.IDEABASICACT,0.00000
input.UDMicroComb1,input.IDEABASICACT,0.24208
input.UDMicroComb2,input.IDEABASICACT,0.97002
input.UDMicroIDF,input.IDEABASICACT,0.36503
input.UDMicroIDFD,input.IDEABASICACT,0.54597
input.uicir1,input.IDEABASICACT,0.16256
input.uicir2,input.IDEABASICACT,0.07005
input.UIowaS1,input.IDEABASICACT,0.76247
input.UIowaS2,input.IDEABASICACT,0.76260
input.UIowaS3,input.IDEABASICACT,0.70573
input.UIowaS4,input.IDEABASICACT,0.85052
input.uiucsf,input.IDEABASICACT,0.00000
input.uogTrLqea,input.IDEABASICACT,0.01417
input.uogTrLqeabd,input.IDEABASICACT,0.00523
input.uogTrLqeabdd,input.IDEABASICACT,0.00254
input.uogTrUB2,input.IDEABASICACT,0.00152
input.UTBase,input.IDEABASICACT,0.00737
input.UTBaseRTF,input.IDEABASICACT,0.00000
input.UTWngFuture,input.IDEABASICACT,0.00000
input.UTWngFutureQ,input.IDEABASICACT,0.00000
input.waterlooa1,input.IDEABASICACT,0.00523
input.waterlooa2,input.IDEABASICACT,0.03456
input.waterlooa3,input.IDEABASICACT,0.00010
input.waterlooa4,input.IDEABASICACT,0.00413
input.WESTfilext,input.IDEABASICACT,0.07610
input.WESTfilter,input.IDEABASICACT,0.15159
input.WESTrelint,input.IDEABASICACT,0.00000
input.WESTrlext,input.IDEABASICACT,0.00000
input.Wise2ndRun,input.IDEABASICACT,0.00921
input.WiseFifthRun,input.IDEABASICACT,0.14106
input.WiseFouthRun,input.IDEABASICACT,0.79163
input.WiseThirdRun,input.IDEABASICACT,0.00921
input.ya3,input.IDEABASICACT,0.02860
input.ya4,input.IDEABASICACT,0.27378
input.YNDXTPC1,input.IDEABASICACT,0.02597
input.YNDXTPC2,input.IDEABASICACT,0.05425
input.ikmRun1,input.IDEABASICQE,0.00001
input.InL2c1,input.IDEABASICQE,0.70594
input.iritfd1,input.IDEABASICQE,0.00738
input.iritfd2,input.IDEABASICQE,0.00253
input.IRSIGoogle1G,input.IDEABASICQE,0.10465
input.IRSIGoogle2G,input.IDEABASICQE,0.67797
input.isiFD,input.IDEABASICQE,0.00000
input.isiFDL,input.IDEABASICQE,0.00000
input.isiFDRM,input.IDEABASICQE,0.00000
input.isiFDRML,input.IDEABASICQE,0.00000
input.kanopeRun,input.IDEABASICQE,0.00000
input.KAUSTBase,input.IDEABASICQE,0.14099
input.KAUSTExp,input.IDEABASICQE,0.21295
input.KAUSTExpRrnk,input.IDEABASICQE,0.47329
input.KAUSTRerank,input.IDEABASICQE,0.29063
input.LJQO10,input.IDEABASICQE,0.11292
input.LJQO5,input.IDEABASICQE,0.11292
input.LMOP10,input.IDEABASICQE,0.36506
input.LMOP5,input.IDEABASICQE,0.07611
input.LThresh,input.IDEABASICQE,0.22720
input.manualWISTUD,input.IDEABASICQE,0.00002
input.melblt,input.IDEABASICQE,0.32651
input.MONASH1NEW,input.IDEABASICQE,0.00045
input.MONASH2NEW,input.IDEABASICQE,0.00009
input.MorpheusRun1,input.IDEABASICQE,0.00000
input.mulnewWISTUD,input.IDEABASICQE,0.73411
input.myRun,input.IDEABASICQE,0.07608
input.myrun2,input.IDEABASICQE,0.00152
input.myrun3,input.IDEABASICQE,0.00324
input.Nestor,input.IDEABASICQE,0.15157
input.NestorS,input.IDEABASICQE,0.11297
input.normal,input.IDEABASICQE,0.45041
input.nQCRIwoTag,input.IDEABASICQE,0.30821
input.nQCRIwTag,input.IDEABASICQE,0.19943
input.omarRun,input.IDEABASICQE,0.85025
input.PKUICST,input.IDEABASICQE,0.00117
input.PKUICST2,input.IDEABASICQE,0.01145
input.PKUICST3,input.IDEABASICQE,0.00045
input.PKUICST4,input.IDEABASICQE,0.00029
input.PL2Bo1SDExt,input.IDEABASICQE,0.00000
input.PL2NoQENoDM,input.IDEABASICQE,0.90999
input.PL2NoQeSd,input.IDEABASICQE,0.65071
input.PL2NoQeSdExt,input.IDEABASICQE,0.00000
input.PRISrun1,input.IDEABASICQE,0.00000
input.PRISrun2,input.IDEABASICQE,0.00000
input.PRISrun3,input.IDEABASICQE,0.00000
input.PRISrun4,input.IDEABASICQE,0.45034
input.QCRIwoTagOrg,input.IDEABASICQE,0.30821
input.QCRIwTagOrg,input.IDEABASICQE,0.19943
input.qHtagBaseRun,input.IDEABASICQE,0.16256
input.qRefLThresh,input.IDEABASICQE,0.03456
input.refBalRun,input.IDEABASICQE,0.65063
input.refRelRun,input.IDEABASICQE,0.67818
input.relevanceRun,input.IDEABASICQE,0.02861
input.RFD,input.IDEABASICQE,0.24211
input.ri,input.IDEABASICQE,0.00000
input.rit,input.IDEABASICQE,0.21291
input.rit3,input.IDEABASICQE,0.67805
input.RMITAR,input.IDEABASICQE,0.06439
input.RMITM,input.IDEABASICQE,0.47329
input.RMITMR,input.IDEABASICQE,0.01027
input.RMITMRR,input.IDEABASICQE,0.70594
input.Rocchio,input.IDEABASICQE,0.18652
input.RTB,input.IDEABASICQE,0.00000
input.run1,input.IDEABASICQE,0.03457
input.run1a,input.IDEABASICQE,0.00004
input.run1fix,input.IDEABASICQE,0.00366
input.run2,input.IDEABASICQE,0.00052
input.run2a,input.IDEABASICQE,0.00117
input.run3,input.IDEABASICQE,0.90977
input.run3a,input.IDEABASICQE,0.03794
input.run4,input.IDEABASICQE,0.25759
input.run4a,input.IDEABASICQE,0.02862
input.RunAll,input.IDEABASICQE,0.76264
input.RunFut,input.IDEABASICQE,0.49690
input.runNeMIS,input.IDEABASICQE,0.00009
input.runNeMISext,input.IDEABASICQE,0.00197
input.RunPure,input.IDEABASICQE,0.85030
input.scurtuRun1,input.IDEABASICQE,0.01275
input.sielrun1,input.IDEABASICQE,0.00000
input.sielrun2,input.IDEABASICQE,0.00025
input.sielrun3,input.IDEABASICQE,0.00012
input.sielrun4,input.IDEABASICQE,0.00019
input.SienaCL1B,input.IDEABASICQE,0.32642
input.SienaCL31,input.IDEABASICQE,0.67805
input.SienaCL342,input.IDEABASICQE,0.65059
input.SienaCLbase,input.IDEABASICQE,0.73407
input.simfoll,input.IDEABASICQE,0.36509
input.simfollTP01,input.IDEABASICQE,0.32645
input.sylesNoRes,input.IDEABASICQE,0.01146
input.tfTP01,input.IDEABASICQE,0.40637
input.udelIndri,input.IDEABASICQE,0.32648
input.udelLucene,input.IDEABASICQE,0.00000
input.UDMicroComb1,input.IDEABASICQE,0.19949
input.UDMicroComb2,input.IDEABASICQE,0.88013
input.UDMicroIDF,input.IDEABASICQE,0.42801
input.UDMicroIDFD,input.IDEABASICQE,0.47336
input.uicir1,input.IDEABASICQE,0.13111
input.uicir2,input.IDEABASICQE,0.05425
input.UIowaS1,input.IDEABASICQE,0.85008
input.UIowaS2,input.IDEABASICQE,0.85021
input.UIowaS3,input.IDEABASICQE,0.79149
input.UIowaS4,input.IDEABASICQE,0.76290
input.uiucsf,input.IDEABASICQE,0.00000
input.uogTrLqea,input.IDEABASICQE,0.01028
input.uogTrLqeabd,input.IDEABASICQE,0.00366
input.uogTrLqeabdd,input.IDEABASICQE,0.00173
input.uogTrUB2,input.IDEABASICQE,0.00103
input.UTBase,input.IDEABASICQE,0.00523
input.UTBaseRTF,input.IDEABASICQE,0.00000
input.UTWngFuture,input.IDEABASICQE,0.00000
input.UTWngFutureQ,input.IDEABASICQE,0.00000
input.waterlooa1,input.IDEABASICQE,0.00737
input.waterlooa2,input.IDEABASICQE,0.04547
input.waterlooa3,input.IDEABASICQE,0.00016
input.waterlooa4,input.IDEABASICQE,0.00587
input.WESTfilext,input.IDEABASICQE,0.05916
input.WESTfilter,input.IDEABASICQE,0.12182
input.WESTrelint,input.IDEABASICQE,0.00000
input.WESTrlext,input.IDEABASICQE,0.00000
input.Wise2ndRun,input.IDEABASICQE,0.01274
input.WiseFifthRun,input.IDEABASICQE,0.17426
input.WiseFouthRun,input.IDEABASICQE,0.87999
input.WiseThirdRun,input.IDEABASICQE,0.01274
input.ya3,input.IDEABASICQE,0.02132
input.ya4,input.IDEABASICQE,0.22720
input.YNDXTPC1,input.IDEABASICQE,0.01929
input.YNDXTPC2,input.IDEABASICQE,0.04155
input.InL2c1,input.ikmRun1,0.00004
input.iritfd1,input.ikmRun1,0.00000
input.iritfd2,input.ikmRun1,0.00000
input.IRSIGoogle1G,input.ikmRun1,0.00000
input.IRSIGoogle2G,input.ikmRun1,0.00000
input.isiFD,input.ikmRun1,0.00000
input.isiFDL,input.ikmRun1,0.00000
input.isiFDRM,input.ikmRun1,0.00000
input.isiFDRML,input.ikmRun1,0.00000
input.kanopeRun,input.ikmRun1,0.00117
input.KAUSTBase,input.ikmRun1,0.00000
input.KAUSTExp,input.ikmRun1,0.00000
input.KAUSTExpRrnk,input.ikmRun1,0.00000
input.KAUSTRerank,input.ikmRun1,0.00000
input.LJQO10,input.ikmRun1,0.00000
input.LJQO5,input.ikmRun1,0.00000
input.LMOP10,input.ikmRun1,0.00034
input.LMOP5,input.ikmRun1,0.00658
input.LThresh,input.ikmRun1,0.00103
input.manualWISTUD,input.ikmRun1,0.00000
input.melblt,input.ikmRun1,0.00000
input.MONASH1NEW,input.ikmRun1,0.32645
input.MONASH2NEW,input.ikmRun1,0.57140
input.MorpheusRun1,input.ikmRun1,0.65055
input.mulnewWISTUD,input.ikmRun1,0.00000
input.myRun,input.ikmRun1,0.00000
input.myrun2,input.ikmRun1,0.00000
input.myrun3,input.ikmRun1,0.00000
input.Nestor,input.ikmRun1,0.00224
input.NestorS,input.ikmRun1,0.00366
input.normal,input.ikmRun1,0.00000
input.nQCRIwoTag,input.ikmRun1,0.00000
input.nQCRIwTag,input.ikmRun1,0.00000
input.omarRun,input.ikmRun1,0.00000
input.PKUICST,input.ikmRun1,0.00000
input.PKUICST2,input.ikmRun1,0.00000
input.PKUICST3,input.ikmRun1,0.00000
input.PKUICST4,input.ikmRun1,0.00000
input.PL2Bo1SDExt,input.ikmRun1,0.02132
input.PL2NoQENoDM,input.ikmRun1,0.00001
input.PL2NoQeSd,input.ikmRun1,0.00005
input.PL2NoQeSdExt,input.ikmRun1,0.01928
input.PRISrun1,input.ikmRun1,0.00000
input.PRISrun2,input.ikmRun1,0.00000
input.PRISrun3,input.ikmRun1,0.00000
input.PRISrun4,input.ikmRun1,0.00000
input.QCRIwoTagOrg,input.ikmRun1,0.00000
input.QCRIwTagOrg,input.ikmRun1,0.00000
input.qHtagBaseRun,input.ikmRun1,0.00197
input.qRefLThresh,input.ikmRun1,0.01743
input.refBalRun,input.ikmRun1,0.00005
input.refRelRun,input.ikmRun1,0.00000
input.relevanceRun,input.ikmRun1,0.00000
input.RFD,input.ikmRun1,0.00090
input.ri,input.ikmRun1,0.00000
input.rit,input.ikmRun1,0.00000
input.rit3,input.ikmRun1,0.00005
input.RMITAR,input.ikmRun1,0.00826
input.RMITM,input.ikmRun1,0.00016
input.RMITMR,input.ikmRun1,0.05430
input.RMITMRR,input.ikmRun1,0.00000
input.Rocchio,input.ikmRun1,0.00152
input.RTB,input.ikmRun1,0.00025
input.run1,input.ikmRun1,0.00000
input.run1a,input.ikmRun1,0.70599
input.run1fix,input.ikmRun1,0.00000
input.run2,input.ikmRun1,0.00000
input.run2a,input.ikmRun1,0.21304
input.run3,input.ikmRun1,0.00001
input.run3a,input.ikmRun1,0.01572
input.run4,input.ikmRun1,0.00078
input.run4a,input.ikmRun1,0.02133
input.RunAll,input.ikmRun1,0.00003
input.RunFut,input.ikmRun1,0.00014
input.runNeMIS,input.ikmRun1,0.57144
input.runNeMISext,input.ikmRun1,0.16266
input.RunPure,input.ikmRun1,0.00002
input.scurtuRun1,input.ikmRun1,0.04548
input.sielrun1,input.ikmRun1,0.76255
input.sielrun2,input.ikmRun1,0.40640
input.sielrun3,input.ikmRun1,0.52119
input.sielrun4,input.ikmRun1,0.45034
input.SienaCL1B,input.ikmRun1,0.00000
input.SienaCL31,input.ikmRun1,0.00000
input.SienaCL342,input.ikmRun1,0.00000
input.SienaCLbase,input.ikmRun1,0.00000
input.simfoll,input.ikmRun1,0.00000
input.simfollTP01,input.ikmRun1,0.00000
input.sylesNoRes,input.ikmRun1,0.00000
input.tfTP01,input.ikmRun1,0.00000
input.udelIndri,input.ikmRun1,0.00000
input.udelLucene,input.ikmRun1,0.29055
input.UDMicroComb1,input.ikmRun1,0.00134
input.UDMicroComb2,input.ikmRun1,0.00001
input.UDMicroIDF,input.ikmRun1,0.00000
input.UDMicroIDFD,input.ikmRun1,0.00016
input.uicir1,input.ikmRun1,0.00287
input.uicir2,input.ikmRun1,0.01029
input.UIowaS1,input.ikmRun1,0.00000
input.UIowaS2,input.ikmRun1,0.00000
input.UIowaS3,input.ikmRun1,0.00000
input.UIowaS4,input.ikmRun1,0.00003
input.uiucsf,input.ikmRun1,0.00002
input.uogTrLqea,input.ikmRun1,0.05426
input.uogTrLqeabd,input.ikmRun1,0.11296
input.uogTrLqeabdd,input.ikmRun1,0.17426
input.uogTrUB2,input.ikmRun1,0.22724
input.UTBase,input.ikmRun1,0.08947
input.UTBaseRTF,input.ikmRun1,0.00587
input.UTWngFuture,input.ikmRun1,0.01571
input.UTWngFutureQ,input.ikmRun1,0.76255
input.waterlooa1,input.ikmRun1,0.00000
input.waterlooa2,input.ikmRun1,0.00000
input.waterlooa3,input.ikmRun1,0.00000
input.waterlooa4,input.ikmRun1,0.00000
input.WESTfilext,input.ikmRun1,0.00922
input.WESTfilter,input.ikmRun1,0.00324
input.WESTrelint,input.ikmRun1,0.59726
input.WESTrlext,input.ikmRun1,0.59726
input.Wise2ndRun,input.ikmRun1,0.00000
input.WiseFifthRun,input.ikmRun1,0.00000
input.WiseFouthRun,input.ikmRun1,0.00000
input.WiseThirdRun,input.ikmRun1,0.00000
input.ya3,input.ikmRun1,0.02862
input.ya4,input.ikmRun1,0.00103
input.YNDXTPC1,input.ikmRun1,0.03147
input.YNDXTPC2,input.ikmRun1,0.01417
input.iritfd1,input.InL2c1,0.00224
input.iritfd2,input.InL2c1,0.00068
input.IRSIGoogle1G,input.InL2c1,0.04550
input.IRSIGoogle2G,input.InL2c1,0.42804
input.isiFD,input.InL2c1,0.00000
input.isiFDL,input.InL2c1,0.00000
input.isiFDRM,input.InL2c1,0.00000
input.isiFDRML,input.InL2c1,0.00000
input.kanopeRun,input.InL2c1,0.00000
input.KAUSTBase,input.InL2c1,0.06440
input.KAUSTExp,input.InL2c1,0.10463
input.KAUSTExpRrnk,input.InL2c1,0.27376
input.KAUSTRerank,input.InL2c1,0.15156
input.LJQO10,input.InL2c1,0.04970
input.LJQO5,input.InL2c1,0.04970
input.LMOP10,input.InL2c1,0.59718
input.LMOP5,input.InL2c1,0.16259
input.LThresh,input.InL2c1,0.40637
input.manualWISTUD,input.InL2c1,0.00000
input.melblt,input.InL2c1,0.17431
input.MONASH1NEW,input.InL2c1,0.00173
input.MONASH2NEW,input.InL2c1,0.00039
input.MorpheusRun1,input.InL2c1,0.00000
input.mulnewWISTUD,input.InL2c1,0.47339
input.myRun,input.InL2c1,0.03146
input.myrun2,input.InL2c1,0.00039
input.myrun3,input.InL2c1,0.00090
input.Nestor,input.InL2c1,0.29065
input.NestorS,input.InL2c1,0.22717
input.normal,input.InL2c1,0.25762
input.nQCRIwoTag,input.InL2c1,0.16263
input.nQCRIwTag,input.InL2c1,0.09681
input.omarRun,input.InL2c1,0.57132
input.PKUICST,input.InL2c1,0.00029
input.PKUICST2,input.InL2c1,0.00366
input.PKUICST3,input.InL2c1,0.00010
input.PKUICST4,input.InL2c1,0.00006
input.PL2Bo1SDExt,input.InL2c1,0.00000
input.PL2NoQENoDM,input.InL2c1,0.79158
input.PL2NoQeSd,input.InL2c1,0.93985
input.PL2NoQeSdExt,input.InL2c1,0.00000
input.PRISrun1,input.InL2c1,0.00000
input.PRISrun2,input.InL2c1,0.00000
input.PRISrun3,input.InL2c1,0.00000
input.PRISrun4,input.InL2c1,0.25757
input.QCRIwoTagOrg,input.InL2c1,0.16263
input.QCRIwTagOrg,input.InL2c1,0.09681
input.qHtagBaseRun,input.InL2c1,0.30810
input.qRefLThresh,input.InL2c1,0.08253
input.refBalRun,input.InL2c1,0.93976
input.refRelRun,input.InL2c1,0.42821
input.relevanceRun,input.InL2c1,0.01028
input.RFD,input.InL2c1,0.42811
input.ri,input.InL2c1,0.00000
input.rit,input.InL2c1,0.10461
input.rit3,input.InL2c1,0.96983
input.RMITAR,input.InL2c1,0.14098
input.RMITM,input.InL2c1,0.73398
input.RMITMR,input.InL2c1,0.02858
input.RMITMRR,input.InL2c1,0.45048
input.Rocchio,input.InL2c1,0.34535
input.RTB,input.InL2c1,0.00000
input.run1,input.InL2c1,0.01275
input.run1a,input.InL2c1,0.00019
input.run1fix,input.InL2c1,0.00103
input.run2,input.InL2c1,0.00012
input.run2a,input.InL2c1,0.00413
input.run3,input.InL2c1,0.79180
input.run3a,input.InL2c1,0.08947
input.run4,input.InL2c1,0.45038
input.run4a,input.InL2c1,0.07008
input.RunAll,input.InL2c1,0.93998
input.RunFut,input.InL2c1,0.76260
input.runNeMIS,input.InL2c1,0.00039
input.runNeMISext,input.InL2c1,0.00658
input.RunPure,input.InL2c1,0.85043
input.scurtuRun1,input.InL2c1,0.03456
input.sielrun1,input.InL2c1,0.00001
input.sielrun2,input.InL2c1,0.00103
input.sielrun3,input.InL2c1,0.00052
input.sielrun4,input.InL2c1,0.00078
input.SienaCL1B,input.InL2c1,0.17426
input.SienaCL31,input.InL2c1,0.42811
input.SienaCL342,input.InL2c1,0.40640
input.SienaCLbase,input.InL2c1,0.47336
input.simfoll,input.InL2c1,0.19949
input.simfollTP01,input.InL2c1,0.17428
input.sylesNoRes,input.InL2c1,0.00366
input.tfTP01,input.InL2c1,0.22720
input.udelIndri,input.InL2c1,0.17429
input.udelLucene,input.InL2c1,0.00000
input.UDMicroComb1,input.InL2c1,0.36509
input.UDMicroComb2,input.InL2c1,0.82081
input.UDMicroIDF,input.InL2c1,0.24204
input.UDMicroIDFD,input.InL2c1,0.73407
input.uicir1,input.InL2c1,0.25745
input.uicir2,input.InL2c1,0.12174
input.UIowaS1,input.InL2c1,0.57117
input.UIowaS2,input.InL2c1,0.57128
input.UIowaS3,input.InL2c1,0.52108
input.UIowaS4,input.InL2c1,0.93971
input.uiucsf,input.InL2c1,0.00000
input.uogTrLqea,input.InL2c1,0.02861
input.uogTrLqeabd,input.InL2c1,0.01145
input.uogTrLqeabdd,input.InL2c1,0.00587
input.uogTrUB2,input.InL2c1,0.00366
input.UTBase,input.InL2c1,0.01572
input.UTBaseRTF,input.InL2c1,0.00000
input.UTWngFuture,input.InL2c1,0.00000
input.UTWngFutureQ,input.InL2c1,0.00001
input.waterlooa1,input.InL2c1,0.00224
input.waterlooa2,input.InL2c1,0.01743
input.waterlooa3,input.InL2c1,0.00003
input.waterlooa4,input.InL2c1,0.00173
input.WESTfilext,input.InL2c1,0.13112
input.WESTfilter,input.InL2c1,0.24206
input.WESTrelint,input.InL2c1,0.00000
input.WESTrlext,input.InL2c1,0.00000
input.Wise2ndRun,input.InL2c1,0.00413
input.WiseFifthRun,input.InL2c1,0.08257
input.WiseFouthRun,input.InL2c1,0.59730
input.WiseThirdRun,input.InL2c1,0.00413
input.ya3,input.InL2c1,0.05424
input.ya4,input.InL2c1,0.40637
input.YNDXTPC1,input.InL2c1,0.04970
input.YNDXTPC2,input.InL2c1,0.09677
input.iritfd2,input.iritfd1,0.73390
input.IRSIGoogle1G,input.iritfd1,0.29070
input.IRSIGoogle2G,input.iritfd1,0.02357
input.isiFD,input.iritfd1,0.04969
input.isiFDL,input.iritfd1,0.00366
input.isiFDRM,input.iritfd1,0.00737
input.isiFDRML,input.iritfd1,0.00287
input.kanopeRun,input.iritfd1,0.00000
input.KAUSTBase,input.iritfd1,0.22735
input.KAUSTExp,input.iritfd1,0.15162
input.KAUSTExpRrnk,input.iritfd1,0.04974
input.KAUSTRerank,input.iritfd1,0.10468
input.LJQO10,input.iritfd1,0.27391
input.LJQO5,input.iritfd1,0.27391
input.LMOP10,input.iritfd1,0.00034
input.LMOP5,input.iritfd1,0.00001
input.LThresh,input.iritfd1,0.00010
input.manualWISTUD,input.iritfd1,0.10461
input.melblt,input.iritfd1,0.08948
input.MONASH1NEW,input.iritfd1,0.00000
input.MONASH2NEW,input.iritfd1,0.00000
input.MorpheusRun1,input.iritfd1,0.00000
input.mulnewWISTUD,input.iritfd1,0.01930
input.myRun,input.iritfd1,0.36524
input.myrun2,input.iritfd1,0.62328
input.myrun3,input.iritfd1,0.79136
input.Nestor,input.iritfd1,0.00004
input.NestorS,input.iritfd1,0.00002
input.normal,input.iritfd1,0.05428
input.nQCRIwoTag,input.iritfd1,0.09685
input.nQCRIwTag,input.iritfd1,0.16268
input.omarRun,input.iritfd1,0.01276
input.PKUICST,input.iritfd1,0.57113
input.PKUICST2,input.iritfd1,0.88013
input.PKUICST3,input.iritfd1,0.40627
input.PKUICST4,input.iritfd1,0.34533
input.PL2Bo1SDExt,input.iritfd1,0.00000
input.PL2NoQENoDM,input.iritfd1,0.00523
input.PL2NoQeSd,input.iritfd1,0.00174
input.PL2NoQeSdExt,input.iritfd1,0.00000
input.PRISrun1,input.iritfd1,0.00152
input.PRISrun2,input.iritfd1,0.00000
input.PRISrun3,input.iritfd1,0.01571
input.PRISrun4,input.iritfd1,0.05430
input.QCRIwoTagOrg,input.iritfd1,0.09685
input.QCRIwTagOrg,input.iritfd1,0.16268
input.qHtagBaseRun,input.iritfd1,0.00005
input.qRefLThresh,input.iritfd1,0.00000
input.refBalRun,input.iritfd1,0.00174
input.refRelRun,input.iritfd1,0.02355
input.relevanceRun,input.iritfd1,0.62380
input.RFD,input.iritfd1,0.00012
input.ri,input.iritfd1,0.04967
input.rit,input.iritfd1,0.15165
input.rit3,input.iritfd1,0.00197
input.RMITAR,input.iritfd1,0.00001
input.RMITM,input.iritfd1,0.00068
input.RMITMR,input.iritfd1,0.00000
input.RMITMRR,input.iritfd1,0.02133
input.Rocchio,input.iritfd1,0.00006
input.RTB,input.iritfd1,0.00000
input.run1,input.iritfd1,0.57144
input.run1a,input.iritfd1,0.00000
input.run1fix,input.iritfd1,0.82081
input.run2,input.iritfd1,0.42784
input.run2a,input.iritfd1,0.00000
input.run3,input.iritfd1,0.00523
input.run3a,input.iritfd1,0.00000
input.run4,input.iritfd1,0.00014
input.run4a,input.iritfd1,0.00000
input.RunAll,input.iritfd1,0.00287
input.RunFut,input.iritfd1,0.00078
input.runNeMIS,input.iritfd1,0.00000
input.runNeMISext,input.iritfd1,0.00000
input.RunPure,input.iritfd1,0.00413
input.scurtuRun1,input.iritfd1,0.00000
input.sielrun1,input.iritfd1,0.00000
input.sielrun2,input.iritfd1,0.00000
input.sielrun3,input.iritfd1,0.00000
input.sielrun4,input.iritfd1,0.00000
input.SienaCL1B,input.iritfd1,0.08951
input.SienaCL31,input.iritfd1,0.02356
input.SienaCL342,input.iritfd1,0.02599
input.SienaCLbase,input.iritfd1,0.01930
input.simfoll,input.iritfd1,0.07613
input.simfollTP01,input.iritfd1,0.08950
input.sylesNoRes,input.iritfd1,0.88008
input.tfTP01,input.iritfd1,0.06446
input.udelIndri,input.iritfd1,0.08949
input.udelLucene,input.iritfd1,0.00000
input.UDMicroComb1,input.iritfd1,0.00007
input.UDMicroComb2,input.iritfd1,0.00465
input.UDMicroIDF,input.iritfd1,0.05920
input.UDMicroIDFD,input.iritfd1,0.00068
input.uicir1,input.iritfd1,0.00003
input.uicir2,input.iritfd1,0.00000
input.UIowaS1,input.iritfd1,0.01276
input.UIowaS2,input.iritfd1,0.01276
input.UIowaS3,input.iritfd1,0.01574
input.UIowaS4,input.iritfd1,0.00287
input.uiucsf,input.iritfd1,0.00000
input.uogTrLqea,input.iritfd1,0.00000
input.uogTrLqeabd,input.iritfd1,0.00000
input.uogTrLqeabdd,input.iritfd1,0.00000
input.uogTrUB2,input.iritfd1,0.00000
input.UTBase,input.iritfd1,0.00000
input.UTBaseRTF,input.iritfd1,0.00000
input.UTWngFuture,input.iritfd1,0.00000
input.UTWngFutureQ,input.iritfd1,0.00000
input.waterlooa1,input.iritfd1,0.99982
input.waterlooa2,input.iritfd1,0.49711
input.waterlooa3,input.iritfd1,0.27361
input.waterlooa4,input.iritfd1,0.93967
input.WESTfilext,input.iritfd1,0.00000
input.WESTfilter,input.iritfd1,0.00002
input.WESTrelint,input.iritfd1,0.00000
input.WESTrlext,input.iritfd1,0.00000
input.Wise2ndRun,input.iritfd1,0.85056
input.WiseFifthRun,input.iritfd1,0.18661
input.WiseFouthRun,input.iritfd1,0.01146
input.WiseThirdRun,input.iritfd1,0.85056
input.ya3,input.iritfd1,0.00000
input.ya4,input.iritfd1,0.00010
input.YNDXTPC1,input.iritfd1,0.00000
input.YNDXTPC2,input.iritfd1,0.00000
input.IRSIGoogle1G,input.iritfd2,0.16256
input.IRSIGoogle2G,input.iritfd2,0.00921
input.isiFD,input.iritfd2,0.10466
input.isiFDL,input.iritfd2,0.01028
input.isiFDRM,input.iritfd2,0.01929
input.isiFDRML,input.iritfd2,0.00825
input.kanopeRun,input.iritfd2,0.00000
input.KAUSTBase,input.iritfd2,0.12182
input.KAUSTExp,input.iritfd2,0.07610
input.KAUSTExpRrnk,input.iritfd2,0.02133
input.KAUSTRerank,input.iritfd2,0.04970
input.LJQO10,input.iritfd2,0.15156
input.LJQO5,input.iritfd2,0.15156
input.LMOP10,input.iritfd2,0.00009
input.LMOP5,input.iritfd2,0.00000
input.LThresh,input.iritfd2,0.00002
input.manualWISTUD,input.iritfd2,0.19951
input.melblt,input.iritfd2,0.04154
input.MONASH1NEW,input.iritfd2,0.00000
input.MONASH2NEW,input.iritfd2,0.00000
input.MorpheusRun1,input.iritfd2,0.00000
input.mulnewWISTUD,input.iritfd2,0.00737
input.myRun,input.iritfd2,0.21299
input.myrun2,input.iritfd2,0.87977
input.myrun3,input.iritfd2,0.93989
input.Nestor,input.iritfd2,0.00001
input.NestorS,input.iritfd2,0.00000
input.normal,input.iritfd2,0.02354
input.nQCRIwoTag,input.iritfd2,0.04547
input.nQCRIwTag,input.iritfd2,0.08255
input.omarRun,input.iritfd2,0.00465
input.PKUICST,input.iritfd2,0.82086
input.PKUICST2,input.iritfd2,0.62360
input.PKUICST3,input.iritfd2,0.62376
input.PKUICST4,input.iritfd2,0.54601
input.PL2Bo1SDExt,input.iritfd2,0.00000
input.PL2NoQENoDM,input.iritfd2,0.00173
input.PL2NoQeSd,input.iritfd2,0.00052
input.PL2NoQeSdExt,input.iritfd2,0.00000
input.PRISrun1,input.iritfd2,0.00465
input.PRISrun2,input.iritfd2,0.00000
input.PRISrun3,input.iritfd2,0.03792
input.PRISrun4,input.iritfd2,0.02355
input.QCRIwoTagOrg,input.iritfd2,0.04547
input.QCRIwTagOrg,input.iritfd2,0.08255
input.qHtagBaseRun,input.iritfd2,0.00001
input.qRefLThresh,input.iritfd2,0.00000
input.refBalRun,input.iritfd2,0.00052
input.refRelRun,input.iritfd2,0.00921
input.relevanceRun,input.iritfd2,0.40630
input.RFD,input.iritfd2,0.00003
input.ri,input.iritfd2,0.10462
input.rit,input.iritfd2,0.07612
input.rit3,input.iritfd2,0.00059
input.RMITAR,input.iritfd2,0.00000
input.RMITM,input.iritfd2,0.00019
input.RMITMR,input.iritfd2,0.00000
input.RMITMRR,input.iritfd2,0.00824
input.Rocchio,input.iritfd2,0.00001
input.RTB,input.iritfd2,0.00000
input.run1,input.iritfd2,0.36500
input.run1a,input.iritfd2,0.00000
input.run1fix,input.iritfd2,0.90968
input.run2,input.iritfd2,0.65059
input.run2a,input.iritfd2,0.00000
input.run3,input.iritfd2,0.00173
input.run3a,input.iritfd2,0.00000
input.run4,input.iritfd2,0.00003
input.run4a,input.iritfd2,0.00000
input.RunAll,input.iritfd2,0.00090
input.RunFut,input.iritfd2,0.00022
input.runNeMIS,input.iritfd2,0.00000
input.runNeMISext,input.iritfd2,0.00000
input.RunPure,input.iritfd2,0.00134
input.scurtuRun1,input.iritfd2,0.00000
input.sielrun1,input.iritfd2,0.00000
input.sielrun2,input.iritfd2,0.00000
input.sielrun3,input.iritfd2,0.00000
input.sielrun4,input.iritfd2,0.00000
input.SienaCL1B,input.iritfd2,0.04156
input.SienaCL31,input.iritfd2,0.00921
input.SienaCL342,input.iritfd2,0.01028
input.SienaCLbase,input.iritfd2,0.00737
input.simfoll,input.iritfd2,0.03455
input.simfollTP01,input.iritfd2,0.04155
input.sylesNoRes,input.iritfd2,0.62356
input.tfTP01,input.iritfd2,0.02860
input.udelIndri,input.iritfd2,0.04155
input.udelLucene,input.iritfd2,0.00000
input.UDMicroComb1,input.iritfd2,0.00002
input.UDMicroComb2,input.iritfd2,0.00152
input.UDMicroIDF,input.iritfd2,0.02597
input.UDMicroIDFD,input.iritfd2,0.00019
input.uicir1,input.iritfd2,0.00001
input.uicir2,input.iritfd2,0.00000
input.UIowaS1,input.iritfd2,0.00465
input.UIowaS2,input.iritfd2,0.00465
input.UIowaS3,input.iritfd2,0.00587
input.UIowaS4,input.iritfd2,0.00090
input.uiucsf,input.iritfd2,0.00000
input.uogTrLqea,input.iritfd2,0.00000
input.uogTrLqeabd,input.iritfd2,0.00000
input.uogTrLqeabdd,input.iritfd2,0.00000
input.uogTrUB2,input.iritfd2,0.00000
input.UTBase,input.iritfd2,0.00000
input.UTBaseRTF,input.iritfd2,0.00000
input.UTWngFuture,input.iritfd2,0.00000
input.UTWngFutureQ,input.iritfd2,0.00000
input.waterlooa1,input.iritfd2,0.73407
input.waterlooa2,input.iritfd2,0.30821
input.waterlooa3,input.iritfd2,0.45034
input.waterlooa4,input.iritfd2,0.79158
input.WESTfilext,input.iritfd2,0.00000
input.WESTfilter,input.iritfd2,0.00000
input.WESTrelint,input.iritfd2,0.00000
input.WESTrlext,input.iritfd2,0.00000
input.Wise2ndRun,input.iritfd2,0.59726
input.WiseFifthRun,input.iritfd2,0.09679
input.WiseFouthRun,input.iritfd2,0.00413
input.WiseThirdRun,input.iritfd2,0.59726
input.ya3,input.iritfd2,0.00000
input.ya4,input.iritfd2,0.00002
input.YNDXTPC1,input.iritfd2,0.00000
input.YNDXTPC2,input.iritfd2,0.00000
input.IRSIGoogle2G,input.IRSIGoogle1G,0.22724
input.isiFD,input.IRSIGoogle1G,0.00253
input.isiFDL,input.IRSIGoogle1G,0.00007
input.isiFDRM,input.IRSIGoogle1G,0.00019
input.isiFDRML,input.IRSIGoogle1G,0.00005
input.kanopeRun,input.IRSIGoogle1G,0.00000
input.KAUSTBase,input.IRSIGoogle1G,0.88026
input.KAUSTExp,input.IRSIGoogle1G,0.70599
input.KAUSTExpRrnk,input.IRSIGoogle1G,0.36515
input.KAUSTRerank,input.IRSIGoogle1G,0.57140
input.LJQO10,input.IRSIGoogle1G,0.97006
input.LJQO5,input.IRSIGoogle1G,0.97006
input.LMOP10,input.IRSIGoogle1G,0.01145
input.LMOP5,input.IRSIGoogle1G,0.00068
input.LThresh,input.IRSIGoogle1G,0.00465
input.manualWISTUD,input.IRSIGoogle1G,0.00737
input.melblt,input.IRSIGoogle1G,0.52116
input.MONASH1NEW,input.IRSIGoogle1G,0.00000
input.MONASH2NEW,input.IRSIGoogle1G,0.00000
input.MorpheusRun1,input.IRSIGoogle1G,0.00000
input.mulnewWISTUD,input.IRSIGoogle1G,0.19947
input.myRun,input.IRSIGoogle1G,0.87986
input.myrun2,input.IRSIGoogle1G,0.12167
input.myrun3,input.IRSIGoogle1G,0.18646
input.Nestor,input.IRSIGoogle1G,0.00224
input.NestorS,input.IRSIGoogle1G,0.00134
input.normal,input.IRSIGoogle1G,0.38539
input.nQCRIwoTag,input.IRSIGoogle1G,0.54601
input.nQCRIwTag,input.IRSIGoogle1G,0.73420
input.omarRun,input.IRSIGoogle1G,0.15159
input.PKUICST,input.IRSIGoogle1G,0.10460
input.PKUICST2,input.IRSIGoogle1G,0.36506
input.PKUICST3,input.IRSIGoogle1G,0.05915
input.PKUICST4,input.IRSIGoogle1G,0.04547
input.PL2Bo1SDExt,input.IRSIGoogle1G,0.00000
input.PL2NoQENoDM,input.IRSIGoogle1G,0.08260
input.PL2NoQeSd,input.IRSIGoogle1G,0.03794
input.PL2NoQeSdExt,input.IRSIGoogle1G,0.00000
input.PRISrun1,input.IRSIGoogle1G,0.00002
input.PRISrun2,input.IRSIGoogle1G,0.00000
input.PRISrun3,input.IRSIGoogle1G,0.00052
input.PRISrun4,input.IRSIGoogle1G,0.38545
input.QCRIwoTagOrg,input.IRSIGoogle1G,0.54601
input.QCRIwTagOrg,input.IRSIGoogle1G,0.73420
input.qHtagBaseRun,input.IRSIGoogle1G,0.00253
input.qRefLThresh,input.IRSIGoogle1G,0.00019
input.refBalRun,input.IRSIGoogle1G,0.03793
input.refRelRun,input.IRSIGoogle1G,0.22713
input.relevanceRun,input.IRSIGoogle1G,0.57132
input.RFD,input.IRSIGoogle1G,0.00523
input.ri,input.IRSIGoogle1G,0.00253
input.rit,input.IRSIGoogle1G,0.70607
input.rit3,input.IRSIGoogle1G,0.04156
input.RMITAR,input.IRSIGoogle1G,0.00052
input.RMITM,input.IRSIGoogle1G,0.01929
input.RMITMR,input.IRSIGoogle1G,0.00003
input.RMITMRR,input.IRSIGoogle1G,0.21297
input.Rocchio,input.IRSIGoogle1G,0.00324
input.RTB,input.IRSIGoogle1G,0.00000
input.run1,input.IRSIGoogle1G,0.62368
input.run1a,input.IRSIGoogle1G,0.00000
input.run1fix,input.IRSIGoogle1G,0.19947
input.run2,input.IRSIGoogle1G,0.06439
input.run2a,input.IRSIGoogle1G,0.00000
input.run3,input.IRSIGoogle1G,0.08255
input.run3a,input.IRSIGoogle1G,0.00022
input.run4,input.IRSIGoogle1G,0.00587
input.run4a,input.IRSIGoogle1G,0.00014
input.RunAll,input.IRSIGoogle1G,0.05426
input.RunFut,input.IRSIGoogle1G,0.02133
input.runNeMIS,input.IRSIGoogle1G,0.00000
input.runNeMISext,input.IRSIGoogle1G,0.00000
input.RunPure,input.IRSIGoogle1G,0.07007
input.scurtuRun1,input.IRSIGoogle1G,0.00004
input.sielrun1,input.IRSIGoogle1G,0.00000
input.sielrun2,input.IRSIGoogle1G,0.00000
input.sielrun3,input.IRSIGoogle1G,0.00000
input.sielrun4,input.IRSIGoogle1G,0.00000
input.SienaCL1B,input.IRSIGoogle1G,0.52127
input.SienaCL31,input.IRSIGoogle1G,0.22720
input.SienaCL342,input.IRSIGoogle1G,0.24208
input.SienaCLbase,input.IRSIGoogle1G,0.19949
input.simfoll,input.IRSIGoogle1G,0.47336
input.simfollTP01,input.IRSIGoogle1G,0.52123
input.sylesNoRes,input.IRSIGoogle1G,0.36509
input.tfTP01,input.IRSIGoogle1G,0.42811
input.udelIndri,input.IRSIGoogle1G,0.52119
input.udelLucene,input.IRSIGoogle1G,0.00000
input.UDMicroComb1,input.IRSIGoogle1G,0.00366
input.UDMicroComb2,input.IRSIGoogle1G,0.07614
input.UDMicroIDF,input.IRSIGoogle1G,0.40646
input.UDMicroIDFD,input.IRSIGoogle1G,0.01930
input.uicir1,input.IRSIGoogle1G,0.00173
input.uicir2,input.IRSIGoogle1G,0.00039
input.UIowaS1,input.IRSIGoogle1G,0.15165
input.UIowaS2,input.IRSIGoogle1G,0.15161
input.UIowaS3,input.IRSIGoogle1G,0.17435
input.UIowaS4,input.IRSIGoogle1G,0.05430
input.uiucsf,input.IRSIGoogle1G,0.00000
input.uogTrLqea,input.IRSIGoogle1G,0.00003
input.uogTrLqeabd,input.IRSIGoogle1G,0.00001
input.uogTrLqeabdd,input.IRSIGoogle1G,0.00000
input.uogTrUB2,input.IRSIGoogle1G,0.00000
input.UTBase,input.IRSIGoogle1G,0.00001
input.UTBaseRTF,input.IRSIGoogle1G,0.00000
input.UTWngFuture,input.IRSIGoogle1G,0.00000
input.UTWngFutureQ,input.IRSIGoogle1G,0.00000
input.waterlooa1,input.IRSIGoogle1G,0.29060
input.waterlooa2,input.IRSIGoogle1G,0.70578
input.waterlooa3,input.IRSIGoogle1G,0.03145
input.waterlooa4,input.IRSIGoogle1G,0.25752
input.WESTfilext,input.IRSIGoogle1G,0.00045
input.WESTfilter,input.IRSIGoogle1G,0.00152
input.WESTrelint,input.IRSIGoogle1G,0.00000
input.WESTrlext,input.IRSIGoogle1G,0.00000
input.Wise2ndRun,input.IRSIGoogle1G,0.38530
input.WiseFifthRun,input.IRSIGoogle1G,0.79171
input.WiseFouthRun,input.IRSIGoogle1G,0.14109
input.WiseThirdRun,input.IRSIGoogle1G,0.38530
input.ya3,input.IRSIGoogle1G,0.00009
input.ya4,input.IRSIGoogle1G,0.00465
input.YNDXTPC1,input.IRSIGoogle1G,0.00007
input.YNDXTPC2,input.IRSIGoogle1G,0.00025
input.isiFD,input.IRSIGoogle2G,0.00002
input.isiFDL,input.IRSIGoogle2G,0.00000
input.isiFDRM,input.IRSIGoogle2G,0.00000
input.isiFDRML,input.IRSIGoogle2G,0.00000
input.kanopeRun,input.IRSIGoogle2G,0.00000
input.KAUSTBase,input.IRSIGoogle2G,0.29058
input.KAUSTExp,input.IRSIGoogle2G,0.40640
input.KAUSTExpRrnk,input.IRSIGoogle2G,0.76273
input.KAUSTRerank,input.IRSIGoogle2G,0.52119
input.LJQO10,input.IRSIGoogle2G,0.24201
input.LJQO5,input.IRSIGoogle2G,0.24201
input.LMOP10,input.IRSIGoogle2G,0.18650
input.LMOP5,input.IRSIGoogle2G,0.02860
input.LThresh,input.IRSIGoogle2G,0.10462
input.manualWISTUD,input.IRSIGoogle2G,0.00010
input.melblt,input.IRSIGoogle2G,0.57144
input.MONASH1NEW,input.IRSIGoogle2G,0.00009
input.MONASH2NEW,input.IRSIGoogle2G,0.00001
input.MorpheusRun1,input.IRSIGoogle2G,0.00000
input.mulnewWISTUD,input.IRSIGoogle2G,0.93976
input.myRun,input.IRSIGoogle2G,0.17426
input.myrun2,input.IRSIGoogle2G,0.00586
input.myrun3,input.IRSIGoogle2G,0.01145
input.Nestor,input.IRSIGoogle2G,0.06442
input.NestorS,input.IRSIGoogle2G,0.04548
input.normal,input.IRSIGoogle2G,0.73424
input.nQCRIwoTag,input.IRSIGoogle2G,0.54601
input.nQCRIwTag,input.IRSIGoogle2G,0.38542
input.omarRun,input.IRSIGoogle2G,0.82086
input.PKUICST,input.IRSIGoogle2G,0.00465
input.PKUICST2,input.IRSIGoogle2G,0.03458
input.PKUICST3,input.IRSIGoogle2G,0.00197
input.PKUICST4,input.IRSIGoogle2G,0.00134
input.PL2Bo1SDExt,input.IRSIGoogle2G,0.00000
input.PL2NoQENoDM,input.IRSIGoogle2G,0.59730
input.PL2NoQeSd,input.IRSIGoogle2G,0.38539
input.PL2NoQeSdExt,input.IRSIGoogle2G,0.00000
input.PRISrun1,input.IRSIGoogle2G,0.00000
input.PRISrun2,input.IRSIGoogle2G,0.00000
input.PRISrun3,input.IRSIGoogle2G,0.00000
input.PRISrun4,input.IRSIGoogle2G,0.73415
input.QCRIwoTagOrg,input.IRSIGoogle2G,0.54601
input.QCRIwTagOrg,input.IRSIGoogle2G,0.38542
input.qHtagBaseRun,input.IRSIGoogle2G,0.07002
input.qRefLThresh,input.IRSIGoogle2G,0.01145
input.refBalRun,input.IRSIGoogle2G,0.38533
input.refRelRun,input.IRSIGoogle2G,0.99977
input.relevanceRun,input.IRSIGoogle2G,0.07613
input.RFD,input.IRSIGoogle2G,0.11297
input.ri,input.IRSIGoogle2G,0.00002
input.rit,input.IRSIGoogle2G,0.40633
input.rit3,input.IRSIGoogle2G,0.40633
input.RMITAR,input.IRSIGoogle2G,0.02353
input.RMITM,input.IRSIGoogle2G,0.25748
input.RMITMR,input.IRSIGoogle2G,0.00287
input.RMITMRR,input.IRSIGoogle2G,0.96974
input.Rocchio,input.IRSIGoogle2G,0.08253
input.RTB,input.IRSIGoogle2G,0.00000
input.run1,input.IRSIGoogle2G,0.08948
input.run1a,input.IRSIGoogle2G,0.00001
input.run1fix,input.IRSIGoogle2G,0.01275
input.run2,input.IRSIGoogle2G,0.00224
input.run2a,input.IRSIGoogle2G,0.00025
input.run3,input.IRSIGoogle2G,0.59710
input.run3a,input.IRSIGoogle2G,0.01275
input.run4,input.IRSIGoogle2G,0.12178
input.run4a,input.IRSIGoogle2G,0.00922
input.RunAll,input.IRSIGoogle2G,0.47322
input.RunFut,input.IRSIGoogle2G,0.27368
input.runNeMIS,input.IRSIGoogle2G,0.00001
input.runNeMISext,input.IRSIGoogle2G,0.00045
input.RunPure,input.IRSIGoogle2G,0.54586
input.scurtuRun1,input.IRSIGoogle2G,0.00366
input.sielrun1,input.IRSIGoogle2G,0.00000
input.sielrun2,input.IRSIGoogle2G,0.00005
input.sielrun3,input.IRSIGoogle2G,0.00002
input.sielrun4,input.IRSIGoogle2G,0.00003
input.SienaCL1B,input.IRSIGoogle2G,0.57132
input.SienaCL31,input.IRSIGoogle2G,0.99991
input.SienaCL342,input.IRSIGoogle2G,0.96992
input.SienaCLbase,input.IRSIGoogle2G,0.93980
input.simfoll,input.IRSIGoogle2G,0.62380
input.simfollTP01,input.IRSIGoogle2G,0.57136
input.sylesNoRes,input.IRSIGoogle2G,0.03458
input.tfTP01,input.IRSIGoogle2G,0.67809
input.udelIndri,input.IRSIGoogle2G,0.57140
input.udelLucene,input.IRSIGoogle2G,0.00000
input.UDMicroComb1,input.IRSIGoogle2G,0.08946
input.UDMicroComb2,input.IRSIGoogle2G,0.57136
input.UDMicroIDF,input.IRSIGoogle2G,0.70590
input.UDMicroIDFD,input.IRSIGoogle2G,0.25752
input.uicir1,input.IRSIGoogle2G,0.05423
input.uicir2,input.IRSIGoogle2G,0.01928
input.UIowaS1,input.IRSIGoogle2G,0.82103
input.UIowaS2,input.IRSIGoogle2G,0.82090
input.UIowaS3,input.IRSIGoogle2G,0.88008
input.UIowaS4,input.IRSIGoogle2G,0.47343
input.uiucsf,input.IRSIGoogle2G,0.00000
input.uogTrLqea,input.IRSIGoogle2G,0.00287
input.uogTrLqeabd,input.IRSIGoogle2G,0.00090
input.uogTrLqeabdd,input.IRSIGoogle2G,0.00039
input.uogTrUB2,input.IRSIGoogle2G,0.00022
input.UTBase,input.IRSIGoogle2G,0.00134
input.UTBaseRTF,input.IRSIGoogle2G,0.00000
input.UTWngFuture,input.IRSIGoogle2G,0.00000
input.UTWngFutureQ,input.IRSIGoogle2G,0.00000
input.waterlooa1,input.IRSIGoogle2G,0.02356
input.waterlooa2,input.IRSIGoogle2G,0.11296
input.waterlooa3,input.IRSIGoogle2G,0.00078
input.waterlooa4,input.IRSIGoogle2G,0.01930
input.WESTfilext,input.IRSIGoogle2G,0.02132
input.WESTfilter,input.IRSIGoogle2G,0.04972
input.WESTrelint,input.IRSIGoogle2G,0.00000
input.WESTrlext,input.IRSIGoogle2G,0.00000
input.Wise2ndRun,input.IRSIGoogle2G,0.03792
input.WiseFifthRun,input.IRSIGoogle2G,0.34547
input.WiseFouthRun,input.IRSIGoogle2G,0.79158
input.WiseThirdRun,input.IRSIGoogle2G,0.03792
input.ya3,input.IRSIGoogle2G,0.00658
input.ya4,input.IRSIGoogle2G,0.10462
input.YNDXTPC1,input.IRSIGoogle2G,0.00587
input.YNDXTPC2,input.IRSIGoogle2G,0.01416
input.isiFDL,input.isiFD,0.34538
input.isiFDRM,input.isiFD,0.47329
input.isiFDRML,input.isiFD,0.30816
input.kanopeRun,input.isiFD,0.00000
input.KAUSTBase,input.isiFD,0.00153
input.KAUSTExp,input.isiFD,0.00068
input.KAUSTExpRrnk,input.isiFD,0.00009
input.KAUSTRerank,input.isiFD,0.00034
input.LJQO10,input.isiFD,0.00224
input.LJQO5,input.isiFD,0.00224
input.LMOP10,input.isiFD,0.00000
input.LMOP5,input.isiFD,0.00000
input.LThresh,input.isiFD,0.00000
input.manualWISTUD,input.isiFD,0.73407
input.melblt,input.isiFD,0.00025
input.MONASH1NEW,input.isiFD,0.00000
input.MONASH2NEW,input.isiFD,0.00000
input.MorpheusRun1,input.isiFD,0.00000
input.mulnewWISTUD,input.isiFD,0.00002
input.myRun,input.isiFD,0.00413
input.myrun2,input.isiFD,0.14118
input.myrun3,input.isiFD,0.08949
input.Nestor,input.isiFD,0.00000
input.NestorS,input.isiFD,0.00000
input.normal,input.isiFD,0.00010
input.nQCRIwoTag,input.isiFD,0.00029
input.nQCRIwTag,input.isiFD,0.00078
input.omarRun,input.isiFD,0.00001
input.PKUICST,input.isiFD,0.16264
input.PKUICST2,input.isiFD,0.03456
input.PKUICST3,input.isiFD,0.25757
input.PKUICST4,input.isiFD,0.30824
input.PL2Bo1SDExt,input.isiFD,0.00000
input.PL2NoQENoDM,input.isiFD,0.00000
input.PL2NoQeSd,input.isiFD,0.00000
input.PL2NoQeSdExt,input.isiFD,0.00000
input.PRISrun1,input.isiFD,0.22713
input.PRISrun2,input.isiFD,0.00287
input.PRISrun3,input.isiFD,0.65055
input.PRISrun4,input.isiFD,0.00010
input.QCRIwoTagOrg,input.isiFD,0.00029
input.QCRIwTagOrg,input.isiFD,0.00078
input.qHtagBaseRun,input.isiFD,0.00000
input.qRefLThresh,input.isiFD,0.00000
input.refBalRun,input.isiFD,0.00000
input.refRelRun,input.isiFD,0.00002
input.relevanceRun,input.isiFD,0.01416
input.RFD,input.isiFD,0.00000
input.ri,input.isiFD,0.99986
input.rit,input.isiFD,0.00068
input.rit3,input.isiFD,0.00000
input.RMITAR,input.isiFD,0.00000
input.RMITM,input.isiFD,0.00000
input.RMITMR,input.isiFD,0.00000
input.RMITMRR,input.isiFD,0.00002
input.Rocchio,input.isiFD,0.00000
input.RTB,input.isiFD,0.00000
input.run1,input.isiFD,0.01145
input.run1a,input.isiFD,0.00000
input.run1fix,input.isiFD,0.08254
input.run2,input.isiFD,0.24211
input.run2a,input.isiFD,0.00000
input.run3,input.isiFD,0.00000
input.run3a,input.isiFD,0.00000
input.run4,input.isiFD,0.00000
input.run4a,input.isiFD,0.00000
input.RunAll,input.isiFD,0.00000
input.RunFut,input.isiFD,0.00000
input.runNeMIS,input.isiFD,0.00000
input.runNeMISext,input.isiFD,0.00000
input.RunPure,input.isiFD,0.00000
input.scurtuRun1,input.isiFD,0.00000
input.sielrun1,input.isiFD,0.00000
input.sielrun2,input.isiFD,0.00000
input.sielrun3,input.isiFD,0.00000
input.sielrun4,input.isiFD,0.00000
input.SienaCL1B,input.isiFD,0.00025
input.SienaCL31,input.isiFD,0.00002
input.SienaCL342,input.isiFD,0.00003
input.SienaCLbase,input.isiFD,0.00002
input.simfoll,input.isiFD,0.00019
input.simfollTP01,input.isiFD,0.00025
input.sylesNoRes,input.isiFD,0.03456
input.tfTP01,input.isiFD,0.00014
input.udelIndri,input.isiFD,0.00025
input.udelLucene,input.isiFD,0.00000
input.UDMicroComb1,input.isiFD,0.00000
input.UDMicroComb2,input.isiFD,0.00000
input.UDMicroIDF,input.isiFD,0.00012
input.UDMicroIDFD,input.isiFD,0.00000
input.uicir1,input.isiFD,0.00000
input.uicir2,input.isiFD,0.00000
input.UIowaS1,input.isiFD,0.00001
input.UIowaS2,input.isiFD,0.00001
input.UIowaS3,input.isiFD,0.00001
input.UIowaS4,input.isiFD,0.00000
input.uiucsf,input.isiFD,0.00000
input.uogTrLqea,input.isiFD,0.00000
input.uogTrLqeabd,input.isiFD,0.00000
input.uogTrLqeabdd,input.isiFD,0.00000
input.uogTrUB2,input.isiFD,0.00000
input.UTBase,input.isiFD,0.00000
input.UTBaseRTF,input.isiFD,0.00000
input.UTWngFuture,input.isiFD,0.00000
input.UTWngFutureQ,input.isiFD,0.00000
input.waterlooa1,input.isiFD,0.04972
input.waterlooa2,input.isiFD,0.00825
input.waterlooa3,input.isiFD,0.38548
input.waterlooa4,input.isiFD,0.05917
input.WESTfilext,input.isiFD,0.00000
input.WESTfilter,input.isiFD,0.00000
input.WESTrelint,input.isiFD,0.00000
input.WESTrlext,input.isiFD,0.00000
input.Wise2ndRun,input.isiFD,0.03147
input.WiseFifthRun,input.isiFD,0.00103
input.WiseFouthRun,input.isiFD,0.00001
input.WiseThirdRun,input.isiFD,0.03147
input.ya3,input.isiFD,0.00000
input.ya4,input.isiFD,0.00000
input.YNDXTPC1,input.isiFD,0.00000
input.YNDXTPC2,input.isiFD,0.00000
input.isiFDRM,input.isiFDL,0.82086
input.isiFDRML,input.isiFDL,0.93980
input.kanopeRun,input.isiFDL,0.00000
input.KAUSTBase,input.isiFDL,0.00004
input.KAUSTExp,input.isiFDL,0.00001
input.KAUSTExpRrnk,input.isiFDL,0.00000
input.KAUSTRerank,input.isiFDL,0.00001
input.LJQO10,input.isiFDL,0.00006
input.LJQO5,input.isiFDL,0.00006
input.LMOP10,input.isiFDL,0.00000
input.LMOP5,input.isiFDL,0.00000
input.LThresh,input.isiFDL,0.00000
input.manualWISTUD,input.isiFDL,0.19939
input.melblt,input.isiFDL,0.00000
input.MONASH1NEW,input.isiFDL,0.00000
input.MONASH2NEW,input.isiFDL,0.00000
input.MorpheusRun1,input.isiFDL,0.00000
input.mulnewWISTUD,input.isiFDL,0.00000
input.myRun,input.isiFDL,0.00014
input.myrun2,input.isiFDL,0.01574
input.myrun3,input.isiFDL,0.00825
input.Nestor,input.isiFDL,0.00000
input.NestorS,input.isiFDL,0.00000
input.normal,input.isiFDL,0.00000
input.nQCRIwoTag,input.isiFDL,0.00000
input.nQCRIwTag,input.isiFDL,0.00002
input.omarRun,input.isiFDL,0.00000
input.PKUICST,input.isiFDL,0.01929
input.PKUICST2,input.isiFDL,0.00224
input.PKUICST3,input.isiFDL,0.03792
input.PKUICST4,input.isiFDL,0.04970
input.PL2Bo1SDExt,input.isiFDL,0.00000
input.PL2NoQENoDM,input.isiFDL,0.00000
input.PL2NoQeSd,input.isiFDL,0.00000
input.PL2NoQeSdExt,input.isiFDL,0.00000
input.PRISrun1,input.isiFDL,0.79163
input.PRISrun2,input.isiFDL,0.04156
input.PRISrun3,input.isiFDL,0.62372
input.PRISrun4,input.isiFDL,0.00000
input.QCRIwoTagOrg,input.isiFDL,0.00000
input.QCRIwTagOrg,input.isiFDL,0.00002
input.qHtagBaseRun,input.isiFDL,0.00000
input.qRefLThresh,input.isiFDL,0.00000
input.refBalRun,input.isiFDL,0.00000
input.refRelRun,input.isiFDL,0.00000
input.relevanceRun,input.isiFDL,0.00068
input.RFD,input.isiFDL,0.00000
input.ri,input.isiFDL,0.34547
input.rit,input.isiFDL,0.00001
input.rit3,input.isiFDL,0.00000
input.RMITAR,input.isiFDL,0.00000
input.RMITM,input.isiFDL,0.00000
input.RMITMR,input.isiFDL,0.00000
input.RMITMRR,input.isiFDL,0.00000
input.Rocchio,input.isiFDL,0.00000
input.RTB,input.isiFDL,0.00000
input.run1,input.isiFDL,0.00052
input.run1a,input.isiFDL,0.00000
input.run1fix,input.isiFDL,0.00737
input.run2,input.isiFDL,0.03457
input.run2a,input.isiFDL,0.00000
input.run3,input.isiFDL,0.00000
input.run3a,input.isiFDL,0.00000
input.run4,input.isiFDL,0.00000
input.run4a,input.isiFDL,0.00000
input.RunAll,input.isiFDL,0.00000
input.RunFut,input.isiFDL,0.00000
input.runNeMIS,input.isiFDL,0.00000
input.runNeMISext,input.isiFDL,0.00000
input.RunPure,input.isiFDL,0.00000
input.scurtuRun1,input.isiFDL,0.00000
input.sielrun1,input.isiFDL,0.00000
input.sielrun2,input.isiFDL,0.00000
input.sielrun3,input.isiFDL,0.00000
input.sielrun4,input.isiFDL,0.00000
input.SienaCL1B,input.isiFDL,0.00000
input.SienaCL31,input.isiFDL,0.00000
input.SienaCL342,input.isiFDL,0.00000
input.SienaCLbase,input.isiFDL,0.00000
input.simfoll,input.isiFDL,0.00000
input.simfollTP01,input.isiFDL,0.00000
input.sylesNoRes,input.isiFDL,0.00224
input.tfTP01,input.isiFDL,0.00000
input.udelIndri,input.isiFDL,0.00000
input.udelLucene,input.isiFDL,0.00000
input.UDMicroComb1,input.isiFDL,0.00000
input.UDMicroComb2,input.isiFDL,0.00000
input.UDMicroIDF,input.isiFDL,0.00000
input.UDMicroIDFD,input.isiFDL,0.00000
input.uicir1,input.isiFDL,0.00000
input.uicir2,input.isiFDL,0.00000
input.UIowaS1,input.isiFDL,0.00000
input.UIowaS2,input.isiFDL,0.00000
input.UIowaS3,input.isiFDL,0.00000
input.UIowaS4,input.isiFDL,0.00000
input.uiucsf,input.isiFDL,0.00000
input.uogTrLqea,input.isiFDL,0.00000
input.uogTrLqeabd,input.isiFDL,0.00000
input.uogTrLqeabdd,input.isiFDL,0.00000
input.uogTrUB2,input.isiFDL,0.00000
input.UTBase,input.isiFDL,0.00000
input.UTBaseRTF,input.isiFDL,0.00000
input.UTWngFuture,input.isiFDL,0.00000
input.UTWngFutureQ,input.isiFDL,0.00000
input.waterlooa1,input.isiFDL,0.00366
input.waterlooa2,input.isiFDL,0.00034
input.waterlooa3,input.isiFDL,0.07008
input.waterlooa4,input.isiFDL,0.00465
input.WESTfilext,input.isiFDL,0.00000
input.WESTfilter,input.isiFDL,0.00000
input.WESTrelint,input.isiFDL,0.00000
input.WESTrlext,input.isiFDL,0.00000
input.Wise2ndRun,input.isiFDL,0.00197
input.WiseFifthRun,input.isiFDL,0.00002
input.WiseFouthRun,input.isiFDL,0.00000
input.WiseThirdRun,input.isiFDL,0.00197
input.ya3,input.isiFDL,0.00000
input.ya4,input.isiFDL,0.00000
input.YNDXTPC1,input.isiFDL,0.00000
input.YNDXTPC2,input.isiFDL,0.00000
input.isiFDRML,input.isiFDRM,0.76268
input.kanopeRun,input.isiFDRM,0.00000
input.KAUSTBase,input.isiFDRM,0.00010
input.KAUSTExp,input.isiFDRM,0.00004
input.KAUSTExpRrnk,input.isiFDRM,0.00000
input.KAUSTRerank,input.isiFDRM,0.00002
input.LJQO10,input.isiFDRM,0.00016
input.LJQO5,input.isiFDRM,0.00016
input.LMOP10,input.isiFDRM,0.00000
input.LMOP5,input.isiFDRM,0.00000
input.LThresh,input.isiFDRM,0.00000
input.manualWISTUD,input.isiFDRM,0.29058
input.melblt,input.isiFDRM,0.00001
input.MONASH1NEW,input.isiFDRM,0.00000
input.MONASH2NEW,input.isiFDRM,0.00000
input.MorpheusRun1,input.isiFDRM,0.00000
input.mulnewWISTUD,input.isiFDRM,0.00000
input.myRun,input.isiFDRM,0.00034
input.myrun2,input.isiFDRM,0.02863
input.myrun3,input.isiFDRM,0.01573
input.Nestor,input.isiFDRM,0.00000
input.NestorS,input.isiFDRM,0.00000
input.normal,input.isiFDRM,0.00000
input.nQCRIwoTag,input.isiFDRM,0.00001
input.nQCRIwTag,input.isiFDRM,0.00005
input.omarRun,input.isiFDRM,0.00000
input.PKUICST,input.isiFDRM,0.03457
input.PKUICST2,input.isiFDRM,0.00465
input.PKUICST3,input.isiFDRM,0.06442
input.PKUICST4,input.isiFDRM,0.08255
input.PL2Bo1SDExt,input.isiFDRM,0.00000
input.PL2NoQENoDM,input.isiFDRM,0.00000
input.PL2NoQeSd,input.isiFDRM,0.00000
input.PL2NoQeSdExt,input.isiFDRM,0.00000
input.PRISrun1,input.isiFDRM,0.62368
input.PRISrun2,input.isiFDRM,0.02356
input.PRISrun3,input.isiFDRM,0.79167
input.PRISrun4,input.isiFDRM,0.00000
input.QCRIwoTagOrg,input.isiFDRM,0.00001
input.QCRIwTagOrg,input.isiFDRM,0.00005
input.qHtagBaseRun,input.isiFDRM,0.00000
input.qRefLThresh,input.isiFDRM,0.00000
input.refBalRun,input.isiFDRM,0.00000
input.refRelRun,input.isiFDRM,0.00000
input.relevanceRun,input.isiFDRM,0.00152
input.RFD,input.isiFDRM,0.00000
input.ri,input.isiFDRM,0.47339
input.rit,input.isiFDRM,0.00004
input.rit3,input.isiFDRM,0.00000
input.RMITAR,input.isiFDRM,0.00000
input.RMITM,input.isiFDRM,0.00000
input.RMITMR,input.isiFDRM,0.00000
input.RMITMRR,input.isiFDRM,0.00000
input.Rocchio,input.isiFDRM,0.00000
input.RTB,input.isiFDRM,0.00000
input.run1,input.isiFDRM,0.00117
input.run1a,input.isiFDRM,0.00000
input.run1fix,input.isiFDRM,0.01416
input.run2,input.isiFDRM,0.05918
input.run2a,input.isiFDRM,0.00000
input.run3,input.isiFDRM,0.00000
input.run3a,input.isiFDRM,0.00000
input.run4,input.isiFDRM,0.00000
input.run4a,input.isiFDRM,0.00000
input.RunAll,input.isiFDRM,0.00000
input.RunFut,input.isiFDRM,0.00000
input.runNeMIS,input.isiFDRM,0.00000
input.runNeMISext,input.isiFDRM,0.00000
input.RunPure,input.isiFDRM,0.00000
input.scurtuRun1,input.isiFDRM,0.00000
input.sielrun1,input.isiFDRM,0.00000
input.sielrun2,input.isiFDRM,0.00000
input.sielrun3,input.isiFDRM,0.00000
input.sielrun4,input.isiFDRM,0.00000
input.SienaCL1B,input.isiFDRM,0.00001
input.SienaCL31,input.isiFDRM,0.00000
input.SienaCL342,input.isiFDRM,0.00000
input.SienaCLbase,input.isiFDRM,0.00000
input.simfoll,input.isiFDRM,0.00001
input.simfollTP01,input.isiFDRM,0.00001
input.sylesNoRes,input.isiFDRM,0.00465
input.tfTP01,input.isiFDRM,0.00001
input.udelIndri,input.isiFDRM,0.00001
input.udelLucene,input.isiFDRM,0.00000
input.UDMicroComb1,input.isiFDRM,0.00000
input.UDMicroComb2,input.isiFDRM,0.00000
input.UDMicroIDF,input.isiFDRM,0.00000
input.UDMicroIDFD,input.isiFDRM,0.00000
input.uicir1,input.isiFDRM,0.00000
input.uicir2,input.isiFDRM,0.00000
input.UIowaS1,input.isiFDRM,0.00000
input.UIowaS2,input.isiFDRM,0.00000
input.UIowaS3,input.isiFDRM,0.00000
input.UIowaS4,input.isiFDRM,0.00000
input.uiucsf,input.isiFDRM,0.00000
input.uogTrLqea,input.isiFDRM,0.00000
input.uogTrLqeabd,input.isiFDRM,0.00000
input.uogTrLqeabdd,input.isiFDRM,0.00000
input.uogTrUB2,input.isiFDRM,0.00000
input.UTBase,input.isiFDRM,0.00000
input.UTBaseRTF,input.isiFDRM,0.00000
input.UTWngFuture,input.isiFDRM,0.00000
input.UTWngFutureQ,input.isiFDRM,0.00000
input.waterlooa1,input.isiFDRM,0.00737
input.waterlooa2,input.isiFDRM,0.00078
input.waterlooa3,input.isiFDRM,0.11297
input.waterlooa4,input.isiFDRM,0.00921
input.WESTfilext,input.isiFDRM,0.00000
input.WESTfilter,input.isiFDRM,0.00000
input.WESTrelint,input.isiFDRM,0.00000
input.WESTrlext,input.isiFDRM,0.00000
input.Wise2ndRun,input.isiFDRM,0.00413
input.WiseFifthRun,input.isiFDRM,0.00006
input.WiseFouthRun,input.isiFDRM,0.00000
input.WiseThirdRun,input.isiFDRM,0.00413
input.ya3,input.isiFDRM,0.00000
input.ya4,input.isiFDRM,0.00000
input.YNDXTPC1,input.isiFDRM,0.00000
input.YNDXTPC2,input.isiFDRM,0.00000
input.kanopeRun,input.isiFDRML,0.00000
input.KAUSTBase,input.isiFDRML,0.00003
input.KAUSTExp,input.isiFDRML,0.00001
input.KAUSTExpRrnk,input.isiFDRML,0.00000
input.KAUSTRerank,input.isiFDRML,0.00000
input.LJQO10,input.isiFDRML,0.00005
input.LJQO5,input.isiFDRML,0.00005
input.LMOP10,input.isiFDRML,0.00000
input.LMOP5,input.isiFDRML,0.00000
input.LThresh,input.isiFDRML,0.00000
input.manualWISTUD,input.isiFDRML,0.17420
input.melblt,input.isiFDRML,0.00000
input.MONASH1NEW,input.isiFDRML,0.00000
input.MONASH2NEW,input.isiFDRML,0.00000
input.MorpheusRun1,input.isiFDRML,0.00000
input.mulnewWISTUD,input.isiFDRML,0.00000
input.myRun,input.isiFDRML,0.00010
input.myrun2,input.isiFDRML,0.01276
input.myrun3,input.isiFDRML,0.00658
input.Nestor,input.isiFDRML,0.00000
input.NestorS,input.isiFDRML,0.00000
input.normal,input.isiFDRML,0.00000
input.nQCRIwoTag,input.isiFDRML,0.00000
input.nQCRIwTag,input.isiFDRML,0.00001
input.omarRun,input.isiFDRML,0.00000
input.PKUICST,input.isiFDRML,0.01572
input.PKUICST2,input.isiFDRML,0.00173
input.PKUICST3,input.isiFDRML,0.03146
input.PKUICST4,input.isiFDRML,0.04155
input.PL2Bo1SDExt,input.isiFDRML,0.00000
input.PL2NoQENoDM,input.isiFDRML,0.00000
input.PL2NoQeSd,input.isiFDRML,0.00000
input.PL2NoQeSdExt,input.isiFDRML,0.00000
input.PRISrun1,input.isiFDRML,0.85034
input.PRISrun2,input.isiFDRML,0.04972
input.PRISrun3,input.isiFDRML,0.57132
input.PRISrun4,input.isiFDRML,0.00000
input.QCRIwoTagOrg,input.isiFDRML,0.00000
input.QCRIwTagOrg,input.isiFDRML,0.00001
input.qHtagBaseRun,input.isiFDRML,0.00000
input.qRefLThresh,input.isiFDRML,0.00000
input.refBalRun,input.isiFDRML,0.00000
input.refRelRun,input.isiFDRML,0.00000
input.relevanceRun,input.isiFDRML,0.00052
input.RFD,input.isiFDRML,0.00000
input.ri,input.isiFDRML,0.30824
input.rit,input.isiFDRML,0.00001
input.rit3,input.isiFDRML,0.00000
input.RMITAR,input.isiFDRML,0.00000
input.RMITM,input.isiFDRML,0.00000
input.RMITMR,input.isiFDRML,0.00000
input.RMITMRR,input.isiFDRML,0.00000
input.Rocchio,input.isiFDRML,0.00000
input.RTB,input.isiFDRML,0.00000
input.run1,input.isiFDRML,0.00039
input.run1a,input.isiFDRML,0.00000
input.run1fix,input.isiFDRML,0.00587
input.run2,input.isiFDRML,0.02861
input.run2a,input.isiFDRML,0.00000
input.run3,input.isiFDRML,0.00000
input.run3a,input.isiFDRML,0.00000
input.run4,input.isiFDRML,0.00000
input.run4a,input.isiFDRML,0.00000
input.RunAll,input.isiFDRML,0.00000
input.RunFut,input.isiFDRML,0.00000
input.runNeMIS,input.isiFDRML,0.00000
input.runNeMISext,input.isiFDRML,0.00000
input.RunPure,input.isiFDRML,0.00000
input.scurtuRun1,input.isiFDRML,0.00000
input.sielrun1,input.isiFDRML,0.00000
input.sielrun2,input.isiFDRML,0.00000
input.sielrun3,input.isiFDRML,0.00000
input.sielrun4,input.isiFDRML,0.00000
input.SienaCL1B,input.isiFDRML,0.00000
input.SienaCL31,input.isiFDRML,0.00000
input.SienaCL342,input.isiFDRML,0.00000
input.SienaCLbase,input.isiFDRML,0.00000
input.simfoll,input.isiFDRML,0.00000
input.simfollTP01,input.isiFDRML,0.00000
input.sylesNoRes,input.isiFDRML,0.00173
input.tfTP01,input.isiFDRML,0.00000
input.udelIndri,input.isiFDRML,0.00000
input.udelLucene,input.isiFDRML,0.00000
input.UDMicroComb1,input.isiFDRML,0.00000
input.UDMicroComb2,input.isiFDRML,0.00000
input.UDMicroIDF,input.isiFDRML,0.00000
input.UDMicroIDFD,input.isiFDRML,0.00000
input.uicir1,input.isiFDRML,0.00000
input.uicir2,input.isiFDRML,0.00000
input.UIowaS1,input.isiFDRML,0.00000
input.UIowaS2,input.isiFDRML,0.00000
input.UIowaS3,input.isiFDRML,0.00000
input.UIowaS4,input.isiFDRML,0.00000
input.uiucsf,input.isiFDRML,0.00000
input.uogTrLqea,input.isiFDRML,0.00000
input.uogTrLqeabd,input.isiFDRML,0.00000
input.uogTrLqeabdd,input.isiFDRML,0.00000
input.uogTrUB2,input.isiFDRML,0.00000
input.UTBase,input.isiFDRML,0.00000
input.UTBaseRTF,input.isiFDRML,0.00000
input.UTWngFuture,input.isiFDRML,0.00000
input.UTWngFutureQ,input.isiFDRML,0.00000
input.waterlooa1,input.isiFDRML,0.00287
input.waterlooa2,input.isiFDRML,0.00025
input.waterlooa3,input.isiFDRML,0.05917
input.waterlooa4,input.isiFDRML,0.00366
input.WESTfilext,input.isiFDRML,0.00000
input.WESTfilter,input.isiFDRML,0.00000
input.WESTrelint,input.isiFDRML,0.00000
input.WESTrlext,input.isiFDRML,0.00000
input.Wise2ndRun,input.isiFDRML,0.00152
input.WiseFifthRun,input.isiFDRML,0.00002
input.WiseFouthRun,input.isiFDRML,0.00000
input.WiseThirdRun,input.isiFDRML,0.00152
input.ya3,input.isiFDRML,0.00000
input.ya4,input.isiFDRML,0.00000
input.YNDXTPC1,input.isiFDRML,0.00000
input.YNDXTPC2,input.isiFDRML,0.00000
input.KAUSTBase,input.kanopeRun,0.00000
input.KAUSTExp,input.kanopeRun,0.00000
input.KAUSTExpRrnk,input.kanopeRun,0.00000
input.KAUSTRerank,input.kanopeRun,0.00000
input.LJQO10,input.kanopeRun,0.00000
input.LJQO5,input.kanopeRun,0.00000
input.LMOP10,input.kanopeRun,0.00000
input.LMOP5,input.kanopeRun,0.00000
input.LThresh,input.kanopeRun,0.00000
input.manualWISTUD,input.kanopeRun,0.00000
input.melblt,input.kanopeRun,0.00000
input.MONASH1NEW,input.kanopeRun,0.00002
input.MONASH2NEW,input.kanopeRun,0.00014
input.MorpheusRun1,input.kanopeRun,0.00523
input.mulnewWISTUD,input.kanopeRun,0.00000
input.myRun,input.kanopeRun,0.00000
input.myrun2,input.kanopeRun,0.00000
input.myrun3,input.kanopeRun,0.00000
input.Nestor,input.kanopeRun,0.00000
input.NestorS,input.kanopeRun,0.00000
input.normal,input.kanopeRun,0.00000
input.nQCRIwoTag,input.kanopeRun,0.00000
input.nQCRIwTag,input.kanopeRun,0.00000
input.omarRun,input.kanopeRun,0.00000
input.PKUICST,input.kanopeRun,0.00000
input.PKUICST2,input.kanopeRun,0.00000
input.PKUICST3,input.kanopeRun,0.00000
input.PKUICST4,input.kanopeRun,0.00000
input.PL2Bo1SDExt,input.kanopeRun,0.34553
input.PL2NoQENoDM,input.kanopeRun,0.00000
input.PL2NoQeSd,input.kanopeRun,0.00000
input.PL2NoQeSdExt,input.kanopeRun,0.36521
input.PRISrun1,input.kanopeRun,0.00000
input.PRISrun2,input.kanopeRun,0.00000
input.PRISrun3,input.kanopeRun,0.00000
input.PRISrun4,input.kanopeRun,0.00000
input.QCRIwoTagOrg,input.kanopeRun,0.00000
input.QCRIwTagOrg,input.kanopeRun,0.00000
input.qHtagBaseRun,input.kanopeRun,0.00000
input.qRefLThresh,input.kanopeRun,0.00000
input.refBalRun,input.kanopeRun,0.00000
input.refRelRun,input.kanopeRun,0.00000
input.relevanceRun,input.kanopeRun,0.00000
input.RFD,input.kanopeRun,0.00000
input.ri,input.kanopeRun,0.00000
input.rit,input.kanopeRun,0.00000
input.rit3,input.kanopeRun,0.00000
input.RMITAR,input.kanopeRun,0.00000
input.RMITM,input.kanopeRun,0.00000
input.RMITMR,input.kanopeRun,0.00000
input.RMITMRR,input.kanopeRun,0.00000
input.Rocchio,input.kanopeRun,0.00000
input.RTB,input.kanopeRun,0.67789
input.run1,input.kanopeRun,0.00000
input.run1a,input.kanopeRun,0.00029
input.run1fix,input.kanopeRun,0.00000
input.run2,input.kanopeRun,0.00000
input.run2a,input.kanopeRun,0.00001
input.run3,input.kanopeRun,0.00000
input.run3a,input.kanopeRun,0.00000
input.run4,input.kanopeRun,0.00000
input.run4a,input.kanopeRun,0.00000
input.RunAll,input.kanopeRun,0.00000
input.RunFut,input.kanopeRun,0.00000
input.runNeMIS,input.kanopeRun,0.00014
input.runNeMISext,input.kanopeRun,0.00000
input.RunPure,input.kanopeRun,0.00000
input.scurtuRun1,input.kanopeRun,0.00000
input.sielrun1,input.kanopeRun,0.00325
input.sielrun2,input.kanopeRun,0.00005
input.sielrun3,input.kanopeRun,0.00010
input.sielrun4,input.kanopeRun,0.00006
input.SienaCL1B,input.kanopeRun,0.00000
input.SienaCL31,input.kanopeRun,0.00000
input.SienaCL342,input.kanopeRun,0.00000
input.SienaCLbase,input.kanopeRun,0.00000
input.simfoll,input.kanopeRun,0.00000
input.simfollTP01,input.kanopeRun,0.00000
input.sylesNoRes,input.kanopeRun,0.00000
input.tfTP01,input.kanopeRun,0.00000
input.udelIndri,input.kanopeRun,0.00000
input.udelLucene,input.kanopeRun,0.02862
input.UDMicroComb1,input.kanopeRun,0.00000
input.UDMicroComb2,input.kanopeRun,0.00000
input.UDMicroIDF,input.kanopeRun,0.00000
input.UDMicroIDFD,input.kanopeRun,0.00000
input.uicir1,input.kanopeRun,0.00000
input.uicir2,input.kanopeRun,0.00000
input.UIowaS1,input.kanopeRun,0.00000
input.UIowaS2,input.kanopeRun,0.00000
input.UIowaS3,input.kanopeRun,0.00000
input.UIowaS4,input.kanopeRun,0.00000
input.uiucsf,input.kanopeRun,0.32640
input.uogTrLqea,input.kanopeRun,0.00000
input.uogTrLqeabd,input.kanopeRun,0.00000
input.uogTrLqeabdd,input.kanopeRun,0.00000
input.uogTrUB2,input.kanopeRun,0.00001
input.UTBase,input.kanopeRun,0.00000
input.UTBaseRTF,input.kanopeRun,0.62380
input.UTWngFuture,input.kanopeRun,0.40653
input.UTWngFutureQ,input.kanopeRun,0.00325
input.waterlooa1,input.kanopeRun,0.00000
input.waterlooa2,input.kanopeRun,0.00000
input.waterlooa3,input.kanopeRun,0.00000
input.waterlooa4,input.kanopeRun,0.00000
input.WESTfilext,input.kanopeRun,0.00000
input.WESTfilter,input.kanopeRun,0.00000
input.WESTrelint,input.kanopeRun,0.00658
input.WESTrlext,input.kanopeRun,0.00658
input.Wise2ndRun,input.kanopeRun,0.00000
input.WiseFifthRun,input.kanopeRun,0.00000
input.WiseFouthRun,input.kanopeRun,0.00000
input.WiseThirdRun,input.kanopeRun,0.00000
input.ya3,input.kanopeRun,0.00000
input.ya4,input.kanopeRun,0.00000
input.YNDXTPC1,input.kanopeRun,0.00000
input.YNDXTPC2,input.kanopeRun,0.00000
input.KAUSTExp,input.KAUSTBase,0.82073
input.KAUSTExpRrnk,input.KAUSTBase,0.45028
input.KAUSTRerank,input.KAUSTBase,0.67789
input.LJQO10,input.KAUSTBase,0.90995
input.LJQO5,input.KAUSTBase,0.90995
input.LMOP10,input.KAUSTBase,0.01741
input.LMOP5,input.KAUSTBase,0.00117
input.LThresh,input.KAUSTBase,0.00737
input.manualWISTUD,input.KAUSTBase,0.00465
input.melblt,input.KAUSTBase,0.62348
input.MONASH1NEW,input.KAUSTBase,0.00000
input.MONASH2NEW,input.KAUSTBase,0.00000
input.MorpheusRun1,input.KAUSTBase,0.00000
input.mulnewWISTUD,input.KAUSTBase,0.25745
input.myRun,input.KAUSTBase,0.76281
input.myrun2,input.KAUSTBase,0.08943
input.myrun3,input.KAUSTBase,0.14109
input.Nestor,input.KAUSTBase,0.00366
input.NestorS,input.KAUSTBase,0.00224
input.normal,input.KAUSTBase,0.47315
input.nQCRIwoTag,input.KAUSTBase,0.65047
input.nQCRIwTag,input.KAUSTBase,0.85016
input.omarRun,input.KAUSTBase,0.19939
input.PKUICST,input.KAUSTBase,0.07613
input.PKUICST2,input.KAUSTBase,0.29078
input.PKUICST3,input.KAUSTBase,0.04158
input.PKUICST4,input.KAUSTBase,0.03148
input.PL2Bo1SDExt,input.KAUSTBase,0.00000
input.PL2NoQENoDM,input.KAUSTBase,0.11293
input.PL2NoQeSd,input.KAUSTBase,0.05425
input.PL2NoQeSdExt,input.KAUSTBase,0.00000
input.PRISrun1,input.KAUSTBase,0.00001
input.PRISrun2,input.KAUSTBase,0.00000
input.PRISrun3,input.KAUSTBase,0.00029
input.PRISrun4,input.KAUSTBase,0.47322
input.QCRIwoTagOrg,input.KAUSTBase,0.65047
input.QCRIwTagOrg,input.KAUSTBase,0.85016
input.qHtagBaseRun,input.KAUSTBase,0.00412
input.qRefLThresh,input.KAUSTBase,0.00034
input.refBalRun,input.KAUSTBase,0.05423
input.refRelRun,input.KAUSTBase,0.29045
input.relevanceRun,input.KAUSTBase,0.47353
input.RFD,input.KAUSTBase,0.00825
input.ri,input.KAUSTBase,0.00152
input.rit,input.KAUSTBase,0.82081
input.rit3,input.KAUSTBase,0.05913
input.RMITAR,input.KAUSTBase,0.00090
input.RMITM,input.KAUSTBase,0.02858
input.RMITMR,input.KAUSTBase,0.00005
input.RMITMRR,input.KAUSTBase,0.27361
input.Rocchio,input.KAUSTBase,0.00522
input.RTB,input.KAUSTBase,0.00000
input.run1,input.KAUSTBase,0.52134
input.run1a,input.KAUSTBase,0.00000
input.run1fix,input.KAUSTBase,0.15165
input.run2,input.KAUSTBase,0.04549
input.run2a,input.KAUSTBase,0.00000
input.run3,input.KAUSTBase,0.11287
input.run3a,input.KAUSTBase,0.00039
input.run4,input.KAUSTBase,0.00921
input.run4a,input.KAUSTBase,0.00025
input.RunAll,input.KAUSTBase,0.07604
input.RunFut,input.KAUSTBase,0.03144
input.runNeMIS,input.KAUSTBase,0.00000
input.runNeMISext,input.KAUSTBase,0.00000
input.RunPure,input.KAUSTBase,0.09675
input.scurtuRun1,input.KAUSTBase,0.00007
input.sielrun1,input.KAUSTBase,0.00000
input.sielrun2,input.KAUSTBase,0.00000
input.sielrun3,input.KAUSTBase,0.00000
input.sielrun4,input.KAUSTBase,0.00000
input.SienaCL1B,input.KAUSTBase,0.62360
input.SienaCL31,input.KAUSTBase,0.29052
input.SienaCL342,input.KAUSTBase,0.30813
input.SienaCLbase,input.KAUSTBase,0.25748
input.simfoll,input.KAUSTBase,0.57113
input.simfollTP01,input.KAUSTBase,0.62356
input.sylesNoRes,input.KAUSTBase,0.29081
input.tfTP01,input.KAUSTBase,0.52101
input.udelIndri,input.KAUSTBase,0.62352
input.udelLucene,input.KAUSTBase,0.00000
input.UDMicroComb1,input.KAUSTBase,0.00587
input.UDMicroComb2,input.KAUSTBase,0.10461
input.UDMicroIDF,input.KAUSTBase,0.49682
input.UDMicroIDFD,input.KAUSTBase,0.02859
input.uicir1,input.KAUSTBase,0.00287
input.uicir2,input.KAUSTBase,0.00068
input.UIowaS1,input.KAUSTBase,0.19947
input.UIowaS2,input.KAUSTBase,0.19941
input.UIowaS3,input.KAUSTBase,0.22715
input.UIowaS4,input.KAUSTBase,0.07610
input.uiucsf,input.KAUSTBase,0.00000
input.uogTrLqea,input.KAUSTBase,0.00005
input.uogTrLqeabd,input.KAUSTBase,0.00001
input.uogTrLqeabdd,input.KAUSTBase,0.00000
input.uogTrUB2,input.KAUSTBase,0.00000
input.UTBase,input.KAUSTBase,0.00002
input.UTBaseRTF,input.KAUSTBase,0.00000
input.UTWngFuture,input.KAUSTBase,0.00000
input.UTWngFutureQ,input.KAUSTBase,0.00000
input.waterlooa1,input.KAUSTBase,0.22726
input.waterlooa2,input.KAUSTBase,0.59738
input.waterlooa3,input.KAUSTBase,0.02133
input.waterlooa4,input.KAUSTBase,0.19953
input.WESTfilext,input.KAUSTBase,0.00078
input.WESTfilter,input.KAUSTBase,0.00253
input.WESTrelint,input.KAUSTBase,0.00000
input.WESTrlext,input.KAUSTBase,0.00000
input.Wise2ndRun,input.KAUSTBase,0.30829
input.WiseFifthRun,input.KAUSTBase,0.90968
input.WiseFouthRun,input.KAUSTBase,0.18646
input.WiseThirdRun,input.KAUSTBase,0.30829
input.ya3,input.KAUSTBase,0.00016
input.ya4,input.KAUSTBase,0.00737
input.YNDXTPC1,input.KAUSTBase,0.00014
input.YNDXTPC2,input.KAUSTBase,0.00045
input.KAUSTExpRrnk,input.KAUSTExp,0.59726
input.KAUSTRerank,input.KAUSTExp,0.85030
input.LJQO10,input.KAUSTExp,0.73407
input.LJQO5,input.KAUSTExp,0.73407
input.LMOP10,input.KAUSTExp,0.03146
input.LMOP5,input.KAUSTExp,0.00253
input.LThresh,input.KAUSTExp,0.01416
input.manualWISTUD,input.KAUSTExp,0.00224
input.melblt,input.KAUSTExp,0.79154
input.MONASH1NEW,input.KAUSTExp,0.00000
input.MONASH2NEW,input.KAUSTExp,0.00000
input.MorpheusRun1,input.KAUSTExp,0.00000
input.mulnewWISTUD,input.KAUSTExp,0.36503
input.myRun,input.KAUSTExp,0.59722
input.myrun2,input.KAUSTExp,0.05422
input.myrun3,input.KAUSTExp,0.08944
input.Nestor,input.KAUSTExp,0.00737
input.NestorS,input.KAUSTExp,0.00465
input.normal,input.KAUSTExp,0.62360
input.nQCRIwoTag,input.KAUSTExp,0.82081
input.nQCRIwTag,input.KAUSTExp,0.96992
input.omarRun,input.KAUSTExp,0.29065
input.PKUICST,input.KAUSTExp,0.04548
input.PKUICST2,input.KAUSTExp,0.19949
input.PKUICST3,input.KAUSTExp,0.02356
input.PKUICST4,input.KAUSTExp,0.01743
input.PL2Bo1SDExt,input.KAUSTExp,0.00000
input.PL2NoQENoDM,input.KAUSTExp,0.17429
input.PL2NoQeSd,input.KAUSTExp,0.08946
input.PL2NoQeSdExt,input.KAUSTExp,0.00000
input.PRISrun1,input.KAUSTExp,0.00000
input.PRISrun2,input.KAUSTExp,0.00000
input.PRISrun3,input.KAUSTExp,0.00012
input.PRISrun4,input.KAUSTExp,0.62368
input.QCRIwoTagOrg,input.KAUSTExp,0.82081
input.QCRIwTagOrg,input.KAUSTExp,0.96992
input.qHtagBaseRun,input.KAUSTExp,0.00824
input.qRefLThresh,input.KAUSTExp,0.00078
input.refBalRun,input.KAUSTExp,0.08944
input.refRelRun,input.KAUSTExp,0.40624
input.relevanceRun,input.KAUSTExp,0.34550
input.RFD,input.KAUSTExp,0.01573
input.ri,input.KAUSTExp,0.00068
input.rit,input.KAUSTExp,0.99991
input.rit3,input.KAUSTExp,0.09679
input.RMITAR,input.KAUSTExp,0.00197
input.RMITM,input.KAUSTExp,0.04969
input.RMITMR,input.KAUSTExp,0.00014
input.RMITMRR,input.KAUSTExp,0.38530
input.Rocchio,input.KAUSTExp,0.01028
input.RTB,input.KAUSTExp,0.00000
input.run1,input.KAUSTExp,0.38545
input.run1a,input.KAUSTExp,0.00000
input.run1fix,input.KAUSTExp,0.09685
input.run2,input.KAUSTExp,0.02597
input.run2a,input.KAUSTExp,0.00001
input.run3,input.KAUSTExp,0.17420
input.run3a,input.KAUSTExp,0.00090
input.run4,input.KAUSTExp,0.01743
input.run4a,input.KAUSTExp,0.00059
input.RunAll,input.KAUSTExp,0.12174
input.RunFut,input.KAUSTExp,0.05425
input.runNeMIS,input.KAUSTExp,0.00000
input.runNeMISext,input.KAUSTExp,0.00001
input.RunPure,input.KAUSTExp,0.15151
input.scurtuRun1,input.KAUSTExp,0.00019
input.sielrun1,input.KAUSTExp,0.00000
input.sielrun2,input.KAUSTExp,0.00000
input.sielrun3,input.KAUSTExp,0.00000
input.sielrun4,input.KAUSTExp,0.00000
input.SienaCL1B,input.KAUSTExp,0.79167
input.SienaCL31,input.KAUSTExp,0.40633
input.SienaCL342,input.KAUSTExp,0.42804
input.SienaCLbase,input.KAUSTExp,0.36506
input.simfoll,input.KAUSTExp,0.73403
input.simfollTP01,input.KAUSTExp,0.79163
input.sylesNoRes,input.KAUSTExp,0.19951
input.tfTP01,input.KAUSTExp,0.67801
input.udelIndri,input.KAUSTExp,0.79158
input.udelLucene,input.KAUSTExp,0.00000
input.UDMicroComb1,input.KAUSTExp,0.01145
input.UDMicroComb2,input.KAUSTExp,0.16263
input.UDMicroIDF,input.KAUSTExp,0.65063
input.UDMicroIDFD,input.KAUSTExp,0.04970
input.uicir1,input.KAUSTExp,0.00587
input.uicir2,input.KAUSTExp,0.00152
input.UIowaS1,input.KAUSTExp,0.29076
input.UIowaS2,input.KAUSTExp,0.29068
input.UIowaS3,input.KAUSTExp,0.32654
input.UIowaS4,input.KAUSTExp,0.12182
input.uiucsf,input.KAUSTExp,0.00000
input.uogTrLqea,input.KAUSTExp,0.00014
input.uogTrLqeabd,input.KAUSTExp,0.00003
input.uogTrLqeabdd,input.KAUSTExp,0.00001
input.uogTrUB2,input.KAUSTExp,0.00001
input.UTBase,input.KAUSTExp,0.00005
input.UTBaseRTF,input.KAUSTExp,0.00000
input.UTWngFuture,input.KAUSTExp,0.00000
input.UTWngFutureQ,input.KAUSTExp,0.00000
input.waterlooa1,input.KAUSTExp,0.15156
input.waterlooa2,input.KAUSTExp,0.45038
input.waterlooa3,input.KAUSTExp,0.01145
input.waterlooa4,input.KAUSTExp,0.13117
input.WESTfilext,input.KAUSTExp,0.00173
input.WESTfilter,input.KAUSTExp,0.00523
input.WESTrelint,input.KAUSTExp,0.00000
input.WESTrlext,input.KAUSTExp,0.00000
input.Wise2ndRun,input.KAUSTExp,0.21297
input.WiseFifthRun,input.KAUSTExp,0.90990
input.WiseFouthRun,input.KAUSTExp,0.27373
input.WiseThirdRun,input.KAUSTExp,0.21297
input.ya3,input.KAUSTExp,0.00039
input.ya4,input.KAUSTExp,0.01416
input.YNDXTPC1,input.KAUSTExp,0.00034
input.YNDXTPC2,input.KAUSTExp,0.00103
input.KAUSTRerank,input.KAUSTExpRrnk,0.73415
input.LJQO10,input.KAUSTExpRrnk,0.38536
input.LJQO5,input.KAUSTExpRrnk,0.38536
input.LMOP10,input.KAUSTExpRrnk,0.10461
input.LMOP5,input.KAUSTExpRrnk,0.01274
input.LThresh,input.KAUSTExpRrnk,0.05426
input.manualWISTUD,input.KAUSTExpRrnk,0.00034
input.melblt,input.KAUSTExpRrnk,0.79176
input.MONASH1NEW,input.KAUSTExpRrnk,0.00002
input.MONASH2NEW,input.KAUSTExpRrnk,0.00000
input.MorpheusRun1,input.KAUSTExpRrnk,0.00000
input.mulnewWISTUD,input.KAUSTExpRrnk,0.70582
input.myRun,input.KAUSTExpRrnk,0.29063
input.myrun2,input.KAUSTExpRrnk,0.01415
input.myrun3,input.KAUSTExpRrnk,0.02597
input.Nestor,input.KAUSTExpRrnk,0.03147
input.NestorS,input.KAUSTExpRrnk,0.02133
input.normal,input.KAUSTExpRrnk,0.97002
input.nQCRIwoTag,input.KAUSTExpRrnk,0.76277
input.nQCRIwTag,input.KAUSTExpRrnk,0.57136
input.omarRun,input.KAUSTExpRrnk,0.59726
input.PKUICST,input.KAUSTExpRrnk,0.01145
input.PKUICST2,input.KAUSTExpRrnk,0.07008
input.PKUICST3,input.KAUSTExpRrnk,0.00523
input.PKUICST4,input.KAUSTExpRrnk,0.00366
input.PL2Bo1SDExt,input.KAUSTExpRrnk,0.00000
input.PL2NoQENoDM,input.KAUSTExpRrnk,0.40643
input.PL2NoQeSd,input.KAUSTExpRrnk,0.24204
input.PL2NoQeSdExt,input.KAUSTExpRrnk,0.00000
input.PRISrun1,input.KAUSTExpRrnk,0.00000
input.PRISrun2,input.KAUSTExpRrnk,0.00000
input.PRISrun3,input.KAUSTExpRrnk,0.00001
input.PRISrun4,input.KAUSTExpRrnk,0.96992
input.QCRIwoTagOrg,input.KAUSTExpRrnk,0.76277
input.QCRIwTagOrg,input.KAUSTExpRrnk,0.57136
input.qHtagBaseRun,input.KAUSTExpRrnk,0.03454
input.qRefLThresh,input.KAUSTExpRrnk,0.00465
input.refBalRun,input.KAUSTExpRrnk,0.24199
input.refRelRun,input.KAUSTExpRrnk,0.76251
input.relevanceRun,input.KAUSTExpRrnk,0.14110
input.RFD,input.KAUSTExpRrnk,0.05918
input.ri,input.KAUSTExpRrnk,0.00009
input.rit,input.KAUSTExpRrnk,0.59718
input.rit3,input.KAUSTExpRrnk,0.25752
input.RMITAR,input.KAUSTExpRrnk,0.01027
input.RMITM,input.KAUSTExpRrnk,0.15149
input.RMITMR,input.KAUSTExpRrnk,0.00102
input.RMITMRR,input.KAUSTExpRrnk,0.73398
input.Rocchio,input.KAUSTExpRrnk,0.04154
input.RTB,input.KAUSTExpRrnk,0.00000
input.run1,input.KAUSTExpRrnk,0.16264
input.run1a,input.KAUSTExpRrnk,0.00000
input.run1fix,input.KAUSTExpRrnk,0.02862
input.run2,input.KAUSTExpRrnk,0.00587
input.run2a,input.KAUSTExpRrnk,0.00007
input.run3,input.KAUSTExpRrnk,0.40627
input.run3a,input.KAUSTExpRrnk,0.00523
input.run4,input.KAUSTExpRrnk,0.06442
input.run4a,input.KAUSTExpRrnk,0.00366
input.RunAll,input.KAUSTExpRrnk,0.30813
input.RunFut,input.KAUSTExpRrnk,0.16256
input.runNeMIS,input.KAUSTExpRrnk,0.00000
input.runNeMISext,input.KAUSTExpRrnk,0.00014
input.RunPure,input.KAUSTExpRrnk,0.36500
input.scurtuRun1,input.KAUSTExpRrnk,0.00134
input.sielrun1,input.KAUSTExpRrnk,0.00000
input.sielrun2,input.KAUSTExpRrnk,0.00001
input.sielrun3,input.KAUSTExpRrnk,0.00000
input.sielrun4,input.KAUSTExpRrnk,0.00001
input.SienaCL1B,input.KAUSTExpRrnk,0.79163
input.SienaCL31,input.KAUSTExpRrnk,0.76264
input.SienaCL342,input.KAUSTExpRrnk,0.79163
input.SienaCLbase,input.KAUSTExpRrnk,0.70586
input.simfoll,input.KAUSTExpRrnk,0.85043
input.simfollTP01,input.KAUSTExpRrnk,0.79167
input.sylesNoRes,input.KAUSTExpRrnk,0.07009
input.tfTP01,input.KAUSTExpRrnk,0.90990
input.udelIndri,input.KAUSTExpRrnk,0.79171
input.udelLucene,input.KAUSTExpRrnk,0.00000
input.UDMicroComb1,input.KAUSTExpRrnk,0.04548
input.UDMicroComb2,input.KAUSTExpRrnk,0.38542
input.UDMicroIDF,input.KAUSTExpRrnk,0.93985
input.UDMicroIDFD,input.KAUSTExpRrnk,0.15152
input.uicir1,input.KAUSTExpRrnk,0.02596
input.uicir2,input.KAUSTExpRrnk,0.00824
input.UIowaS1,input.KAUSTExpRrnk,0.59742
input.UIowaS2,input.KAUSTExpRrnk,0.59730
input.UIowaS3,input.KAUSTExpRrnk,0.65071
input.UIowaS4,input.KAUSTExpRrnk,0.30829
input.uiucsf,input.KAUSTExpRrnk,0.00000
input.uogTrLqea,input.KAUSTExpRrnk,0.00103
input.uogTrLqeabd,input.KAUSTExpRrnk,0.00029
input.uogTrLqeabdd,input.KAUSTExpRrnk,0.00012
input.uogTrUB2,input.KAUSTExpRrnk,0.00006
input.UTBase,input.KAUSTExpRrnk,0.00045
input.UTBaseRTF,input.KAUSTExpRrnk,0.00000
input.UTWngFuture,input.KAUSTExpRrnk,0.00000
input.UTWngFutureQ,input.KAUSTExpRrnk,0.00000
input.waterlooa1,input.KAUSTExpRrnk,0.04972
input.waterlooa2,input.KAUSTExpRrnk,0.19945
input.waterlooa3,input.KAUSTExpRrnk,0.00224
input.waterlooa4,input.KAUSTExpRrnk,0.04156
input.WESTfilext,input.KAUSTExpRrnk,0.00921
input.WESTfilter,input.KAUSTExpRrnk,0.02356
input.WESTrelint,input.KAUSTExpRrnk,0.00000
input.WESTrlext,input.KAUSTExpRrnk,0.00000
input.Wise2ndRun,input.KAUSTExpRrnk,0.07610
input.WiseFifthRun,input.KAUSTExpRrnk,0.52119
input.WiseFouthRun,input.KAUSTExpRrnk,0.57128
input.WiseThirdRun,input.KAUSTExpRrnk,0.07610
input.ya3,input.KAUSTExpRrnk,0.00253
input.ya4,input.KAUSTExpRrnk,0.05426
input.YNDXTPC1,input.KAUSTExpRrnk,0.00224
input.YNDXTPC2,input.KAUSTExpRrnk,0.00587
input.LJQO10,input.KAUSTRerank,0.59718
input.LJQO5,input.KAUSTRerank,0.59718
input.LMOP10,input.KAUSTRerank,0.04970
input.LMOP5,input.KAUSTRerank,0.00465
input.LThresh,input.KAUSTRerank,0.02355
input.manualWISTUD,input.KAUSTRerank,0.00117
input.melblt,input.KAUSTRerank,0.93976
input.MONASH1NEW,input.KAUSTRerank,0.00000
input.MONASH2NEW,input.KAUSTRerank,0.00000
input.MorpheusRun1,input.KAUSTRerank,0.00000
input.mulnewWISTUD,input.KAUSTRerank,0.47332
input.myRun,input.KAUSTRerank,0.47329
input.myrun2,input.KAUSTRerank,0.03453
input.myrun3,input.KAUSTRerank,0.05915
input.Nestor,input.KAUSTRerank,0.01275
input.NestorS,input.KAUSTRerank,0.00825
input.normal,input.KAUSTRerank,0.76264
input.nQCRIwoTag,input.KAUSTRerank,0.96988
input.nQCRIwTag,input.KAUSTRerank,0.82086
input.omarRun,input.KAUSTRerank,0.38542
input.PKUICST,input.KAUSTRerank,0.02860
input.PKUICST2,input.KAUSTRerank,0.14109
input.PKUICST3,input.KAUSTRerank,0.01417
input.PKUICST4,input.KAUSTRerank,0.01028
input.PL2Bo1SDExt,input.KAUSTRerank,0.00000
input.PL2NoQENoDM,input.KAUSTRerank,0.24208
input.PL2NoQeSd,input.KAUSTRerank,0.13117
input.PL2NoQeSdExt,input.KAUSTRerank,0.00000
input.PRISrun1,input.KAUSTRerank,0.00000
input.PRISrun2,input.KAUSTRerank,0.00000
input.PRISrun3,input.KAUSTRerank,0.00005
input.PRISrun4,input.KAUSTRerank,0.76273
input.QCRIwoTagOrg,input.KAUSTRerank,0.96988
input.QCRIwTagOrg,input.KAUSTRerank,0.82086
input.qHtagBaseRun,input.KAUSTRerank,0.01416
input.qRefLThresh,input.KAUSTRerank,0.00152
input.refBalRun,input.KAUSTRerank,0.13114
input.refRelRun,input.KAUSTRerank,0.52101
input.relevanceRun,input.KAUSTRerank,0.25759
input.RFD,input.KAUSTRerank,0.02598
input.ri,input.KAUSTRerank,0.00034
input.rit,input.KAUSTRerank,0.85021
input.rit3,input.KAUSTRerank,0.14106
input.RMITAR,input.KAUSTRerank,0.00366
input.RMITM,input.KAUSTRerank,0.07608
input.RMITMR,input.KAUSTRerank,0.00029
input.RMITMRR,input.KAUSTRerank,0.49686
input.Rocchio,input.KAUSTRerank,0.01742
input.RTB,input.KAUSTRerank,0.00000
input.run1,input.KAUSTRerank,0.29068
input.run1a,input.KAUSTRerank,0.00000
input.run1fix,input.KAUSTRerank,0.06445
input.run2,input.KAUSTRerank,0.01572
input.run2a,input.KAUSTRerank,0.00002
input.run3,input.KAUSTRerank,0.24197
input.run3a,input.KAUSTRerank,0.00173
input.run4,input.KAUSTRerank,0.02861
input.run4a,input.KAUSTRerank,0.00117
input.RunAll,input.KAUSTRerank,0.17422
input.RunFut,input.KAUSTRerank,0.08254
input.runNeMIS,input.KAUSTRerank,0.00000
input.runNeMISext,input.KAUSTRerank,0.00003
input.RunPure,input.KAUSTRerank,0.21295
input.scurtuRun1,input.KAUSTRerank,0.00039
input.sielrun1,input.KAUSTRerank,0.00000
input.sielrun2,input.KAUSTRerank,0.00000
input.sielrun3,input.KAUSTRerank,0.00000
input.sielrun4,input.KAUSTRerank,0.00000
input.SienaCL1B,input.KAUSTRerank,0.93989
input.SienaCL31,input.KAUSTRerank,0.52112
input.SienaCL342,input.KAUSTRerank,0.54597
input.SienaCLbase,input.KAUSTRerank,0.47336
input.simfoll,input.KAUSTRerank,0.87995
input.simfollTP01,input.KAUSTRerank,0.93985
input.sylesNoRes,input.KAUSTRerank,0.14110
input.tfTP01,input.KAUSTRerank,0.82086
input.udelIndri,input.KAUSTRerank,0.93980
input.udelLucene,input.KAUSTRerank,0.00000
input.UDMicroComb1,input.KAUSTRerank,0.01930
input.UDMicroComb2,input.KAUSTRerank,0.22722
input.UDMicroIDF,input.KAUSTRerank,0.79167
input.UDMicroIDFD,input.KAUSTRerank,0.07610
input.uicir1,input.KAUSTRerank,0.01027
input.uicir2,input.KAUSTRerank,0.00287
input.UIowaS1,input.KAUSTRerank,0.38555
input.UIowaS2,input.KAUSTRerank,0.38545
input.UIowaS3,input.KAUSTRerank,0.42814
input.UIowaS4,input.KAUSTRerank,0.17433
input.uiucsf,input.KAUSTRerank,0.00000
input.uogTrLqea,input.KAUSTRerank,0.00029
input.uogTrLqeabd,input.KAUSTRerank,0.00007
input.uogTrLqeabdd,input.KAUSTRerank,0.00003
input.uogTrUB2,input.KAUSTRerank,0.00001
input.UTBase,input.KAUSTRerank,0.00012
input.UTBaseRTF,input.KAUSTRerank,0.00000
input.UTWngFuture,input.KAUSTRerank,0.00000
input.UTWngFutureQ,input.KAUSTRerank,0.00000
input.waterlooa1,input.KAUSTRerank,0.10463
input.waterlooa2,input.KAUSTRerank,0.34541
input.waterlooa3,input.KAUSTRerank,0.00658
input.waterlooa4,input.KAUSTRerank,0.08946
input.WESTfilext,input.KAUSTRerank,0.00324
input.WESTfilter,input.KAUSTRerank,0.00922
input.WESTrelint,input.KAUSTRerank,0.00000
input.WESTrlext,input.KAUSTRerank,0.00000
input.Wise2ndRun,input.KAUSTRerank,0.15152
input.WiseFifthRun,input.KAUSTRerank,0.76273
input.WiseFouthRun,input.KAUSTRerank,0.36506
input.WiseThirdRun,input.KAUSTRerank,0.15152
input.ya3,input.KAUSTRerank,0.00078
input.ya4,input.KAUSTRerank,0.02355
input.YNDXTPC1,input.KAUSTRerank,0.00068
input.YNDXTPC2,input.KAUSTRerank,0.00197
input.LJQO5,input.LJQO10,1.00000
input.LMOP10,input.LJQO10,0.01274
input.LMOP5,input.LJQO10,0.00078
input.LThresh,input.LJQO10,0.00523
input.manualWISTUD,input.LJQO10,0.00659
input.melblt,input.LJQO10,0.54582
input.MONASH1NEW,input.LJQO10,0.00000
input.MONASH2NEW,input.LJQO10,0.00000
input.MorpheusRun1,input.LJQO10,0.00000
input.mulnewWISTUD,input.LJQO10,0.21293
input.myRun,input.LJQO10,0.85034
input.myrun2,input.LJQO10,0.11289
input.myrun3,input.LJQO10,0.17426
input.Nestor,input.LJQO10,0.00253
input.NestorS,input.LJQO10,0.00152
input.normal,input.LJQO10,0.40627
input.nQCRIwoTag,input.LJQO10,0.57125
input.nQCRIwTag,input.LJQO10,0.76264
input.omarRun,input.LJQO10,0.16259
input.PKUICST,input.LJQO10,0.09681
input.PKUICST2,input.LJQO10,0.34553
input.PKUICST3,input.LJQO10,0.05428
input.PKUICST4,input.LJQO10,0.04157
input.PL2Bo1SDExt,input.LJQO10,0.00000
input.PL2NoQENoDM,input.LJQO10,0.08946
input.PL2NoQeSd,input.LJQO10,0.04155
input.PL2NoQeSdExt,input.LJQO10,0.00000
input.PRISrun1,input.LJQO10,0.00002
input.PRISrun2,input.LJQO10,0.00000
input.PRISrun3,input.LJQO10,0.00045
input.PRISrun4,input.LJQO10,0.40633
input.QCRIwoTagOrg,input.LJQO10,0.57125
input.QCRIwTagOrg,input.LJQO10,0.76264
input.qHtagBaseRun,input.LJQO10,0.00287
input.qRefLThresh,input.LJQO10,0.00022
input.refBalRun,input.LJQO10,0.04154
input.refRelRun,input.LJQO10,0.24190
input.relevanceRun,input.LJQO10,0.54609
input.RFD,input.LJQO10,0.00587
input.ri,input.LJQO10,0.00224
input.rit,input.LJQO10,0.73415
input.rit3,input.LJQO10,0.04546
input.RMITAR,input.LJQO10,0.00059
input.RMITM,input.LJQO10,0.02132
input.RMITMR,input.LJQO10,0.00003
input.RMITMRR,input.LJQO10,0.22709
input.Rocchio,input.LJQO10,0.00366
input.RTB,input.LJQO10,0.00000
input.run1,input.LJQO10,0.59738
input.run1a,input.LJQO10,0.00000
input.run1fix,input.LJQO10,0.18663
input.run2,input.LJQO10,0.05916
input.run2a,input.LJQO10,0.00000
input.run3,input.LJQO10,0.08941
input.run3a,input.LJQO10,0.00025
input.run4,input.LJQO10,0.00658
input.run4a,input.LJQO10,0.00016
input.RunAll,input.LJQO10,0.05913
input.RunFut,input.LJQO10,0.02354
input.runNeMIS,input.LJQO10,0.00000
input.runNeMISext,input.LJQO10,0.00000
input.RunPure,input.LJQO10,0.07607
input.scurtuRun1,input.LJQO10,0.00005
input.sielrun1,input.LJQO10,0.00000
input.sielrun2,input.LJQO10,0.00000
input.sielrun3,input.LJQO10,0.00000
input.sielrun4,input.LJQO10,0.00000
input.SienaCL1B,input.LJQO10,0.54593
input.SienaCL31,input.LJQO10,0.24197
input.SienaCL342,input.LJQO10,0.25752
input.SienaCLbase,input.LJQO10,0.21295
input.simfoll,input.LJQO10,0.49682
input.simfollTP01,input.LJQO10,0.54590
input.sylesNoRes,input.LJQO10,0.34556
input.tfTP01,input.LJQO10,0.45031
input.udelIndri,input.LJQO10,0.54586
input.udelLucene,input.LJQO10,0.00000
input.UDMicroComb1,input.LJQO10,0.00413
input.UDMicroComb2,input.LJQO10,0.08256
input.UDMicroIDF,input.LJQO10,0.42801
input.UDMicroIDFD,input.LJQO10,0.02132
input.uicir1,input.LJQO10,0.00197
input.uicir2,input.LJQO10,0.00045
input.UIowaS1,input.LJQO10,0.16266
input.UIowaS2,input.LJQO10,0.16261
input.UIowaS3,input.LJQO10,0.18656
input.UIowaS4,input.LJQO10,0.05918
input.uiucsf,input.LJQO10,0.00000
input.uogTrLqea,input.LJQO10,0.00003
input.uogTrLqeabd,input.LJQO10,0.00001
input.uogTrLqeabdd,input.LJQO10,0.00000
input.uogTrUB2,input.LJQO10,0.00000
input.UTBase,input.LJQO10,0.00001
input.UTBaseRTF,input.LJQO10,0.00000
input.UTWngFuture,input.LJQO10,0.00000
input.UTWngFutureQ,input.LJQO10,0.00000
input.waterlooa1,input.LJQO10,0.27381
input.waterlooa2,input.LJQO10,0.67809
input.waterlooa3,input.LJQO10,0.02860
input.waterlooa4,input.LJQO10,0.24208
input.WESTfilext,input.LJQO10,0.00052
input.WESTfilter,input.LJQO10,0.00173
input.WESTrelint,input.LJQO10,0.00000
input.WESTrlext,input.LJQO10,0.00000
input.Wise2ndRun,input.LJQO10,0.36509
input.WiseFifthRun,input.LJQO10,0.82077
input.WiseFouthRun,input.LJQO10,0.15151
input.WiseThirdRun,input.LJQO10,0.36509
input.ya3,input.LJQO10,0.00010
input.ya4,input.LJQO10,0.00523
input.YNDXTPC1,input.LJQO10,0.00009
input.YNDXTPC2,input.LJQO10,0.00029
input.LMOP10,input.LJQO5,0.01274
input.LMOP5,input.LJQO5,0.00078
input.LThresh,input.LJQO5,0.00523
input.manualWISTUD,input.LJQO5,0.00659
input.melblt,input.LJQO5,0.54582
input.MONASH1NEW,input.LJQO5,0.00000
input.MONASH2NEW,input.LJQO5,0.00000
input.MorpheusRun1,input.LJQO5,0.00000
input.mulnewWISTUD,input.LJQO5,0.21293
input.myRun,input.LJQO5,0.85034
input.myrun2,input.LJQO5,0.11289
input.myrun3,input.LJQO5,0.17426
input.Nestor,input.LJQO5,0.00253
input.NestorS,input.LJQO5,0.00152
input.normal,input.LJQO5,0.40627
input.nQCRIwoTag,input.LJQO5,0.57125
input.nQCRIwTag,input.LJQO5,0.76264
input.omarRun,input.LJQO5,0.16259
input.PKUICST,input.LJQO5,0.09681
input.PKUICST2,input.LJQO5,0.34553
input.PKUICST3,input.LJQO5,0.05428
input.PKUICST4,input.LJQO5,0.04157
input.PL2Bo1SDExt,input.LJQO5,0.00000
input.PL2NoQENoDM,input.LJQO5,0.08946
input.PL2NoQeSd,input.LJQO5,0.04155
input.PL2NoQeSdExt,input.LJQO5,0.00000
input.PRISrun1,input.LJQO5,0.00002
input.PRISrun2,input.LJQO5,0.00000
input.PRISrun3,input.LJQO5,0.00045
input.PRISrun4,input.LJQO5,0.40633
input.QCRIwoTagOrg,input.LJQO5,0.57125
input.QCRIwTagOrg,input.LJQO5,0.76264
input.qHtagBaseRun,input.LJQO5,0.00287
input.qRefLThresh,input.LJQO5,0.00022
input.refBalRun,input.LJQO5,0.04154
input.refRelRun,input.LJQO5,0.24190
input.relevanceRun,input.LJQO5,0.54609
input.RFD,input.LJQO5,0.00587
input.ri,input.LJQO5,0.00224
input.rit,input.LJQO5,0.73415
input.rit3,input.LJQO5,0.04546
input.RMITAR,input.LJQO5,0.00059
input.RMITM,input.LJQO5,0.02132
input.RMITMR,input.LJQO5,0.00003
input.RMITMRR,input.LJQO5,0.22709
input.Rocchio,input.LJQO5,0.00366
input.RTB,input.LJQO5,0.00000
input.run1,input.LJQO5,0.59738
input.run1a,input.LJQO5,0.00000
input.run1fix,input.LJQO5,0.18663
input.run2,input.LJQO5,0.05916
input.run2a,input.LJQO5,0.00000
input.run3,input.LJQO5,0.08941
input.run3a,input.LJQO5,0.00025
input.run4,input.LJQO5,0.00658
input.run4a,input.LJQO5,0.00016
input.RunAll,input.LJQO5,0.05913
input.RunFut,input.LJQO5,0.02354
input.runNeMIS,input.LJQO5,0.00000
input.runNeMISext,input.LJQO5,0.00000
input.RunPure,input.LJQO5,0.07607
input.scurtuRun1,input.LJQO5,0.00005
input.sielrun1,input.LJQO5,0.00000
input.sielrun2,input.LJQO5,0.00000
input.sielrun3,input.LJQO5,0.00000
input.sielrun4,input.LJQO5,0.00000
input.SienaCL1B,input.LJQO5,0.54593
input.SienaCL31,input.LJQO5,0.24197
input.SienaCL342,input.LJQO5,0.25752
input.SienaCLbase,input.LJQO5,0.21295
input.simfoll,input.LJQO5,0.49682
input.simfollTP01,input.LJQO5,0.54590
input.sylesNoRes,input.LJQO5,0.34556
input.tfTP01,input.LJQO5,0.45031
input.udelIndri,input.LJQO5,0.54586
input.udelLucene,input.LJQO5,0.00000
input.UDMicroComb1,input.LJQO5,0.00413
input.UDMicroComb2,input.LJQO5,0.08256
input.UDMicroIDF,input.LJQO5,0.42801
input.UDMicroIDFD,input.LJQO5,0.02132
input.uicir1,input.LJQO5,0.00197
input.uicir2,input.LJQO5,0.00045
input.UIowaS1,input.LJQO5,0.16266
input.UIowaS2,input.LJQO5,0.16261
input.UIowaS3,input.LJQO5,0.18656
input.UIowaS4,input.LJQO5,0.05918
input.uiucsf,input.LJQO5,0.00000
input.uogTrLqea,input.LJQO5,0.00003
input.uogTrLqeabd,input.LJQO5,0.00001
input.uogTrLqeabdd,input.LJQO5,0.00000
input.uogTrUB2,input.LJQO5,0.00000
input.UTBase,input.LJQO5,0.00001
input.UTBaseRTF,input.LJQO5,0.00000
input.UTWngFuture,input.LJQO5,0.00000
input.UTWngFutureQ,input.LJQO5,0.00000
input.waterlooa1,input.LJQO5,0.27381
input.waterlooa2,input.LJQO5,0.67809
input.waterlooa3,input.LJQO5,0.02860
input.waterlooa4,input.LJQO5,0.24208
input.WESTfilext,input.LJQO5,0.00052
input.WESTfilter,input.LJQO5,0.00173
input.WESTrelint,input.LJQO5,0.00000
input.WESTrlext,input.LJQO5,0.00000
input.Wise2ndRun,input.LJQO5,0.36509
input.WiseFifthRun,input.LJQO5,0.82077
input.WiseFouthRun,input.LJQO5,0.15151
input.WiseThirdRun,input.LJQO5,0.36509
input.ya3,input.LJQO5,0.00010
input.ya4,input.LJQO5,0.00523
input.YNDXTPC1,input.LJQO5,0.00009
input.YNDXTPC2,input.LJQO5,0.00029
input.LMOP5,input.LMOP10,0.38542
input.LThresh,input.LMOP10,0.76277
input.manualWISTUD,input.LMOP10,0.00000
input.melblt,input.LMOP10,0.05917
input.MONASH1NEW,input.LMOP10,0.00922
input.MONASH2NEW,input.LMOP10,0.00253
input.MorpheusRun1,input.LMOP10,0.00005
input.mulnewWISTUD,input.LMOP10,0.21297
input.myRun,input.LMOP10,0.00737
input.myrun2,input.LMOP10,0.00005
input.myrun3,input.LMOP10,0.00012
input.Nestor,input.LMOP10,0.59734
input.NestorS,input.LMOP10,0.49700
input.normal,input.LMOP10,0.09681
input.nQCRIwoTag,input.LMOP10,0.05426
input.nQCRIwTag,input.LMOP10,0.02860
input.omarRun,input.LMOP10,0.27371
input.PKUICST,input.LMOP10,0.00003
input.PKUICST2,input.LMOP10,0.00059
input.PKUICST3,input.LMOP10,0.00001
input.PKUICST4,input.LMOP10,0.00001
input.PL2Bo1SDExt,input.LMOP10,0.00000
input.PL2NoQENoDM,input.LMOP10,0.42794
input.PL2NoQeSd,input.LMOP10,0.65055
input.PL2NoQeSdExt,input.LMOP10,0.00000
input.PRISrun1,input.LMOP10,0.00000
input.PRISrun2,input.LMOP10,0.00000
input.PRISrun3,input.LMOP10,0.00000
input.PRISrun4,input.LMOP10,0.09679
input.QCRIwoTagOrg,input.LMOP10,0.05426
input.QCRIwTagOrg,input.LMOP10,0.02860
input.qHtagBaseRun,input.LMOP10,0.62360
input.qRefLThresh,input.LMOP10,0.22715
input.refBalRun,input.LMOP10,0.65063
input.refRelRun,input.LMOP10,0.18659
input.relevanceRun,input.LMOP10,0.00197
input.RFD,input.LMOP10,0.79180
input.ri,input.LMOP10,0.00000
input.rit,input.LMOP10,0.03145
input.rit3,input.LMOP10,0.62368
input.RMITAR,input.LMOP10,0.34533
input.RMITM,input.LMOP10,0.85039
input.RMITMR,input.LMOP10,0.09677
input.RMITMRR,input.LMOP10,0.19947
input.Rocchio,input.LMOP10,0.67801
input.RTB,input.LMOP10,0.00000
input.run1,input.LMOP10,0.00253
input.run1a,input.LMOP10,0.00134
input.run1fix,input.LMOP10,0.00014
input.run2,input.LMOP10,0.00001
input.run2a,input.LMOP10,0.01929
input.run3,input.LMOP10,0.42811
input.run3a,input.LMOP10,0.24211
input.run4,input.LMOP10,0.82095
input.run4a,input.LMOP10,0.19951
input.RunAll,input.LMOP10,0.54601
input.RunFut,input.LMOP10,0.82090
input.runNeMIS,input.LMOP10,0.00253
input.runNeMISext,input.LMOP10,0.02860
input.RunPure,input.LMOP10,0.47336
input.scurtuRun1,input.LMOP10,0.11297
input.sielrun1,input.LMOP10,0.00010
input.sielrun2,input.LMOP10,0.00587
input.sielrun3,input.LMOP10,0.00324
input.sielrun4,input.LMOP10,0.00465
input.SienaCL1B,input.LMOP10,0.05915
input.SienaCL31,input.LMOP10,0.18654
input.SienaCL342,input.LMOP10,0.17424
input.SienaCLbase,input.LMOP10,0.21295
input.simfoll,input.LMOP10,0.07007
input.simfollTP01,input.LMOP10,0.05915
input.sylesNoRes,input.LMOP10,0.00059
input.tfTP01,input.LMOP10,0.08255
input.udelIndri,input.LMOP10,0.05916
input.udelLucene,input.LMOP10,0.00000
input.UDMicroComb1,input.LMOP10,0.70599
input.UDMicroComb2,input.LMOP10,0.45028
input.UDMicroIDF,input.LMOP10,0.08944
input.UDMicroIDFD,input.LMOP10,0.85030
input.uicir1,input.LMOP10,0.54586
input.uicir2,input.LMOP10,0.30818
input.UIowaS1,input.LMOP10,0.27361
input.UIowaS2,input.LMOP10,0.27368
input.UIowaS3,input.LMOP10,0.24195
input.UIowaS4,input.LMOP10,0.54578
input.uiucsf,input.LMOP10,0.00000
input.uogTrLqea,input.LMOP10,0.09684
input.uogTrLqeabd,input.LMOP10,0.04549
input.uogTrLqeabdd,input.LMOP10,0.02598
input.uogTrUB2,input.LMOP10,0.01742
input.UTBase,input.LMOP10,0.05917
input.UTBaseRTF,input.LMOP10,0.00000
input.UTWngFuture,input.LMOP10,0.00000
input.UTWngFutureQ,input.LMOP10,0.00010
input.waterlooa1,input.LMOP10,0.00034
input.waterlooa2,input.LMOP10,0.00366
input.waterlooa3,input.LMOP10,0.00000
input.waterlooa4,input.LMOP10,0.00025
input.WESTfilext,input.LMOP10,0.32648
input.WESTfilter,input.LMOP10,0.52127
input.WESTrelint,input.LMOP10,0.00004
input.WESTrlext,input.LMOP10,0.00004
input.Wise2ndRun,input.LMOP10,0.00068
input.WiseFifthRun,input.LMOP10,0.02355
input.WiseFouthRun,input.LMOP10,0.29063
input.WiseThirdRun,input.LMOP10,0.00068
input.ya3,input.LMOP10,0.16257
input.ya4,input.LMOP10,0.76277
input.YNDXTPC1,input.LMOP10,0.15156
input.YNDXTPC2,input.LMOP10,0.25752
input.LThresh,input.LMOP5,0.57132
input.manualWISTUD,input.LMOP5,0.00000
input.melblt,input.LMOP5,0.00587
input.MONASH1NEW,input.LMOP5,0.08258
input.MONASH2NEW,input.LMOP5,0.03146
input.MorpheusRun1,input.LMOP5,0.00152
input.mulnewWISTUD,input.LMOP5,0.03457
input.myRun,input.LMOP5,0.00039
input.myrun2,input.LMOP5,0.00000
input.myrun3,input.LMOP5,0.00000
input.Nestor,input.LMOP5,0.73407
input.NestorS,input.LMOP5,0.85030
input.normal,input.LMOP5,0.01146
input.nQCRIwoTag,input.LMOP5,0.00523
input.nQCRIwTag,input.LMOP5,0.00224
input.omarRun,input.LMOP5,0.04970
input.PKUICST,input.LMOP5,0.00000
input.PKUICST2,input.LMOP5,0.00002
input.PKUICST3,input.LMOP5,0.00000
input.PKUICST4,input.LMOP5,0.00000
input.PL2Bo1SDExt,input.LMOP5,0.00000
input.PL2NoQENoDM,input.LMOP5,0.09678
input.PL2NoQeSd,input.LMOP5,0.18652
input.PL2NoQeSdExt,input.LMOP5,0.00000
input.PRISrun1,input.LMOP5,0.00000
input.PRISrun2,input.LMOP5,0.00000
input.PRISrun3,input.LMOP5,0.00000
input.PRISrun4,input.LMOP5,0.01145
input.QCRIwoTagOrg,input.LMOP5,0.00523
input.QCRIwTagOrg,input.LMOP5,0.00224
input.qHtagBaseRun,input.LMOP5,0.70603
input.qRefLThresh,input.LMOP5,0.73403
input.refBalRun,input.LMOP5,0.18656
input.refRelRun,input.LMOP5,0.02862
input.relevanceRun,input.LMOP5,0.00007
input.RFD,input.LMOP5,0.54586
input.ri,input.LMOP5,0.00000
input.rit,input.LMOP5,0.00253
input.rit3,input.LMOP5,0.17428
input.RMITAR,input.LMOP5,0.93962
input.RMITM,input.LMOP5,0.29070
input.RMITMR,input.LMOP5,0.42791
input.RMITMRR,input.LMOP5,0.03147
input.Rocchio,input.LMOP5,0.65071
input.RTB,input.LMOP5,0.00000
input.run1,input.LMOP5,0.00010
input.run1a,input.LMOP5,0.01929
input.run1fix,input.LMOP5,0.00000
input.run2,input.LMOP5,0.00000
input.run2a,input.LMOP5,0.14104
input.run3,input.LMOP5,0.09684
input.run3a,input.LMOP5,0.76281
input.run4,input.LMOP5,0.52112
input.run4a,input.LMOP5,0.67813
input.RunAll,input.LMOP5,0.14110
input.RunFut,input.LMOP5,0.27381
input.runNeMIS,input.LMOP5,0.03146
input.runNeMISext,input.LMOP5,0.18650
input.RunPure,input.LMOP5,0.11297
input.scurtuRun1,input.LMOP5,0.47336
input.sielrun1,input.LMOP5,0.00253
input.sielrun2,input.LMOP5,0.05917
input.sielrun3,input.LMOP5,0.03792
input.sielrun4,input.LMOP5,0.04972
input.SienaCL1B,input.LMOP5,0.00587
input.SienaCL31,input.LMOP5,0.02861
input.SienaCL342,input.LMOP5,0.02597
input.SienaCLbase,input.LMOP5,0.03456
input.simfoll,input.LMOP5,0.00737
input.simfollTP01,input.LMOP5,0.00587
input.sylesNoRes,input.LMOP5,0.00002
input.tfTP01,input.LMOP5,0.00921
input.udelIndri,input.LMOP5,0.00587
input.udelLucene,input.LMOP5,0.00016
input.UDMicroComb1,input.LMOP5,0.62364
input.UDMicroComb2,input.LMOP5,0.10461
input.UDMicroIDF,input.LMOP5,0.01028
input.UDMicroIDFD,input.LMOP5,0.29065
input.uicir1,input.LMOP5,0.79180
input.uicir2,input.LMOP5,0.87990
input.UIowaS1,input.LMOP5,0.04968
input.UIowaS2,input.LMOP5,0.04970
input.UIowaS3,input.LMOP5,0.04154
input.UIowaS4,input.LMOP5,0.14101
input.uiucsf,input.LMOP5,0.00000
input.uogTrLqea,input.LMOP5,0.42811
input.uogTrLqeabd,input.LMOP5,0.25757
input.uogTrLqeabdd,input.LMOP5,0.17429
input.uogTrUB2,input.LMOP5,0.13112
input.UTBase,input.LMOP5,0.30821
input.UTBaseRTF,input.LMOP5,0.00000
input.UTWngFuture,input.LMOP5,0.00000
input.UTWngFutureQ,input.LMOP5,0.00253
input.waterlooa1,input.LMOP5,0.00001
input.waterlooa2,input.LMOP5,0.00016
input.waterlooa3,input.LMOP5,0.00000
input.waterlooa4,input.LMOP5,0.00001
input.WESTfilext,input.LMOP5,0.90981
input.WESTfilter,input.LMOP5,0.82077
input.WESTrelint,input.LMOP5,0.00117
input.WESTrlext,input.LMOP5,0.00117
input.Wise2ndRun,input.LMOP5,0.00002
input.WiseFifthRun,input.LMOP5,0.00173
input.WiseFouthRun,input.LMOP5,0.05427
input.WiseThirdRun,input.LMOP5,0.00002
input.ya3,input.LMOP5,0.59714
input.ya4,input.LMOP5,0.57132
input.YNDXTPC1,input.LMOP5,0.57132
input.YNDXTPC2,input.LMOP5,0.79154
input.manualWISTUD,input.LThresh,0.00000
input.melblt,input.LThresh,0.02861
input.MONASH1NEW,input.LThresh,0.02133
input.MONASH2NEW,input.LThresh,0.00658
input.MorpheusRun1,input.LThresh,0.00019
input.mulnewWISTUD,input.LThresh,0.12180
input.myRun,input.LThresh,0.00287
input.myrun2,input.LThresh,0.00001
input.myrun3,input.LThresh,0.00003
input.Nestor,input.LThresh,0.82090
input.NestorS,input.LThresh,0.70590
input.normal,input.LThresh,0.04972
input.nQCRIwoTag,input.LThresh,0.02597
input.nQCRIwTag,input.LThresh,0.01275
input.omarRun,input.LThresh,0.16259
input.PKUICST,input.LThresh,0.00001
input.PKUICST2,input.LThresh,0.00019
input.PKUICST3,input.LThresh,0.00000
input.PKUICST4,input.LThresh,0.00000
input.PL2Bo1SDExt,input.LThresh,0.00000
input.PL2NoQENoDM,input.LThresh,0.27371
input.PL2NoQeSd,input.LThresh,0.45034
input.PL2NoQeSdExt,input.LThresh,0.00000
input.PRISrun1,input.LThresh,0.00000
input.PRISrun2,input.LThresh,0.00000
input.PRISrun3,input.LThresh,0.00000
input.PRISrun4,input.LThresh,0.04971
input.QCRIwoTagOrg,input.LThresh,0.02597
input.QCRIwTagOrg,input.LThresh,0.01275
input.qHtagBaseRun,input.LThresh,0.85016
input.qRefLThresh,input.LThresh,0.36500
input.refBalRun,input.LThresh,0.45041
input.refRelRun,input.LThresh,0.10468
input.relevanceRun,input.LThresh,0.00068
input.RFD,input.LThresh,0.96979
input.ri,input.LThresh,0.00000
input.rit,input.LThresh,0.01416
input.rit3,input.LThresh,0.42808
input.RMITAR,input.LThresh,0.52097
input.RMITM,input.LThresh,0.62380
input.RMITMR,input.LThresh,0.17419
input.RMITMRR,input.LThresh,0.11298
input.Rocchio,input.LThresh,0.90977
input.RTB,input.LThresh,0.00000
input.run1,input.LThresh,0.00090
input.run1a,input.LThresh,0.00366
input.run1fix,input.LThresh,0.00004
input.run2,input.LThresh,0.00000
input.run2a,input.LThresh,0.04155
input.run3,input.LThresh,0.27383
input.run3a,input.LThresh,0.38545
input.run4,input.LThresh,0.93980
input.run4a,input.LThresh,0.32654
input.RunAll,input.LThresh,0.36515
input.RunFut,input.LThresh,0.59734
input.runNeMIS,input.LThresh,0.00658
input.runNeMISext,input.LThresh,0.05915
input.RunPure,input.LThresh,0.30826
input.scurtuRun1,input.LThresh,0.19945
input.sielrun1,input.LThresh,0.00034
input.sielrun2,input.LThresh,0.01417
input.sielrun3,input.LThresh,0.00825
input.sielrun4,input.LThresh,0.01146
input.SienaCL1B,input.LThresh,0.02860
input.SienaCL31,input.LThresh,0.10465
input.SienaCL342,input.LThresh,0.09680
input.SienaCLbase,input.LThresh,0.12178
input.simfoll,input.LThresh,0.03457
input.simfollTP01,input.LThresh,0.02860
input.sylesNoRes,input.LThresh,0.00019
input.tfTP01,input.LThresh,0.04156
input.udelIndri,input.LThresh,0.02861
input.udelLucene,input.LThresh,0.00001
input.UDMicroComb1,input.LThresh,0.93989
input.UDMicroComb2,input.LThresh,0.29060
input.UDMicroIDF,input.LThresh,0.04548
input.UDMicroIDFD,input.LThresh,0.62372
input.uicir1,input.LThresh,0.76255
input.uicir2,input.LThresh,0.47325
input.UIowaS1,input.LThresh,0.16252
input.UIowaS2,input.LThresh,0.16257
input.UIowaS3,input.LThresh,0.14103
input.UIowaS4,input.LThresh,0.36497
input.uiucsf,input.LThresh,0.00000
input.uogTrLqea,input.LThresh,0.17429
input.uogTrLqeabd,input.LThresh,0.08946
input.uogTrLqeabdd,input.LThresh,0.05427
input.uogTrUB2,input.LThresh,0.03791
input.UTBase,input.LThresh,0.11295
input.UTBaseRTF,input.LThresh,0.00000
input.UTWngFuture,input.LThresh,0.00000
input.UTWngFutureQ,input.LThresh,0.00034
input.waterlooa1,input.LThresh,0.00010
input.waterlooa2,input.LThresh,0.00134
input.waterlooa3,input.LThresh,0.00000
input.waterlooa4,input.LThresh,0.00007
input.WESTfilext,input.LThresh,0.49690
input.WESTfilter,input.LThresh,0.73420
input.WESTrelint,input.LThresh,0.00014
input.WESTrlext,input.LThresh,0.00014
input.Wise2ndRun,input.LThresh,0.00022
input.WiseFifthRun,input.LThresh,0.01028
input.WiseFouthRun,input.LThresh,0.17428
input.WiseThirdRun,input.LThresh,0.00022
input.ya3,input.LThresh,0.27368
input.ya4,input.LThresh,1.00000
input.YNDXTPC1,input.LThresh,0.25755
input.YNDXTPC2,input.LThresh,0.40630
input.melblt,input.manualWISTUD,0.00090
input.MONASH1NEW,input.manualWISTUD,0.00000
input.MONASH2NEW,input.manualWISTUD,0.00000
input.MorpheusRun1,input.manualWISTUD,0.00000
input.mulnewWISTUD,input.manualWISTUD,0.00007
input.myRun,input.manualWISTUD,0.01146
input.myrun2,input.manualWISTUD,0.25776
input.myrun3,input.manualWISTUD,0.17435
input.Nestor,input.manualWISTUD,0.00000
input.NestorS,input.manualWISTUD,0.00000
input.normal,input.manualWISTUD,0.00039
input.nQCRIwoTag,input.manualWISTUD,0.00103
input.nQCRIwTag,input.manualWISTUD,0.00254
input.omarRun,input.manualWISTUD,0.00004
input.PKUICST,input.manualWISTUD,0.29073
input.PKUICST2,input.manualWISTUD,0.07611
input.PKUICST3,input.manualWISTUD,0.42811
input.PKUICST4,input.manualWISTUD,0.49700
input.PL2Bo1SDExt,input.manualWISTUD,0.00000
input.PL2NoQENoDM,input.manualWISTUD,0.00001
input.PL2NoQeSd,input.manualWISTUD,0.00000
input.PL2NoQeSdExt,input.manualWISTUD,0.00000
input.PRISrun1,input.manualWISTUD,0.12174
input.PRISrun2,input.manualWISTUD,0.00090
input.PRISrun3,input.manualWISTUD,0.42794
input.PRISrun4,input.manualWISTUD,0.00039
input.QCRIwoTagOrg,input.manualWISTUD,0.00103
input.QCRIwTagOrg,input.manualWISTUD,0.00254
input.qHtagBaseRun,input.manualWISTUD,0.00000
input.qRefLThresh,input.manualWISTUD,0.00000
input.refBalRun,input.manualWISTUD,0.00000
input.refRelRun,input.manualWISTUD,0.00010
input.relevanceRun,input.manualWISTUD,0.03457
input.RFD,input.manualWISTUD,0.00000
input.ri,input.manualWISTUD,0.73394
input.rit,input.manualWISTUD,0.00224
input.rit3,input.manualWISTUD,0.00000
input.RMITAR,input.manualWISTUD,0.00000
input.RMITM,input.manualWISTUD,0.00000
input.RMITMR,input.manualWISTUD,0.00000
input.RMITMRR,input.manualWISTUD,0.00009
input.Rocchio,input.manualWISTUD,0.00000
input.RTB,input.manualWISTUD,0.00000
input.run1,input.manualWISTUD,0.02861
input.run1a,input.manualWISTUD,0.00000
input.run1fix,input.manualWISTUD,0.16259
input.run2,input.manualWISTUD,0.40653
input.run2a,input.manualWISTUD,0.00000
input.run3,input.manualWISTUD,0.00001
input.run3a,input.manualWISTUD,0.00000
input.run4,input.manualWISTUD,0.00000
input.run4a,input.manualWISTUD,0.00000
input.RunAll,input.manualWISTUD,0.00000
input.RunFut,input.manualWISTUD,0.00000
input.runNeMIS,input.manualWISTUD,0.00000
input.runNeMISext,input.manualWISTUD,0.00000
input.RunPure,input.manualWISTUD,0.00001
input.scurtuRun1,input.manualWISTUD,0.00000
input.sielrun1,input.manualWISTUD,0.00000
input.sielrun2,input.manualWISTUD,0.00000
input.sielrun3,input.manualWISTUD,0.00000
input.sielrun4,input.manualWISTUD,0.00000
input.SienaCL1B,input.manualWISTUD,0.00090
input.SienaCL31,input.manualWISTUD,0.00010
input.SienaCL342,input.manualWISTUD,0.00012
input.SienaCLbase,input.manualWISTUD,0.00007
input.simfoll,input.manualWISTUD,0.00068
input.simfollTP01,input.manualWISTUD,0.00090
input.sylesNoRes,input.manualWISTUD,0.07610
input.tfTP01,input.manualWISTUD,0.00052
input.udelIndri,input.manualWISTUD,0.00090
input.udelLucene,input.manualWISTUD,0.00000
input.UDMicroComb1,input.manualWISTUD,0.00000
input.UDMicroComb2,input.manualWISTUD,0.00001
input.UDMicroIDF,input.manualWISTUD,0.00045
input.UDMicroIDFD,input.manualWISTUD,0.00000
input.uicir1,input.manualWISTUD,0.00000
input.uicir2,input.manualWISTUD,0.00000
input.UIowaS1,input.manualWISTUD,0.00004
input.UIowaS2,input.manualWISTUD,0.00004
input.UIowaS3,input.manualWISTUD,0.00005
input.UIowaS4,input.manualWISTUD,0.00000
input.uiucsf,input.manualWISTUD,0.00000
input.uogTrLqea,input.manualWISTUD,0.00000
input.uogTrLqeabd,input.manualWISTUD,0.00000
input.uogTrLqeabdd,input.manualWISTUD,0.00000
input.uogTrUB2,input.manualWISTUD,0.00000
input.UTBase,input.manualWISTUD,0.00000
input.UTBaseRTF,input.manualWISTUD,0.00000
input.UTWngFuture,input.manualWISTUD,0.00000
input.UTWngFutureQ,input.manualWISTUD,0.00000
input.waterlooa1,input.manualWISTUD,0.10466
input.waterlooa2,input.manualWISTUD,0.02134
input.waterlooa3,input.manualWISTUD,0.59742
input.waterlooa4,input.manualWISTUD,0.12181
input.WESTfilext,input.manualWISTUD,0.00000
input.WESTfilter,input.manualWISTUD,0.00000
input.WESTrelint,input.manualWISTUD,0.00000
input.WESTrlext,input.manualWISTUD,0.00000
input.Wise2ndRun,input.manualWISTUD,0.07009
input.WiseFifthRun,input.manualWISTUD,0.00324
input.WiseFouthRun,input.manualWISTUD,0.00003
input.WiseThirdRun,input.manualWISTUD,0.07009
input.ya3,input.manualWISTUD,0.00000
input.ya4,input.manualWISTUD,0.00000
input.YNDXTPC1,input.manualWISTUD,0.00000
input.YNDXTPC2,input.manualWISTUD,0.00000
input.MONASH1NEW,input.melblt,0.00001
input.MONASH2NEW,input.melblt,0.00000
input.MorpheusRun1,input.melblt,0.00000
input.mulnewWISTUD,input.melblt,0.52119
input.myRun,input.melblt,0.42794
input.myrun2,input.melblt,0.02857
input.myrun3,input.melblt,0.04968
input.Nestor,input.melblt,0.01573
input.NestorS,input.melblt,0.01028
input.normal,input.melblt,0.82086
input.nQCRIwoTag,input.melblt,0.96983
input.nQCRIwTag,input.melblt,0.76264
input.omarRun,input.melblt,0.42814
input.PKUICST,input.melblt,0.02354
input.PKUICST2,input.melblt,0.12178
input.PKUICST3,input.melblt,0.01145
input.PKUICST4,input.melblt,0.00825
input.PL2Bo1SDExt,input.melblt,0.00000
input.PL2NoQENoDM,input.melblt,0.27386
input.PL2NoQeSd,input.melblt,0.15159
input.PL2NoQeSdExt,input.melblt,0.00000
input.PRISrun1,input.melblt,0.00000
input.PRISrun2,input.melblt,0.00000
input.PRISrun3,input.melblt,0.00004
input.PRISrun4,input.melblt,0.82095
input.QCRIwoTagOrg,input.melblt,0.96983
input.QCRIwTagOrg,input.melblt,0.76264
input.qHtagBaseRun,input.melblt,0.01742
input.qRefLThresh,input.melblt,0.00197
input.refBalRun,input.melblt,0.15156
input.refRelRun,input.melblt,0.57125
input.relevanceRun,input.melblt,0.22717
input.RFD,input.melblt,0.03148
input.ri,input.melblt,0.00025
input.rit,input.melblt,0.79145
input.rit3,input.melblt,0.16263
input.RMITAR,input.melblt,0.00465
input.RMITM,input.melblt,0.08945
input.RMITMR,input.melblt,0.00039
input.RMITMRR,input.melblt,0.54593
input.Rocchio,input.melblt,0.02133
input.RTB,input.melblt,0.00000
input.run1,input.melblt,0.25755
input.run1a,input.melblt,0.00000
input.run1fix,input.melblt,0.05427
input.run2,input.melblt,0.01274
input.run2a,input.melblt,0.00002
input.run3,input.melblt,0.27373
input.run3a,input.melblt,0.00224
input.run4,input.melblt,0.03458
input.run4a,input.melblt,0.00152
input.RunAll,input.melblt,0.19943
input.RunFut,input.melblt,0.09680
input.runNeMIS,input.melblt,0.00000
input.runNeMISext,input.melblt,0.00005
input.RunPure,input.melblt,0.24204
input.scurtuRun1,input.melblt,0.00052
input.sielrun1,input.melblt,0.00000
input.sielrun2,input.melblt,0.00000
input.sielrun3,input.melblt,0.00000
input.sielrun4,input.melblt,0.00000
input.SienaCL1B,input.melblt,0.99986
input.SienaCL31,input.melblt,0.57136
input.SienaCL342,input.melblt,0.59734
input.SienaCLbase,input.melblt,0.52123
input.simfoll,input.melblt,0.93985
input.simfollTP01,input.melblt,0.99991
input.sylesNoRes,input.melblt,0.12180
input.tfTP01,input.melblt,0.88008
input.udelIndri,input.melblt,0.99995
input.udelLucene,input.melblt,0.00000
input.UDMicroComb1,input.melblt,0.02356
input.UDMicroComb2,input.melblt,0.25764
input.UDMicroIDF,input.melblt,0.85043
input.UDMicroIDFD,input.melblt,0.08947
input.uicir1,input.melblt,0.01274
input.uicir2,input.melblt,0.00366
input.UIowaS1,input.melblt,0.42827
input.UIowaS2,input.melblt,0.42817
input.UIowaS3,input.melblt,0.47350
input.UIowaS4,input.melblt,0.19955
input.uiucsf,input.melblt,0.00000
input.uogTrLqea,input.melblt,0.00039
input.uogTrLqeabd,input.melblt,0.00010
input.uogTrLqeabdd,input.melblt,0.00004
input.uogTrUB2,input.melblt,0.00002
input.UTBase,input.melblt,0.00016
input.UTBaseRTF,input.melblt,0.00000
input.UTWngFuture,input.melblt,0.00000
input.UTWngFutureQ,input.melblt,0.00000
input.waterlooa1,input.melblt,0.08944
input.waterlooa2,input.melblt,0.30816
input.waterlooa3,input.melblt,0.00522
input.waterlooa4,input.melblt,0.07609
input.WESTfilext,input.melblt,0.00413
input.WESTfilter,input.melblt,0.01146
input.WESTrelint,input.melblt,0.00000
input.WESTrlext,input.melblt,0.00000
input.Wise2ndRun,input.melblt,0.13111
input.WiseFifthRun,input.melblt,0.70582
input.WiseFouthRun,input.melblt,0.40643
input.WiseThirdRun,input.melblt,0.13111
input.ya3,input.melblt,0.00103
input.ya4,input.melblt,0.02861
input.YNDXTPC1,input.melblt,0.00090
input.YNDXTPC2,input.melblt,0.00253
input.MONASH2NEW,input.MONASH1NEW,0.67793
input.MorpheusRun1,input.MONASH1NEW,0.15149
input.mulnewWISTUD,input.MONASH1NEW,0.00012
input.myRun,input.MONASH1NEW,0.00000
input.myrun2,input.MONASH1NEW,0.00000
input.myrun3,input.MONASH1NEW,0.00000
input.Nestor,input.MONASH1NEW,0.03793
input.NestorS,input.MONASH1NEW,0.05427
input.normal,input.MONASH1NEW,0.00002
input.nQCRIwoTag,input.MONASH1NEW,0.00001
input.nQCRIwTag,input.MONASH1NEW,0.00000
input.omarRun,input.MONASH1NEW,0.00022
input.PKUICST,input.MONASH1NEW,0.00000
input.PKUICST2,input.MONASH1NEW,0.00000
input.PKUICST3,input.MONASH1NEW,0.00000
input.PKUICST4,input.MONASH1NEW,0.00000
input.PL2Bo1SDExt,input.MONASH1NEW,0.00102
input.PL2NoQENoDM,input.MONASH1NEW,0.00068
input.PL2NoQeSd,input.MONASH1NEW,0.00224
input.PL2NoQeSdExt,input.MONASH1NEW,0.00090
input.PRISrun1,input.MONASH1NEW,0.00000
input.PRISrun2,input.MONASH1NEW,0.00000
input.PRISrun3,input.MONASH1NEW,0.00000
input.PRISrun4,input.MONASH1NEW,0.00002
input.QCRIwoTagOrg,input.MONASH1NEW,0.00001
input.QCRIwTagOrg,input.MONASH1NEW,0.00000
input.qHtagBaseRun,input.MONASH1NEW,0.03459
input.qRefLThresh,input.MONASH1NEW,0.16268
input.refBalRun,input.MONASH1NEW,0.00224
input.refRelRun,input.MONASH1NEW,0.00009
input.relevanceRun,input.MONASH1NEW,0.00000
input.RFD,input.MONASH1NEW,0.01929
input.ri,input.MONASH1NEW,0.00000
input.rit,input.MONASH1NEW,0.00000
input.rit3,input.MONASH1NEW,0.00197
input.RMITAR,input.MONASH1NEW,0.09688
input.RMITM,input.MONASH1NEW,0.00523
input.RMITMR,input.MONASH1NEW,0.34561
input.RMITMRR,input.MONASH1NEW,0.00010
input.Rocchio,input.MONASH1NEW,0.02862
input.RTB,input.MONASH1NEW,0.00000
input.run1,input.MONASH1NEW,0.00000
input.run1a,input.MONASH1NEW,0.54582
input.run1fix,input.MONASH1NEW,0.00000
input.run2,input.MONASH1NEW,0.00000
input.run2a,input.MONASH1NEW,0.79180
input.run3,input.MONASH1NEW,0.00068
input.run3a,input.MONASH1NEW,0.15154
input.run4,input.MONASH1NEW,0.01743
input.run4a,input.MONASH1NEW,0.18654
input.RunAll,input.MONASH1NEW,0.00134
input.RunFut,input.MONASH1NEW,0.00465
input.runNeMIS,input.MONASH1NEW,0.67789
input.runNeMISext,input.MONASH1NEW,0.67822
input.RunPure,input.MONASH1NEW,0.00090
input.scurtuRun1,input.MONASH1NEW,0.30826
input.sielrun1,input.MONASH1NEW,0.19935
input.sielrun2,input.MONASH1NEW,0.87995
input.sielrun3,input.MONASH1NEW,0.73403
input.sielrun4,input.MONASH1NEW,0.82086
input.SienaCL1B,input.MONASH1NEW,0.00001
input.SienaCL31,input.MONASH1NEW,0.00009
input.SienaCL342,input.MONASH1NEW,0.00007
input.SienaCLbase,input.MONASH1NEW,0.00012
input.simfoll,input.MONASH1NEW,0.00001
input.simfollTP01,input.MONASH1NEW,0.00001
input.sylesNoRes,input.MONASH1NEW,0.00000
input.tfTP01,input.MONASH1NEW,0.00001
input.udelIndri,input.MONASH1NEW,0.00001
input.udelLucene,input.MONASH1NEW,0.04153
input.UDMicroComb1,input.MONASH1NEW,0.02597
input.UDMicroComb2,input.MONASH1NEW,0.00078
input.UDMicroIDF,input.MONASH1NEW,0.00002
input.UDMicroIDFD,input.MONASH1NEW,0.00523
input.uicir1,input.MONASH1NEW,0.04551
input.uicir2,input.MONASH1NEW,0.11301
input.UIowaS1,input.MONASH1NEW,0.00022
input.UIowaS2,input.MONASH1NEW,0.00022
input.UIowaS3,input.MONASH1NEW,0.00016
input.UIowaS4,input.MONASH1NEW,0.00134
input.uiucsf,input.MONASH1NEW,0.00000
input.uogTrLqea,input.MONASH1NEW,0.34544
input.uogTrLqeabd,input.MONASH1NEW,0.54601
input.uogTrLqeabdd,input.MONASH1NEW,0.70590
input.uogTrUB2,input.MONASH1NEW,0.82103
input.UTBase,input.MONASH1NEW,0.47343
input.UTBaseRTF,input.MONASH1NEW,0.00019
input.UTWngFuture,input.MONASH1NEW,0.00068
input.UTWngFutureQ,input.MONASH1NEW,0.19935
input.waterlooa1,input.MONASH1NEW,0.00000
input.waterlooa2,input.MONASH1NEW,0.00000
input.waterlooa3,input.MONASH1NEW,0.00000
input.waterlooa4,input.MONASH1NEW,0.00000
input.WESTfilext,input.MONASH1NEW,0.10467
input.WESTfilter,input.MONASH1NEW,0.04971
input.WESTrelint,input.MONASH1NEW,0.13114
input.WESTrlext,input.MONASH1NEW,0.13114
input.Wise2ndRun,input.MONASH1NEW,0.00000
input.WiseFifthRun,input.MONASH1NEW,0.00000
input.WiseFouthRun,input.MONASH1NEW,0.00025
input.WiseThirdRun,input.MONASH1NEW,0.00000
input.ya3,input.MONASH1NEW,0.22728
input.ya4,input.MONASH1NEW,0.02133
input.YNDXTPC1,input.MONASH1NEW,0.24208
input.YNDXTPC2,input.MONASH1NEW,0.14113
input.MorpheusRun1,input.MONASH2NEW,0.30821
input.mulnewWISTUD,input.MONASH2NEW,0.00002
input.myRun,input.MONASH2NEW,0.00000
input.myrun2,input.MONASH2NEW,0.00000
input.myrun3,input.MONASH2NEW,0.00000
input.Nestor,input.MONASH2NEW,0.01274
input.NestorS,input.MONASH2NEW,0.01929
input.normal,input.MONASH2NEW,0.00000
input.nQCRIwoTag,input.MONASH2NEW,0.00000
input.nQCRIwTag,input.MONASH2NEW,0.00000
input.omarRun,input.MONASH2NEW,0.00004
input.PKUICST,input.MONASH2NEW,0.00000
input.PKUICST2,input.MONASH2NEW,0.00000
input.PKUICST3,input.MONASH2NEW,0.00000
input.PKUICST4,input.MONASH2NEW,0.00000
input.PL2Bo1SDExt,input.MONASH2NEW,0.00413
input.PL2NoQENoDM,input.MONASH2NEW,0.00014
input.PL2NoQeSd,input.MONASH2NEW,0.00052
input.PL2NoQeSdExt,input.MONASH2NEW,0.00366
input.PRISrun1,input.MONASH2NEW,0.00000
input.PRISrun2,input.MONASH2NEW,0.00000
input.PRISrun3,input.MONASH2NEW,0.00000
input.PRISrun4,input.MONASH2NEW,0.00000
input.QCRIwoTagOrg,input.MONASH2NEW,0.00000
input.QCRIwTagOrg,input.MONASH2NEW,0.00000
input.qHtagBaseRun,input.MONASH2NEW,0.01146
input.qRefLThresh,input.MONASH2NEW,0.07008
input.refBalRun,input.MONASH2NEW,0.00052
input.refRelRun,input.MONASH2NEW,0.00001
input.relevanceRun,input.MONASH2NEW,0.00000
input.RFD,input.MONASH2NEW,0.00587
input.ri,input.MONASH2NEW,0.00000
input.rit,input.MONASH2NEW,0.00000
input.rit3,input.MONASH2NEW,0.00045
input.RMITAR,input.MONASH2NEW,0.03794
input.RMITM,input.MONASH2NEW,0.00134
input.RMITMR,input.MONASH2NEW,0.17433
input.RMITMRR,input.MONASH2NEW,0.00002
input.Rocchio,input.MONASH2NEW,0.00922
input.RTB,input.MONASH2NEW,0.00002
input.run1,input.MONASH2NEW,0.00000
input.run1a,input.MONASH2NEW,0.85030
input.run1fix,input.MONASH2NEW,0.00000
input.run2,input.MONASH2NEW,0.00000
input.run2a,input.MONASH2NEW,0.49697
input.run3,input.MONASH2NEW,0.00014
input.run3a,input.MONASH2NEW,0.06440
input.run4,input.MONASH2NEW,0.00523
input.run4a,input.MONASH2NEW,0.08253
input.RunAll,input.MONASH2NEW,0.00029
input.RunFut,input.MONASH2NEW,0.00117
input.runNeMIS,input.MONASH2NEW,0.99995
input.runNeMISext,input.MONASH2NEW,0.40643
input.RunPure,input.MONASH2NEW,0.00019
input.scurtuRun1,input.MONASH2NEW,0.15152
input.sielrun1,input.MONASH2NEW,0.38533
input.sielrun2,input.MONASH2NEW,0.79158
input.sielrun3,input.MONASH2NEW,0.93980
input.sielrun4,input.MONASH2NEW,0.85021
input.SienaCL1B,input.MONASH2NEW,0.00000
input.SienaCL31,input.MONASH2NEW,0.00001
input.SienaCL342,input.MONASH2NEW,0.00001
input.SienaCLbase,input.MONASH2NEW,0.00002
input.simfoll,input.MONASH2NEW,0.00000
input.simfollTP01,input.MONASH2NEW,0.00000
input.sylesNoRes,input.MONASH2NEW,0.00000
input.tfTP01,input.MONASH2NEW,0.00000
input.udelIndri,input.MONASH2NEW,0.00000
input.udelLucene,input.MONASH2NEW,0.10461
input.UDMicroComb1,input.MONASH2NEW,0.00824
input.UDMicroComb2,input.MONASH2NEW,0.00016
input.UDMicroIDF,input.MONASH2NEW,0.00000
input.UDMicroIDFD,input.MONASH2NEW,0.00134
input.uicir1,input.MONASH2NEW,0.01573
input.uicir2,input.MONASH2NEW,0.04549
input.UIowaS1,input.MONASH2NEW,0.00004
input.UIowaS2,input.MONASH2NEW,0.00004
input.UIowaS3,input.MONASH2NEW,0.00003
input.UIowaS4,input.MONASH2NEW,0.00029
input.uiucsf,input.MONASH2NEW,0.00000
input.uogTrLqea,input.MONASH2NEW,0.17422
input.uogTrLqeabd,input.MONASH2NEW,0.30818
input.uogTrLqeabdd,input.MONASH2NEW,0.42798
input.uogTrUB2,input.MONASH2NEW,0.52119
input.UTBase,input.MONASH2NEW,0.25755
input.UTBaseRTF,input.MONASH2NEW,0.00090
input.UTWngFuture,input.MONASH2NEW,0.00287
input.UTWngFutureQ,input.MONASH2NEW,0.38533
input.waterlooa1,input.MONASH2NEW,0.00000
input.waterlooa2,input.MONASH2NEW,0.00000
input.waterlooa3,input.MONASH2NEW,0.00000
input.waterlooa4,input.MONASH2NEW,0.00000
input.WESTfilext,input.MONASH2NEW,0.04156
input.WESTfilter,input.MONASH2NEW,0.01742
input.WESTrelint,input.MONASH2NEW,0.27381
input.WESTrlext,input.MONASH2NEW,0.27381
input.Wise2ndRun,input.MONASH2NEW,0.00000
input.WiseFifthRun,input.MONASH2NEW,0.00000
input.WiseFouthRun,input.MONASH2NEW,0.00005
input.WiseThirdRun,input.MONASH2NEW,0.00000
input.ya3,input.MONASH2NEW,0.10466
input.ya4,input.MONASH2NEW,0.00658
input.YNDXTPC1,input.MONASH2NEW,0.11295
input.YNDXTPC2,input.MONASH2NEW,0.05918
input.mulnewWISTUD,input.MorpheusRun1,0.00000
input.myRun,input.MorpheusRun1,0.00000
input.myrun2,input.MorpheusRun1,0.00000
input.myrun3,input.MorpheusRun1,0.00000
input.Nestor,input.MorpheusRun1,0.00045
input.NestorS,input.MorpheusRun1,0.00078
input.normal,input.MorpheusRun1,0.00000
input.nQCRIwoTag,input.MorpheusRun1,0.00000
input.nQCRIwTag,input.MorpheusRun1,0.00000
input.omarRun,input.MorpheusRun1,0.00000
input.PKUICST,input.MorpheusRun1,0.00000
input.PKUICST2,input.MorpheusRun1,0.00000
input.PKUICST3,input.MorpheusRun1,0.00000
input.PKUICST4,input.MorpheusRun1,0.00000
input.PL2Bo1SDExt,input.MorpheusRun1,0.06442
input.PL2NoQENoDM,input.MorpheusRun1,0.00000
input.PL2NoQeSd,input.MorpheusRun1,0.00001
input.PL2NoQeSdExt,input.MorpheusRun1,0.05915
input.PRISrun1,input.MorpheusRun1,0.00000
input.PRISrun2,input.MorpheusRun1,0.00000
input.PRISrun3,input.MorpheusRun1,0.00000
input.PRISrun4,input.MorpheusRun1,0.00000
input.QCRIwoTagOrg,input.MorpheusRun1,0.00000
input.QCRIwTagOrg,input.MorpheusRun1,0.00000
input.qHtagBaseRun,input.MorpheusRun1,0.00039
input.qRefLThresh,input.MorpheusRun1,0.00465
input.refBalRun,input.MorpheusRun1,0.00001
input.refRelRun,input.MorpheusRun1,0.00000
input.relevanceRun,input.MorpheusRun1,0.00000
input.RFD,input.MorpheusRun1,0.00016
input.ri,input.MorpheusRun1,0.00000
input.rit,input.MorpheusRun1,0.00000
input.rit3,input.MorpheusRun1,0.00001
input.RMITAR,input.MorpheusRun1,0.00197
input.RMITM,input.MorpheusRun1,0.00002
input.RMITMR,input.MorpheusRun1,0.01743
input.RMITMRR,input.MorpheusRun1,0.00000
input.Rocchio,input.MorpheusRun1,0.00029
input.RTB,input.MorpheusRun1,0.00134
input.run1,input.MorpheusRun1,0.00000
input.run1a,input.MorpheusRun1,0.40640
input.run1fix,input.MorpheusRun1,0.00000
input.run2,input.MorpheusRun1,0.00000
input.run2a,input.MorpheusRun1,0.08946
input.run3,input.MorpheusRun1,0.00000
input.run3a,input.MorpheusRun1,0.00413
input.run4,input.MorpheusRun1,0.00014
input.run4a,input.MorpheusRun1,0.00587
input.RunAll,input.MorpheusRun1,0.00000
input.RunFut,input.MorpheusRun1,0.00002
input.runNeMIS,input.MorpheusRun1,0.30824
input.runNeMISext,input.MorpheusRun1,0.06443
input.RunPure,input.MorpheusRun1,0.00000
input.scurtuRun1,input.MorpheusRun1,0.01416
input.sielrun1,input.MorpheusRun1,0.88008
input.sielrun2,input.MorpheusRun1,0.19941
input.sielrun3,input.MorpheusRun1,0.27373
input.sielrun4,input.MorpheusRun1,0.22711
input.SienaCL1B,input.MorpheusRun1,0.00000
input.SienaCL31,input.MorpheusRun1,0.00000
input.SienaCL342,input.MorpheusRun1,0.00000
input.SienaCLbase,input.MorpheusRun1,0.00000
input.simfoll,input.MorpheusRun1,0.00000
input.simfollTP01,input.MorpheusRun1,0.00000
input.sylesNoRes,input.MorpheusRun1,0.00000
input.tfTP01,input.MorpheusRun1,0.00000
input.udelIndri,input.MorpheusRun1,0.00000
input.udelLucene,input.MorpheusRun1,0.54590
input.UDMicroComb1,input.MorpheusRun1,0.00025
input.UDMicroComb2,input.MorpheusRun1,0.00000
input.UDMicroIDF,input.MorpheusRun1,0.00000
input.UDMicroIDFD,input.MorpheusRun1,0.00002
input.uicir1,input.MorpheusRun1,0.00059
input.uicir2,input.MorpheusRun1,0.00254
input.UIowaS1,input.MorpheusRun1,0.00000
input.UIowaS2,input.MorpheusRun1,0.00000
input.UIowaS3,input.MorpheusRun1,0.00000
input.UIowaS4,input.MorpheusRun1,0.00000
input.uiucsf,input.MorpheusRun1,0.00016
input.uogTrLqea,input.MorpheusRun1,0.01742
input.uogTrLqeabd,input.MorpheusRun1,0.04155
input.uogTrLqeabdd,input.MorpheusRun1,0.07004
input.uogTrUB2,input.MorpheusRun1,0.09681
input.UTBase,input.MorpheusRun1,0.03146
input.UTBaseRTF,input.MorpheusRun1,0.02133
input.UTWngFuture,input.MorpheusRun1,0.04970
input.UTWngFutureQ,input.MorpheusRun1,0.88008
input.waterlooa1,input.MorpheusRun1,0.00000
input.waterlooa2,input.MorpheusRun1,0.00000
input.waterlooa3,input.MorpheusRun1,0.00000
input.waterlooa4,input.MorpheusRun1,0.00000
input.WESTfilext,input.MorpheusRun1,0.00224
input.WESTfilter,input.MorpheusRun1,0.00068
input.WESTrelint,input.MorpheusRun1,0.93994
input.WESTrlext,input.MorpheusRun1,0.93994
input.Wise2ndRun,input.MorpheusRun1,0.00000
input.WiseFifthRun,input.MorpheusRun1,0.00000
input.WiseFouthRun,input.MorpheusRun1,0.00000
input.WiseThirdRun,input.MorpheusRun1,0.00000
input.ya3,input.MorpheusRun1,0.00825
input.ya4,input.MorpheusRun1,0.00019
input.YNDXTPC1,input.MorpheusRun1,0.00921
input.YNDXTPC2,input.MorpheusRun1,0.00366
input.myRun,input.mulnewWISTUD,0.15151
input.myrun2,input.mulnewWISTUD,0.00464
input.myrun3,input.mulnewWISTUD,0.00921
input.Nestor,input.mulnewWISTUD,0.07612
input.NestorS,input.mulnewWISTUD,0.05427
input.normal,input.mulnewWISTUD,0.67809
input.nQCRIwoTag,input.mulnewWISTUD,0.49693
input.nQCRIwTag,input.mulnewWISTUD,0.34541
input.omarRun,input.mulnewWISTUD,0.88008
input.PKUICST,input.mulnewWISTUD,0.00366
input.PKUICST2,input.mulnewWISTUD,0.02861
input.PKUICST3,input.mulnewWISTUD,0.00152
input.PKUICST4,input.mulnewWISTUD,0.00103
input.PL2Bo1SDExt,input.mulnewWISTUD,0.00000
input.PL2NoQENoDM,input.mulnewWISTUD,0.65076
input.PL2NoQeSd,input.mulnewWISTUD,0.42811
input.PL2NoQeSdExt,input.mulnewWISTUD,0.00000
input.PRISrun1,input.mulnewWISTUD,0.00000
input.PRISrun2,input.mulnewWISTUD,0.00000
input.PRISrun3,input.mulnewWISTUD,0.00000
input.PRISrun4,input.mulnewWISTUD,0.67801
input.QCRIwoTagOrg,input.mulnewWISTUD,0.49693
input.QCRIwTagOrg,input.mulnewWISTUD,0.34541
input.qHtagBaseRun,input.mulnewWISTUD,0.08253
input.qRefLThresh,input.mulnewWISTUD,0.01416
input.refBalRun,input.mulnewWISTUD,0.42804
input.refRelRun,input.mulnewWISTUD,0.93998
input.relevanceRun,input.mulnewWISTUD,0.06443
input.RFD,input.mulnewWISTUD,0.13120
input.ri,input.mulnewWISTUD,0.00002
input.rit,input.mulnewWISTUD,0.36497
input.rit3,input.mulnewWISTUD,0.45038
input.RMITAR,input.mulnewWISTUD,0.02859
input.RMITM,input.mulnewWISTUD,0.29060
input.RMITMR,input.mulnewWISTUD,0.00366
input.RMITMRR,input.mulnewWISTUD,0.96997
input.Rocchio,input.mulnewWISTUD,0.09679
input.RTB,input.mulnewWISTUD,0.00000
input.run1,input.mulnewWISTUD,0.07611
input.run1a,input.mulnewWISTUD,0.00001
input.run1fix,input.mulnewWISTUD,0.01028
input.run2,input.mulnewWISTUD,0.00173
input.run2a,input.mulnewWISTUD,0.00034
input.run3,input.mulnewWISTUD,0.65055
input.run3a,input.mulnewWISTUD,0.01573
input.run4,input.mulnewWISTUD,0.14109
input.run4a,input.mulnewWISTUD,0.01146
input.RunAll,input.mulnewWISTUD,0.52108
input.RunFut,input.mulnewWISTUD,0.30818
input.runNeMIS,input.mulnewWISTUD,0.00002
input.runNeMISext,input.mulnewWISTUD,0.00059
input.RunPure,input.mulnewWISTUD,0.59722
input.scurtuRun1,input.mulnewWISTUD,0.00465
input.sielrun1,input.mulnewWISTUD,0.00000
input.sielrun2,input.mulnewWISTUD,0.00006
input.sielrun3,input.mulnewWISTUD,0.00003
input.sielrun4,input.mulnewWISTUD,0.00005
input.SienaCL1B,input.mulnewWISTUD,0.52108
input.SienaCL31,input.mulnewWISTUD,0.93985
input.SienaCL342,input.mulnewWISTUD,0.90981
input.SienaCLbase,input.mulnewWISTUD,0.99995
input.simfoll,input.mulnewWISTUD,0.57136
input.simfollTP01,input.mulnewWISTUD,0.52112
input.sylesNoRes,input.mulnewWISTUD,0.02861
input.tfTP01,input.mulnewWISTUD,0.62368
input.udelIndri,input.mulnewWISTUD,0.52116
input.udelLucene,input.mulnewWISTUD,0.00000
input.UDMicroComb1,input.mulnewWISTUD,0.10466
input.UDMicroComb2,input.mulnewWISTUD,0.62380
input.UDMicroIDF,input.mulnewWISTUD,0.65059
input.UDMicroIDFD,input.mulnewWISTUD,0.29065
input.uicir1,input.mulnewWISTUD,0.06440
input.uicir2,input.mulnewWISTUD,0.02355
input.UIowaS1,input.mulnewWISTUD,0.88026
input.UIowaS2,input.mulnewWISTUD,0.88013
input.UIowaS3,input.mulnewWISTUD,0.93998
input.UIowaS4,input.mulnewWISTUD,0.52130
input.uiucsf,input.mulnewWISTUD,0.00000
input.uogTrLqea,input.mulnewWISTUD,0.00366
input.uogTrLqeabd,input.mulnewWISTUD,0.00117
input.uogTrLqeabdd,input.mulnewWISTUD,0.00052
input.uogTrUB2,input.mulnewWISTUD,0.00029
input.UTBase,input.mulnewWISTUD,0.00173
input.UTBaseRTF,input.mulnewWISTUD,0.00000
input.UTWngFuture,input.mulnewWISTUD,0.00000
input.UTWngFutureQ,input.mulnewWISTUD,0.00000
input.waterlooa1,input.mulnewWISTUD,0.01929
input.waterlooa2,input.mulnewWISTUD,0.09679
input.waterlooa3,input.mulnewWISTUD,0.00059
input.waterlooa4,input.mulnewWISTUD,0.01572
input.WESTfilext,input.mulnewWISTUD,0.02597
input.WESTfilter,input.mulnewWISTUD,0.05918
input.WESTrelint,input.mulnewWISTUD,0.00000
input.WESTrlext,input.mulnewWISTUD,0.00000
input.Wise2ndRun,input.mulnewWISTUD,0.03146
input.WiseFifthRun,input.mulnewWISTUD,0.30821
input.WiseFouthRun,input.mulnewWISTUD,0.85034
input.WiseThirdRun,input.mulnewWISTUD,0.03146
input.ya3,input.mulnewWISTUD,0.00824
input.ya4,input.mulnewWISTUD,0.12180
input.YNDXTPC1,input.mulnewWISTUD,0.00737
input.YNDXTPC2,input.mulnewWISTUD,0.01742
input.myrun2,input.myRun,0.16252
input.myrun3,input.myRun,0.24201
input.Nestor,input.myRun,0.00134
input.NestorS,input.myRun,0.00078
input.normal,input.myRun,0.30813
input.nQCRIwoTag,input.myRun,0.45031
input.nQCRIwTag,input.myRun,0.62364
input.omarRun,input.myRun,0.11295
input.PKUICST,input.myRun,0.14107
input.PKUICST2,input.myRun,0.45048
input.PKUICST3,input.myRun,0.08258
input.PKUICST4,input.myRun,0.06444
input.PL2Bo1SDExt,input.myRun,0.00000
input.PL2NoQENoDM,input.myRun,0.05917
input.PL2NoQeSd,input.myRun,0.02597
input.PL2NoQeSdExt,input.myRun,0.00000
input.PRISrun1,input.myRun,0.00005
input.PRISrun2,input.myRun,0.00000
input.PRISrun3,input.myRun,0.00090
input.PRISrun4,input.myRun,0.30818
input.QCRIwoTagOrg,input.myRun,0.45031
input.QCRIwTagOrg,input.myRun,0.62364
input.qHtagBaseRun,input.myRun,0.00152
input.qRefLThresh,input.myRun,0.00010
input.refBalRun,input.myRun,0.02596
input.refRelRun,input.myRun,0.17417
input.relevanceRun,input.myRun,0.67818
input.RFD,input.myRun,0.00324
input.ri,input.myRun,0.00413
input.rit,input.myRun,0.59730
input.rit3,input.myRun,0.02860
input.RMITAR,input.myRun,0.00029
input.RMITM,input.myRun,0.01274
input.RMITMR,input.myRun,0.00001
input.RMITMRR,input.myRun,0.16254
input.Rocchio,input.myRun,0.00197
input.RTB,input.myRun,0.00000
input.run1,input.myRun,0.73424
input.run1a,input.myRun,0.00000
input.run1fix,input.myRun,0.25767
input.run2,input.myRun,0.08945
input.run2a,input.myRun,0.00000
input.run3,input.myRun,0.05913
input.run3a,input.myRun,0.00012
input.run4,input.myRun,0.00366
input.run4a,input.myRun,0.00007
input.RunAll,input.myRun,0.03790
input.RunFut,input.myRun,0.01416
input.runNeMIS,input.myRun,0.00000
input.runNeMISext,input.myRun,0.00000
input.RunPure,input.myRun,0.04969
input.scurtuRun1,input.myRun,0.00002
input.sielrun1,input.myRun,0.00000
input.sielrun2,input.myRun,0.00000
input.sielrun3,input.myRun,0.00000
input.sielrun4,input.myRun,0.00000
input.SienaCL1B,input.myRun,0.42804
input.SienaCL31,input.myRun,0.17422
input.SienaCL342,input.myRun,0.18652
input.SienaCLbase,input.myRun,0.15152
input.simfoll,input.myRun,0.38530
input.simfollTP01,input.myRun,0.42801
input.sylesNoRes,input.myRun,0.45051
input.tfTP01,input.myRun,0.34538
input.udelIndri,input.myRun,0.42798
input.udelLucene,input.myRun,0.00000
input.UDMicroComb1,input.myRun,0.00224
input.UDMicroComb2,input.myRun,0.05427
input.UDMicroIDF,input.myRun,0.32645
input.UDMicroIDFD,input.myRun,0.01274
input.uicir1,input.myRun,0.00102
input.uicir2,input.myRun,0.00022
input.UIowaS1,input.myRun,0.11300
input.UIowaS2,input.myRun,0.11296
input.UIowaS3,input.myRun,0.13117
input.UIowaS4,input.myRun,0.03793
input.uiucsf,input.myRun,0.00000
input.uogTrLqea,input.myRun,0.00001
input.uogTrLqeabd,input.myRun,0.00000
input.uogTrLqeabdd,input.myRun,0.00000
input.uogTrUB2,input.myRun,0.00000
input.UTBase,input.myRun,0.00000
input.UTBaseRTF,input.myRun,0.00000
input.UTWngFuture,input.myRun,0.00000
input.UTWngFutureQ,input.myRun,0.00000
input.waterlooa1,input.myRun,0.36512
input.waterlooa2,input.myRun,0.82090
input.waterlooa3,input.myRun,0.04548
input.waterlooa4,input.myRun,0.32654
input.WESTfilext,input.myRun,0.00025
input.WESTfilter,input.myRun,0.00090
input.WESTrelint,input.myRun,0.00000
input.WESTrlext,input.myRun,0.00000
input.Wise2ndRun,input.myRun,0.47336
input.WiseFifthRun,input.myRun,0.67797
input.WiseFouthRun,input.myRun,0.10461
input.WiseThirdRun,input.myRun,0.47336
input.ya3,input.myRun,0.00005
input.ya4,input.myRun,0.00287
input.YNDXTPC1,input.myRun,0.00004
input.YNDXTPC2,input.myRun,0.00014
input.myrun3,input.myrun2,0.82068
input.Nestor,input.myrun2,0.00000
input.NestorS,input.myrun2,0.00000
input.normal,input.myrun2,0.01570
input.nQCRIwoTag,input.myrun2,0.03143
input.nQCRIwTag,input.myrun2,0.05912
input.omarRun,input.myrun2,0.00287
input.PKUICST,input.myrun2,0.94007
input.PKUICST2,input.myrun2,0.52086
input.PKUICST3,input.myrun2,0.73441
input.PKUICST4,input.myrun2,0.65092
input.PL2Bo1SDExt,input.myrun2,0.00000
input.PL2NoQENoDM,input.myrun2,0.00102
input.PL2NoQeSd,input.myrun2,0.00029
input.PL2NoQeSdExt,input.myrun2,0.00000
input.PRISrun1,input.myrun2,0.00738
input.PRISrun2,input.myrun2,0.00001
input.PRISrun3,input.myrun2,0.05430
input.PRISrun4,input.myrun2,0.01571
input.QCRIwoTagOrg,input.myrun2,0.03143
input.QCRIwTagOrg,input.myrun2,0.05912
input.qHtagBaseRun,input.myrun2,0.00000
input.qRefLThresh,input.myrun2,0.00000
input.refBalRun,input.myrun2,0.00029
input.refRelRun,input.myrun2,0.00586
input.relevanceRun,input.myrun2,0.32626
input.RFD,input.myrun2,0.00001
input.ri,input.myrun2,0.14113
input.rit,input.myrun2,0.05424
input.rit3,input.myrun2,0.00034
input.RMITAR,input.myrun2,0.00000
input.RMITM,input.myrun2,0.00010
input.RMITMR,input.myrun2,0.00000
input.RMITMRR,input.myrun2,0.00522
input.Rocchio,input.myrun2,0.00001
input.RTB,input.myrun2,0.00000
input.run1,input.myrun2,0.29045
input.run1a,input.myrun2,0.00000
input.run1fix,input.myrun2,0.79123
input.run2,input.myrun2,0.76290
input.run2a,input.myrun2,0.00000
input.run3,input.myrun2,0.00102
input.run3a,input.myrun2,0.00000
input.run4,input.myrun2,0.00002
input.run4a,input.myrun2,0.00000
input.RunAll,input.myrun2,0.00052
input.RunFut,input.myrun2,0.00012
input.runNeMIS,input.myrun2,0.00000
input.runNeMISext,input.myrun2,0.00000
input.RunPure,input.myrun2,0.00078
input.scurtuRun1,input.myrun2,0.00000
input.sielrun1,input.myrun2,0.00000
input.sielrun2,input.myrun2,0.00000
input.sielrun3,input.myrun2,0.00000
input.sielrun4,input.myrun2,0.00000
input.SienaCL1B,input.myrun2,0.02858
input.SienaCL31,input.myrun2,0.00586
input.SienaCL342,input.myrun2,0.00658
input.SienaCLbase,input.myrun2,0.00464
input.simfoll,input.myrun2,0.02352
input.simfollTP01,input.myrun2,0.02858
input.sylesNoRes,input.myrun2,0.52082
input.tfTP01,input.myrun2,0.01927
input.udelIndri,input.myrun2,0.02858
input.udelLucene,input.myrun2,0.00000
input.UDMicroComb1,input.myrun2,0.00001
input.UDMicroComb2,input.myrun2,0.00090
input.UDMicroIDF,input.myrun2,0.01741
input.UDMicroIDFD,input.myrun2,0.00010
input.uicir1,input.myrun2,0.00000
input.uicir2,input.myrun2,0.00000
input.UIowaS1,input.myrun2,0.00287
input.UIowaS2,input.myrun2,0.00287
input.UIowaS3,input.myrun2,0.00366
input.UIowaS4,input.myrun2,0.00052
input.uiucsf,input.myrun2,0.00000
input.uogTrLqea,input.myrun2,0.00000
input.uogTrLqeabd,input.myrun2,0.00000
input.uogTrLqeabdd,input.myrun2,0.00000
input.uogTrUB2,input.myrun2,0.00000
input.UTBase,input.myrun2,0.00000
input.UTBaseRTF,input.myrun2,0.00000
input.UTWngFuture,input.myrun2,0.00000
input.UTWngFutureQ,input.myrun2,0.00000
input.waterlooa1,input.myrun2,0.62344
input.waterlooa2,input.myrun2,0.24190
input.waterlooa3,input.myrun2,0.54612
input.waterlooa4,input.myrun2,0.67776
input.WESTfilext,input.myrun2,0.00000
input.WESTfilter,input.myrun2,0.00000
input.WESTrelint,input.myrun2,0.00000
input.WESTrlext,input.myrun2,0.00000
input.Wise2ndRun,input.myrun2,0.49675
input.WiseFifthRun,input.myrun2,0.07001
input.WiseFouthRun,input.myrun2,0.00253
input.WiseThirdRun,input.myrun2,0.49675
input.ya3,input.myrun2,0.00000
input.ya4,input.myrun2,0.00001
input.YNDXTPC1,input.myrun2,0.00000
input.YNDXTPC2,input.myrun2,0.00000
input.Nestor,input.myrun3,0.00001
input.NestorS,input.myrun3,0.00001
input.normal,input.myrun3,0.02859
input.nQCRIwoTag,input.myrun3,0.05425
input.nQCRIwTag,input.myrun3,0.09678
input.omarRun,input.myrun3,0.00587
input.PKUICST,input.myrun3,0.76277
input.PKUICST2,input.myrun3,0.67789
input.PKUICST3,input.myrun3,0.57144
input.PKUICST4,input.myrun3,0.49704
input.PL2Bo1SDExt,input.myrun3,0.00000
input.PL2NoQENoDM,input.myrun3,0.00224
input.PL2NoQeSd,input.myrun3,0.00068
input.PL2NoQeSdExt,input.myrun3,0.00000
input.PRISrun1,input.myrun3,0.00366
input.PRISrun2,input.myrun3,0.00000
input.PRISrun3,input.myrun3,0.03147
input.PRISrun4,input.myrun3,0.02860
input.QCRIwoTagOrg,input.myrun3,0.05425
input.QCRIwTagOrg,input.myrun3,0.09678
input.qHtagBaseRun,input.myrun3,0.00001
input.qRefLThresh,input.myrun3,0.00000
input.refBalRun,input.myrun3,0.00068
input.refRelRun,input.myrun3,0.01144
input.relevanceRun,input.myrun3,0.45024
input.RFD,input.myrun3,0.00004
input.ri,input.myrun3,0.08946
input.rit,input.myrun3,0.08946
input.rit3,input.myrun3,0.00078
input.RMITAR,input.myrun3,0.00000
input.RMITM,input.myrun3,0.00025
input.RMITMR,input.myrun3,0.00000
input.RMITMRR,input.myrun3,0.01027
input.Rocchio,input.myrun3,0.00002
input.RTB,input.myrun3,0.00000
input.run1,input.myrun3,0.40627
input.run1a,input.myrun3,0.00000
input.run1fix,input.myrun3,0.96965
input.run2,input.myrun3,0.59726
input.run2a,input.myrun3,0.00000
input.run3,input.myrun3,0.00223
input.run3a,input.myrun3,0.00000
input.run4,input.myrun3,0.00005
input.run4a,input.myrun3,0.00000
input.RunAll,input.myrun3,0.00117
input.RunFut,input.myrun3,0.00029
input.runNeMIS,input.myrun3,0.00000
input.runNeMISext,input.myrun3,0.00000
input.RunPure,input.myrun3,0.00173
input.scurtuRun1,input.myrun3,0.00000
input.sielrun1,input.myrun3,0.00000
input.sielrun2,input.myrun3,0.00000
input.sielrun3,input.myrun3,0.00000
input.sielrun4,input.myrun3,0.00000
input.SienaCL1B,input.myrun3,0.04970
input.SienaCL31,input.myrun3,0.01145
input.SienaCL342,input.myrun3,0.01274
input.SienaCLbase,input.myrun3,0.00921
input.simfoll,input.myrun3,0.04154
input.simfollTP01,input.myrun3,0.04970
input.sylesNoRes,input.myrun3,0.67784
input.tfTP01,input.myrun3,0.03455
input.udelIndri,input.myrun3,0.04969
input.udelLucene,input.myrun3,0.00000
input.UDMicroComb1,input.myrun3,0.00002
input.UDMicroComb2,input.myrun3,0.00197
input.UDMicroIDF,input.myrun3,0.03146
input.UDMicroIDFD,input.myrun3,0.00025
input.uicir1,input.myrun3,0.00001
input.uicir2,input.myrun3,0.00000
input.UIowaS1,input.myrun3,0.00587
input.UIowaS2,input.myrun3,0.00587
input.UIowaS3,input.myrun3,0.00737
input.UIowaS4,input.myrun3,0.00117
input.uiucsf,input.myrun3,0.00000
input.uogTrLqea,input.myrun3,0.00000
input.uogTrLqeabd,input.myrun3,0.00000
input.uogTrLqeabdd,input.myrun3,0.00000
input.uogTrUB2,input.myrun3,0.00000
input.UTBase,input.myrun3,0.00000
input.UTBaseRTF,input.myrun3,0.00000
input.UTWngFuture,input.myrun3,0.00000
input.UTWngFutureQ,input.myrun3,0.00000
input.waterlooa1,input.myrun3,0.79154
input.waterlooa2,input.myrun3,0.34538
input.waterlooa3,input.myrun3,0.40640
input.waterlooa4,input.myrun3,0.85021
input.WESTfilext,input.myrun3,0.00000
input.WESTfilter,input.myrun3,0.00001
input.WESTrelint,input.myrun3,0.00000
input.WESTrlext,input.myrun3,0.00000
input.Wise2ndRun,input.myrun3,0.65059
input.WiseFifthRun,input.myrun3,0.11292
input.WiseFouthRun,input.myrun3,0.00522
input.WiseThirdRun,input.myrun3,0.65059
input.ya3,input.myrun3,0.00000
input.ya4,input.myrun3,0.00003
input.YNDXTPC1,input.myrun3,0.00000
input.YNDXTPC2,input.myrun3,0.00000
input.NestorS,input.Nestor,0.87999
input.normal,input.Nestor,0.02862
input.nQCRIwoTag,input.Nestor,0.01417
input.nQCRIwTag,input.Nestor,0.00658
input.omarRun,input.Nestor,0.10463
input.PKUICST,input.Nestor,0.00000
input.PKUICST2,input.Nestor,0.00007
input.PKUICST3,input.Nestor,0.00000
input.PKUICST4,input.Nestor,0.00000
input.PL2Bo1SDExt,input.Nestor,0.00000
input.PL2NoQENoDM,input.Nestor,0.18652
input.PL2NoQeSd,input.Nestor,0.32648
input.PL2NoQeSdExt,input.Nestor,0.00000
input.PRISrun1,input.Nestor,0.00000
input.PRISrun2,input.Nestor,0.00000
input.PRISrun3,input.Nestor,0.00000
input.PRISrun4,input.Nestor,0.02861
input.QCRIwoTagOrg,input.Nestor,0.01417
input.QCRIwTagOrg,input.Nestor,0.00658
input.qHtagBaseRun,input.Nestor,0.97011
input.qRefLThresh,input.Nestor,0.49682
input.refBalRun,input.Nestor,0.32654
input.refRelRun,input.Nestor,0.06446
input.relevanceRun,input.Nestor,0.00029
input.RFD,input.Nestor,0.79158
input.ri,input.Nestor,0.00000
input.rit,input.Nestor,0.00737
input.rit3,input.Nestor,0.30826
input.RMITAR,input.Nestor,0.67780
input.RMITM,input.Nestor,0.47346
input.RMITMR,input.Nestor,0.25743
input.RMITMRR,input.Nestor,0.07009
input.Rocchio,input.Nestor,0.90999
input.RTB,input.Nestor,0.00000
input.run1,input.Nestor,0.00039
input.run1a,input.Nestor,0.00737
input.run1fix,input.Nestor,0.00001
input.run2,input.Nestor,0.00000
input.run2a,input.Nestor,0.07004
input.run3,input.Nestor,0.18661
input.run3a,input.Nestor,0.52119
input.run4,input.Nestor,0.76273
input.run4a,input.Nestor,0.45041
input.RunAll,input.Nestor,0.25764
input.RunFut,input.Nestor,0.45048
input.runNeMIS,input.Nestor,0.01274
input.runNeMISext,input.Nestor,0.09677
input.RunPure,input.Nestor,0.21304
input.scurtuRun1,input.Nestor,0.29063
input.sielrun1,input.Nestor,0.00078
input.sielrun2,input.Nestor,0.02597
input.sielrun3,input.Nestor,0.01572
input.sielrun4,input.Nestor,0.02133
input.SienaCL1B,input.Nestor,0.01572
input.SienaCL31,input.Nestor,0.06444
input.SienaCL342,input.Nestor,0.05917
input.SienaCLbase,input.Nestor,0.07611
input.simfoll,input.Nestor,0.01930
input.simfollTP01,input.Nestor,0.01572
input.sylesNoRes,input.Nestor,0.00007
input.tfTP01,input.Nestor,0.02356
input.udelIndri,input.Nestor,0.01573
input.udelLucene,input.Nestor,0.00004
input.UDMicroComb1,input.Nestor,0.87999
input.UDMicroComb2,input.Nestor,0.19943
input.UDMicroIDF,input.Nestor,0.02597
input.UDMicroIDFD,input.Nestor,0.47339
input.uicir1,input.Nestor,0.93962
input.uicir2,input.Nestor,0.62356
input.UIowaS1,input.Nestor,0.10459
input.UIowaS2,input.Nestor,0.10462
input.UIowaS3,input.Nestor,0.08944
input.UIowaS4,input.Nestor,0.25750
input.uiucsf,input.Nestor,0.00000
input.uogTrLqea,input.Nestor,0.25757
input.uogTrLqeabd,input.Nestor,0.14106
input.uogTrLqeabdd,input.Nestor,0.08946
input.uogTrUB2,input.Nestor,0.06440
input.UTBase,input.Nestor,0.17424
input.UTBaseRTF,input.Nestor,0.00000
input.UTWngFuture,input.Nestor,0.00000
input.UTWngFutureQ,input.Nestor,0.00078
input.waterlooa1,input.Nestor,0.00004
input.waterlooa2,input.Nestor,0.00059
input.waterlooa3,input.Nestor,0.00000
input.waterlooa4,input.Nestor,0.00003
input.WESTfilext,input.Nestor,0.65055
input.WESTfilter,input.Nestor,0.90990
input.WESTrelint,input.Nestor,0.00034
input.WESTrlext,input.Nestor,0.00034
input.Wise2ndRun,input.Nestor,0.00009
input.WiseFifthRun,input.Nestor,0.00523
input.WiseFouthRun,input.Nestor,0.11297
input.WiseThirdRun,input.Nestor,0.00009
input.ya3,input.Nestor,0.38527
input.ya4,input.Nestor,0.82090
input.YNDXTPC1,input.Nestor,0.36503
input.YNDXTPC2,input.Nestor,0.54582
input.normal,input.NestorS,0.01930
input.nQCRIwoTag,input.NestorS,0.00922
input.nQCRIwTag,input.NestorS,0.00413
input.omarRun,input.NestorS,0.07610
input.PKUICST,input.NestorS,0.00000
input.PKUICST2,input.NestorS,0.00004
input.PKUICST3,input.NestorS,0.00000
input.PKUICST4,input.NestorS,0.00000
input.PL2Bo1SDExt,input.NestorS,0.00000
input.PL2NoQENoDM,input.NestorS,0.14104
input.PL2NoQeSd,input.NestorS,0.25755
input.PL2NoQeSdExt,input.NestorS,0.00000
input.PRISrun1,input.NestorS,0.00000
input.PRISrun2,input.NestorS,0.00000
input.PRISrun3,input.NestorS,0.00000
input.PRISrun4,input.NestorS,0.01929
input.QCRIwoTagOrg,input.NestorS,0.00922
input.QCRIwTagOrg,input.NestorS,0.00413
input.qHtagBaseRun,input.NestorS,0.85052
input.qRefLThresh,input.NestorS,0.59714
input.refBalRun,input.NestorS,0.25759
input.refRelRun,input.NestorS,0.04551
input.relevanceRun,input.NestorS,0.00016
input.RFD,input.NestorS,0.67797
input.ri,input.NestorS,0.00000
input.rit,input.NestorS,0.00465
input.rit3,input.NestorS,0.24206
input.RMITAR,input.NestorS,0.79141
input.RMITM,input.NestorS,0.38548
input.RMITMR,input.NestorS,0.32634
input.RMITMRR,input.NestorS,0.04973
input.Rocchio,input.NestorS,0.79176
input.RTB,input.NestorS,0.00000
input.run1,input.NestorS,0.00022
input.run1a,input.NestorS,0.01145
input.run1fix,input.NestorS,0.00001
input.run2,input.NestorS,0.00000
input.run2a,input.NestorS,0.09678
input.run3,input.NestorS,0.14112
input.run3a,input.NestorS,0.62376
input.run4,input.NestorS,0.65063
input.run4a,input.NestorS,0.54601
input.RunAll,input.NestorS,0.19951
input.RunFut,input.NestorS,0.36515
input.runNeMIS,input.NestorS,0.01928
input.runNeMISext,input.NestorS,0.13111
input.RunPure,input.NestorS,0.16264
input.scurtuRun1,input.NestorS,0.36506
input.sielrun1,input.NestorS,0.00134
input.sielrun2,input.NestorS,0.03792
input.sielrun3,input.NestorS,0.02355
input.sielrun4,input.NestorS,0.03147
input.SienaCL1B,input.NestorS,0.01028
input.SienaCL31,input.NestorS,0.04549
input.SienaCL342,input.NestorS,0.04156
input.SienaCLbase,input.NestorS,0.05427
input.simfoll,input.NestorS,0.01275
input.simfollTP01,input.NestorS,0.01028
input.sylesNoRes,input.NestorS,0.00004
input.tfTP01,input.NestorS,0.01572
input.udelIndri,input.NestorS,0.01028
input.udelLucene,input.NestorS,0.00007
input.UDMicroComb1,input.NestorS,0.76268
input.UDMicroComb2,input.NestorS,0.15152
input.UDMicroIDF,input.NestorS,0.01743
input.UDMicroIDFD,input.NestorS,0.38542
input.uicir1,input.NestorS,0.94003
input.uicir2,input.NestorS,0.73398
input.UIowaS1,input.NestorS,0.07606
input.UIowaS2,input.NestorS,0.07609
input.UIowaS3,input.NestorS,0.06441
input.UIowaS4,input.NestorS,0.19939
input.uiucsf,input.NestorS,0.00000
input.uogTrLqea,input.NestorS,0.32651
input.uogTrLqeabd,input.NestorS,0.18654
input.uogTrLqeabdd,input.NestorS,0.12180
input.uogTrUB2,input.NestorS,0.08943
input.UTBase,input.NestorS,0.22715
input.UTBaseRTF,input.NestorS,0.00000
input.UTWngFuture,input.NestorS,0.00000
input.UTWngFutureQ,input.NestorS,0.00134
input.waterlooa1,input.NestorS,0.00002
input.waterlooa2,input.NestorS,0.00034
input.waterlooa3,input.NestorS,0.00000
input.waterlooa4,input.NestorS,0.00001
input.WESTfilext,input.NestorS,0.76264
input.WESTfilter,input.NestorS,0.96983
input.WESTrelint,input.NestorS,0.00059
input.WESTrlext,input.NestorS,0.00059
input.Wise2ndRun,input.NestorS,0.00005
input.WiseFifthRun,input.NestorS,0.00324
input.WiseFouthRun,input.NestorS,0.08257
input.WiseThirdRun,input.NestorS,0.00005
input.ya3,input.NestorS,0.47322
input.ya4,input.NestorS,0.70590
input.YNDXTPC1,input.NestorS,0.45034
input.YNDXTPC2,input.NestorS,0.65051
input.nQCRIwoTag,input.normal,0.79158
input.nQCRIwTag,input.normal,0.59718
input.omarRun,input.normal,0.57144
input.PKUICST,input.normal,0.01274
input.PKUICST2,input.normal,0.07610
input.PKUICST3,input.normal,0.00587
input.PKUICST4,input.normal,0.00413
input.PL2Bo1SDExt,input.normal,0.00000
input.PL2NoQENoDM,input.normal,0.38551
input.PL2NoQeSd,input.normal,0.22724
input.PL2NoQeSdExt,input.normal,0.00000
input.PRISrun1,input.normal,0.00000
input.PRISrun2,input.normal,0.00000
input.PRISrun3,input.normal,0.00001
input.PRISrun4,input.normal,0.99991
input.QCRIwoTagOrg,input.normal,0.79158
input.QCRIwTagOrg,input.normal,0.59718
input.qHtagBaseRun,input.normal,0.03146
input.qRefLThresh,input.normal,0.00413
input.refBalRun,input.normal,0.22720
input.refRelRun,input.normal,0.73403
input.relevanceRun,input.normal,0.15154
input.RFD,input.normal,0.05430
input.ri,input.normal,0.00010
input.rit,input.normal,0.62352
input.rit3,input.normal,0.24206
input.RMITAR,input.normal,0.00921
input.RMITM,input.normal,0.14106
input.RMITMR,input.normal,0.00090
input.RMITMRR,input.normal,0.70586
input.Rocchio,input.normal,0.03792
input.RTB,input.normal,0.00000
input.run1,input.normal,0.17426
input.run1a,input.normal,0.00000
input.run1fix,input.normal,0.03147
input.run2,input.normal,0.00658
input.run2a,input.normal,0.00006
input.run3,input.normal,0.38536
input.run3a,input.normal,0.00465
input.run4,input.normal,0.05918
input.run4a,input.normal,0.00325
input.RunAll,input.normal,0.29063
input.RunFut,input.normal,0.15154
input.runNeMIS,input.normal,0.00000
input.runNeMISext,input.normal,0.00012
input.RunPure,input.normal,0.34544
input.scurtuRun1,input.normal,0.00117
input.sielrun1,input.normal,0.00000
input.sielrun2,input.normal,0.00001
input.sielrun3,input.normal,0.00000
input.sielrun4,input.normal,0.00001
input.SienaCL1B,input.normal,0.82073
input.SienaCL31,input.normal,0.73415
input.SienaCL342,input.normal,0.76281
input.SienaCLbase,input.normal,0.67813
input.simfoll,input.normal,0.87999
input.simfollTP01,input.normal,0.82077
input.sylesNoRes,input.normal,0.07611
input.tfTP01,input.normal,0.93976
input.udelIndri,input.normal,0.82081
input.udelLucene,input.normal,0.00000
input.UDMicroComb1,input.normal,0.04158
input.UDMicroComb2,input.normal,0.36518
input.UDMicroIDF,input.normal,0.96979
input.UDMicroIDFD,input.normal,0.14109
input.uicir1,input.normal,0.02355
input.uicir2,input.normal,0.00737
input.UIowaS1,input.normal,0.57159
input.UIowaS2,input.normal,0.57148
input.UIowaS3,input.normal,0.62388
input.UIowaS4,input.normal,0.29078
input.uiucsf,input.normal,0.00000
input.uogTrLqea,input.normal,0.00090
input.uogTrLqeabd,input.normal,0.00025
input.uogTrLqeabdd,input.normal,0.00010
input.uogTrUB2,input.normal,0.00005
input.UTBase,input.normal,0.00039
input.UTBaseRTF,input.normal,0.00000
input.UTWngFuture,input.normal,0.00000
input.UTWngFutureQ,input.normal,0.00000
input.waterlooa1,input.normal,0.05425
input.waterlooa2,input.normal,0.21293
input.waterlooa3,input.normal,0.00253
input.waterlooa4,input.normal,0.04547
input.WESTfilext,input.normal,0.00825
input.WESTfilter,input.normal,0.02134
input.WESTrelint,input.normal,0.00000
input.WESTrlext,input.normal,0.00000
input.Wise2ndRun,input.normal,0.08253
input.WiseFifthRun,input.normal,0.54590
input.WiseFouthRun,input.normal,0.54601
input.WiseThirdRun,input.normal,0.08253
input.ya3,input.normal,0.00224
input.ya4,input.normal,0.04972
input.YNDXTPC1,input.normal,0.00197
input.YNDXTPC2,input.normal,0.00523
input.nQCRIwTag,input.nQCRIwoTag,0.79163
input.omarRun,input.nQCRIwoTag,0.40643
input.PKUICST,input.nQCRIwoTag,0.02597
input.PKUICST2,input.nQCRIwoTag,0.13117
input.PKUICST3,input.nQCRIwoTag,0.01275
input.PKUICST4,input.nQCRIwoTag,0.00921
input.PL2Bo1SDExt,input.nQCRIwoTag,0.00000
input.PL2NoQENoDM,input.nQCRIwoTag,0.25762
input.PL2NoQeSd,input.nQCRIwoTag,0.14109
input.PL2NoQeSdExt,input.nQCRIwoTag,0.00000
input.PRISrun1,input.nQCRIwoTag,0.00000
input.PRISrun2,input.nQCRIwoTag,0.00000
input.PRISrun3,input.nQCRIwoTag,0.00005
input.PRISrun4,input.nQCRIwoTag,0.79167
input.QCRIwoTagOrg,input.nQCRIwoTag,1.00000
input.QCRIwTagOrg,input.nQCRIwoTag,0.79163
input.qHtagBaseRun,input.nQCRIwoTag,0.01571
input.qRefLThresh,input.nQCRIwoTag,0.00173
input.refBalRun,input.nQCRIwoTag,0.14106
input.refRelRun,input.nQCRIwoTag,0.54582
input.relevanceRun,input.nQCRIwoTag,0.24206
input.RFD,input.nQCRIwoTag,0.02862
input.ri,input.nQCRIwoTag,0.00029
input.rit,input.nQCRIwoTag,0.82073
input.rit3,input.nQCRIwoTag,0.15154
input.RMITAR,input.nQCRIwoTag,0.00412
input.RMITM,input.nQCRIwoTag,0.08254
input.RMITMR,input.nQCRIwoTag,0.00034
input.RMITMRR,input.nQCRIwoTag,0.52108
input.Rocchio,input.nQCRIwoTag,0.01929
input.RTB,input.nQCRIwoTag,0.00000
input.run1,input.nQCRIwoTag,0.27378
input.run1a,input.nQCRIwoTag,0.00000
input.run1fix,input.nQCRIwoTag,0.05918
input.run2,input.nQCRIwoTag,0.01416
input.run2a,input.nQCRIwoTag,0.00002
input.run3,input.nQCRIwoTag,0.25750
input.run3a,input.nQCRIwoTag,0.00197
input.run4,input.nQCRIwoTag,0.03147
input.run4a,input.nQCRIwoTag,0.00134
input.RunAll,input.nQCRIwoTag,0.18650
input.RunFut,input.nQCRIwoTag,0.08944
input.runNeMIS,input.nQCRIwoTag,0.00000
input.runNeMISext,input.nQCRIwoTag,0.00004
input.RunPure,input.nQCRIwoTag,0.22715
input.scurtuRun1,input.nQCRIwoTag,0.00045
input.sielrun1,input.nQCRIwoTag,0.00000
input.sielrun2,input.nQCRIwoTag,0.00000
input.sielrun3,input.nQCRIwoTag,0.00000
input.sielrun4,input.nQCRIwoTag,0.00000
input.SienaCL1B,input.nQCRIwoTag,0.96997
input.SienaCL31,input.nQCRIwoTag,0.54593
input.SienaCL342,input.nQCRIwoTag,0.57136
input.SienaCLbase,input.nQCRIwoTag,0.49697
input.simfoll,input.nQCRIwoTag,0.90981
input.simfollTP01,input.nQCRIwoTag,0.96992
input.sylesNoRes,input.nQCRIwoTag,0.13118
input.tfTP01,input.nQCRIwoTag,0.85034
input.udelIndri,input.nQCRIwoTag,0.96988
input.udelLucene,input.nQCRIwoTag,0.00000
input.UDMicroComb1,input.nQCRIwoTag,0.02133
input.UDMicroComb2,input.nQCRIwoTag,0.24208
input.UDMicroIDF,input.nQCRIwoTag,0.82090
input.UDMicroIDFD,input.nQCRIwoTag,0.08256
input.uicir1,input.nQCRIwoTag,0.01145
input.uicir2,input.nQCRIwoTag,0.00324
input.UIowaS1,input.nQCRIwoTag,0.40656
input.UIowaS2,input.nQCRIwoTag,0.40646
input.UIowaS3,input.nQCRIwoTag,0.45048
input.UIowaS4,input.nQCRIwoTag,0.18661
input.uiucsf,input.nQCRIwoTag,0.00000
input.uogTrLqea,input.nQCRIwoTag,0.00034
input.uogTrLqeabd,input.nQCRIwoTag,0.00009
input.uogTrLqeabdd,input.nQCRIwoTag,0.00003
input.uogTrUB2,input.nQCRIwoTag,0.00002
input.UTBase,input.nQCRIwoTag,0.00014
input.UTBaseRTF,input.nQCRIwoTag,0.00000
input.UTWngFuture,input.nQCRIwoTag,0.00000
input.UTWngFutureQ,input.nQCRIwoTag,0.00000
input.waterlooa1,input.nQCRIwoTag,0.09680
input.waterlooa2,input.nQCRIwoTag,0.32645
input.waterlooa3,input.nQCRIwoTag,0.00587
input.waterlooa4,input.nQCRIwoTag,0.08256
input.WESTfilext,input.nQCRIwoTag,0.00366
input.WESTfilter,input.nQCRIwoTag,0.01028
input.WESTrelint,input.nQCRIwoTag,0.00000
input.WESTrlext,input.nQCRIwoTag,0.00000
input.Wise2ndRun,input.nQCRIwoTag,0.14104
input.WiseFifthRun,input.nQCRIwoTag,0.73411
input.WiseFouthRun,input.nQCRIwoTag,0.38539
input.WiseThirdRun,input.nQCRIwoTag,0.14104
input.ya3,input.nQCRIwoTag,0.00090
input.ya4,input.nQCRIwoTag,0.02597
input.YNDXTPC1,input.nQCRIwoTag,0.00078
input.YNDXTPC2,input.nQCRIwoTag,0.00224
input.omarRun,input.nQCRIwTag,0.27378
input.PKUICST,input.nQCRIwTag,0.04970
input.PKUICST2,input.nQCRIwTag,0.21302
input.PKUICST3,input.nQCRIwTag,0.02597
input.PKUICST4,input.nQCRIwTag,0.01929
input.PL2Bo1SDExt,input.nQCRIwTag,0.00000
input.PL2NoQENoDM,input.nQCRIwTag,0.16264
input.PL2NoQeSd,input.nQCRIwTag,0.08257
input.PL2NoQeSdExt,input.nQCRIwTag,0.00000
input.PRISrun1,input.nQCRIwTag,0.00000
input.PRISrun2,input.nQCRIwTag,0.00000
input.PRISrun3,input.nQCRIwTag,0.00014
input.PRISrun4,input.nQCRIwTag,0.59726
input.QCRIwoTagOrg,input.nQCRIwTag,0.79163
input.QCRIwTagOrg,input.nQCRIwTag,1.00000
input.qHtagBaseRun,input.nQCRIwTag,0.00737
input.qRefLThresh,input.nQCRIwTag,0.00068
input.refBalRun,input.nQCRIwTag,0.08255
input.refRelRun,input.nQCRIwTag,0.38527
input.relevanceRun,input.nQCRIwTag,0.36512
input.RFD,input.nQCRIwTag,0.01417
input.ri,input.nQCRIwTag,0.00078
input.rit,input.nQCRIwTag,0.97002
input.rit3,input.nQCRIwTag,0.08945
input.RMITAR,input.nQCRIwTag,0.00173
input.RMITM,input.nQCRIwTag,0.04546
input.RMITMR,input.nQCRIwTag,0.00012
input.RMITMRR,input.nQCRIwTag,0.36500
input.Rocchio,input.nQCRIwTag,0.00921
input.RTB,input.nQCRIwTag,0.00000
input.run1,input.nQCRIwTag,0.40643
input.run1a,input.nQCRIwTag,0.00000
input.run1fix,input.nQCRIwTag,0.10467
input.run2,input.nQCRIwTag,0.02860
input.run2a,input.nQCRIwTag,0.00001
input.run3,input.nQCRIwTag,0.16256
input.run3a,input.nQCRIwTag,0.00078
input.run4,input.nQCRIwTag,0.01572
input.run4a,input.nQCRIwTag,0.00052
input.RunAll,input.nQCRIwTag,0.11292
input.RunFut,input.nQCRIwTag,0.04970
input.runNeMIS,input.nQCRIwTag,0.00000
input.runNeMISext,input.nQCRIwTag,0.00001
input.RunPure,input.nQCRIwTag,0.14104
input.scurtuRun1,input.nQCRIwTag,0.00016
input.sielrun1,input.nQCRIwTag,0.00000
input.sielrun2,input.nQCRIwTag,0.00000
input.sielrun3,input.nQCRIwTag,0.00000
input.sielrun4,input.nQCRIwTag,0.00000
input.SienaCL1B,input.nQCRIwTag,0.76277
input.SienaCL31,input.nQCRIwTag,0.38536
input.SienaCL342,input.nQCRIwTag,0.40640
input.SienaCLbase,input.nQCRIwTag,0.34544
input.simfoll,input.nQCRIwTag,0.70582
input.simfollTP01,input.nQCRIwTag,0.76273
input.sylesNoRes,input.nQCRIwTag,0.21304
input.tfTP01,input.nQCRIwTag,0.65063
input.udelIndri,input.nQCRIwTag,0.76268
input.udelLucene,input.nQCRIwTag,0.00000
input.UDMicroComb1,input.nQCRIwTag,0.01028
input.UDMicroComb2,input.nQCRIwTag,0.15157
input.UDMicroIDF,input.nQCRIwTag,0.62372
input.UDMicroIDFD,input.nQCRIwTag,0.04548
input.uicir1,input.nQCRIwTag,0.00522
input.uicir2,input.nQCRIwTag,0.00134
input.UIowaS1,input.nQCRIwTag,0.27388
input.UIowaS2,input.nQCRIwTag,0.27381
input.UIowaS3,input.nQCRIwTag,0.30829
input.UIowaS4,input.nQCRIwTag,0.11300
input.uiucsf,input.nQCRIwTag,0.00000
input.uogTrLqea,input.nQCRIwTag,0.00012
input.uogTrLqeabd,input.nQCRIwTag,0.00003
input.uogTrLqeabdd,input.nQCRIwTag,0.00001
input.uogTrUB2,input.nQCRIwTag,0.00000
input.UTBase,input.nQCRIwTag,0.00005
input.UTBaseRTF,input.nQCRIwTag,0.00000
input.UTWngFuture,input.nQCRIwTag,0.00000
input.UTWngFutureQ,input.nQCRIwTag,0.00000
input.waterlooa1,input.nQCRIwTag,0.16261
input.waterlooa2,input.nQCRIwTag,0.47332
input.waterlooa3,input.nQCRIwTag,0.01274
input.waterlooa4,input.nQCRIwTag,0.14107
input.WESTfilext,input.nQCRIwTag,0.00152
input.WESTfilter,input.nQCRIwTag,0.00465
input.WESTrelint,input.nQCRIwTag,0.00000
input.WESTrlext,input.nQCRIwTag,0.00000
input.Wise2ndRun,input.nQCRIwTag,0.22715
input.WiseFifthRun,input.nQCRIwTag,0.93985
input.WiseFouthRun,input.nQCRIwTag,0.25755
input.WiseThirdRun,input.nQCRIwTag,0.22715
input.ya3,input.nQCRIwTag,0.00034
input.ya4,input.nQCRIwTag,0.01275
input.YNDXTPC1,input.nQCRIwTag,0.00029
input.YNDXTPC2,input.nQCRIwTag,0.00090
input.PKUICST,input.omarRun,0.00224
input.PKUICST2,input.omarRun,0.01930
input.PKUICST3,input.omarRun,0.00090
input.PKUICST4,input.omarRun,0.00059
input.PL2Bo1SDExt,input.omarRun,0.00000
input.PL2NoQENoDM,input.omarRun,0.76277
input.PL2NoQeSd,input.omarRun,0.52116
input.PL2NoQeSdExt,input.omarRun,0.00000
input.PRISrun1,input.omarRun,0.00000
input.PRISrun2,input.omarRun,0.00000
input.PRISrun3,input.omarRun,0.00000
input.PRISrun4,input.omarRun,0.57136
input.QCRIwoTagOrg,input.omarRun,0.40643
input.QCRIwTagOrg,input.omarRun,0.27378
input.qHtagBaseRun,input.omarRun,0.11289
input.qRefLThresh,input.omarRun,0.02132
input.refBalRun,input.omarRun,0.52108
input.refRelRun,input.omarRun,0.82108
input.relevanceRun,input.omarRun,0.04550
input.RFD,input.omarRun,0.17429
input.ri,input.omarRun,0.00001
input.rit,input.omarRun,0.29060
input.rit3,input.omarRun,0.54590
input.RMITAR,input.omarRun,0.04152
input.RMITM,input.omarRun,0.36497
input.RMITMR,input.omarRun,0.00586
input.RMITMRR,input.omarRun,0.85047
input.Rocchio,input.omarRun,0.13111
input.RTB,input.omarRun,0.00000
input.run1,input.omarRun,0.05428
input.run1a,input.omarRun,0.00002
input.run1fix,input.omarRun,0.00659
input.run2,input.omarRun,0.00103
input.run2a,input.omarRun,0.00059
input.run3,input.omarRun,0.76255
input.run3a,input.omarRun,0.02356
input.run4,input.omarRun,0.18654
input.run4a,input.omarRun,0.01743
input.RunAll,input.omarRun,0.62356
input.RunFut,input.omarRun,0.38530
input.runNeMIS,input.omarRun,0.00004
input.runNeMISext,input.omarRun,0.00103
input.RunPure,input.omarRun,0.70578
input.scurtuRun1,input.omarRun,0.00737
input.sielrun1,input.omarRun,0.00000
input.sielrun2,input.omarRun,0.00012
input.sielrun3,input.omarRun,0.00005
input.sielrun4,input.omarRun,0.00009
input.SienaCL1B,input.omarRun,0.42804
input.SienaCL31,input.omarRun,0.82095
input.SienaCL342,input.omarRun,0.79167
input.SienaCLbase,input.omarRun,0.88004
input.simfoll,input.omarRun,0.47343
input.simfollTP01,input.omarRun,0.42808
input.sylesNoRes,input.omarRun,0.01930
input.tfTP01,input.omarRun,0.52119
input.udelIndri,input.omarRun,0.42811
input.udelLucene,input.omarRun,0.00000
input.UDMicroComb1,input.omarRun,0.14107
input.UDMicroComb2,input.omarRun,0.73415
input.UDMicroIDF,input.omarRun,0.54597
input.UDMicroIDFD,input.omarRun,0.36503
input.uicir1,input.omarRun,0.08941
input.uicir2,input.omarRun,0.03455
input.UIowaS1,input.omarRun,0.99982
input.UIowaS2,input.omarRun,0.99995
input.UIowaS3,input.omarRun,0.93976
input.UIowaS4,input.omarRun,0.62380
input.uiucsf,input.omarRun,0.00000
input.uogTrLqea,input.omarRun,0.00587
input.uogTrLqeabd,input.omarRun,0.00197
input.uogTrLqeabdd,input.omarRun,0.00090
input.uogTrUB2,input.omarRun,0.00052
input.UTBase,input.omarRun,0.00287
input.UTBaseRTF,input.omarRun,0.00000
input.UTWngFuture,input.omarRun,0.00000
input.UTWngFutureQ,input.omarRun,0.00000
input.waterlooa1,input.omarRun,0.01275
input.waterlooa2,input.omarRun,0.07007
input.waterlooa3,input.omarRun,0.00034
input.waterlooa4,input.omarRun,0.01028
input.WESTfilext,input.omarRun,0.03791
input.WESTfilter,input.omarRun,0.08257
input.WESTrelint,input.omarRun,0.00000
input.WESTrlext,input.omarRun,0.00000
input.Wise2ndRun,input.omarRun,0.02133
input.WiseFifthRun,input.omarRun,0.24206
input.WiseFouthRun,input.omarRun,0.96983
input.WiseThirdRun,input.omarRun,0.02133
input.ya3,input.omarRun,0.01274
input.ya4,input.omarRun,0.16259
input.YNDXTPC1,input.omarRun,0.01145
input.YNDXTPC2,input.omarRun,0.02596
input.PKUICST2,input.PKUICST,0.47325
input.PKUICST3,input.PKUICST,0.79171
input.PKUICST4,input.PKUICST,0.70594
input.PL2Bo1SDExt,input.PKUICST,0.00000
input.PL2NoQENoDM,input.PKUICST,0.00078
input.PL2NoQeSd,input.PKUICST,0.00022
input.PL2NoQeSdExt,input.PKUICST,0.00000
input.PRISrun1,input.PKUICST,0.00921
input.PRISrun2,input.PKUICST,0.00001
input.PRISrun3,input.PKUICST,0.06442
input.PRISrun4,input.PKUICST,0.01274
input.QCRIwoTagOrg,input.PKUICST,0.02597
input.QCRIwTagOrg,input.PKUICST,0.04970
input.qHtagBaseRun,input.PKUICST,0.00000
input.qRefLThresh,input.PKUICST,0.00000
input.refBalRun,input.PKUICST,0.00022
input.refRelRun,input.PKUICST,0.00464
input.relevanceRun,input.PKUICST,0.29058
input.RFD,input.PKUICST,0.00001
input.ri,input.PKUICST,0.16259
input.rit,input.PKUICST,0.04549
input.rit3,input.PKUICST,0.00025
input.RMITAR,input.PKUICST,0.00000
input.RMITM,input.PKUICST,0.00007
input.RMITMR,input.PKUICST,0.00000
input.RMITMRR,input.PKUICST,0.00413
input.Rocchio,input.PKUICST,0.00000
input.RTB,input.PKUICST,0.00000
input.run1,input.PKUICST,0.25750
input.run1a,input.PKUICST,0.00000
input.run1fix,input.PKUICST,0.73394
input.run2,input.PKUICST,0.82081
input.run2a,input.PKUICST,0.00000
input.run3,input.PKUICST,0.00078
input.run3a,input.PKUICST,0.00000
input.run4,input.PKUICST,0.00001
input.run4a,input.PKUICST,0.00000
input.RunAll,input.PKUICST,0.00039
input.RunFut,input.PKUICST,0.00009
input.runNeMIS,input.PKUICST,0.00000
input.runNeMISext,input.PKUICST,0.00000
input.RunPure,input.PKUICST,0.00059
input.scurtuRun1,input.PKUICST,0.00000
input.sielrun1,input.PKUICST,0.00000
input.sielrun2,input.PKUICST,0.00000
input.sielrun3,input.PKUICST,0.00000
input.sielrun4,input.PKUICST,0.00000
input.SienaCL1B,input.PKUICST,0.02355
input.SienaCL31,input.PKUICST,0.00465
input.SienaCL342,input.PKUICST,0.00523
input.SienaCLbase,input.PKUICST,0.00366
input.simfoll,input.PKUICST,0.01928
input.simfollTP01,input.PKUICST,0.02355
input.sylesNoRes,input.PKUICST,0.47322
input.tfTP01,input.PKUICST,0.01572
input.udelIndri,input.PKUICST,0.02355
input.udelLucene,input.PKUICST,0.00000
input.UDMicroComb1,input.PKUICST,0.00001
input.UDMicroComb2,input.PKUICST,0.00068
input.UDMicroIDF,input.PKUICST,0.01416
input.UDMicroIDFD,input.PKUICST,0.00007
input.uicir1,input.PKUICST,0.00000
input.uicir2,input.PKUICST,0.00000
input.UIowaS1,input.PKUICST,0.00224
input.UIowaS2,input.PKUICST,0.00224
input.UIowaS3,input.PKUICST,0.00287
input.UIowaS4,input.PKUICST,0.00039
input.uiucsf,input.PKUICST,0.00000
input.uogTrLqea,input.PKUICST,0.00000
input.uogTrLqeabd,input.PKUICST,0.00000
input.uogTrLqeabdd,input.PKUICST,0.00000
input.uogTrUB2,input.PKUICST,0.00000
input.UTBase,input.PKUICST,0.00000
input.UTBaseRTF,input.PKUICST,0.00000
input.UTWngFuture,input.PKUICST,0.00000
input.UTWngFutureQ,input.PKUICST,0.00000
input.waterlooa1,input.PKUICST,0.57128
input.waterlooa2,input.PKUICST,0.21297
input.waterlooa3,input.PKUICST,0.59722
input.waterlooa4,input.PKUICST,0.62364
input.WESTfilext,input.PKUICST,0.00000
input.WESTfilter,input.PKUICST,0.00000
input.WESTrelint,input.PKUICST,0.00000
input.WESTrlext,input.PKUICST,0.00000
input.Wise2ndRun,input.PKUICST,0.45038
input.WiseFifthRun,input.PKUICST,0.05915
input.WiseFouthRun,input.PKUICST,0.00197
input.WiseThirdRun,input.PKUICST,0.45038
input.ya3,input.PKUICST,0.00000
input.ya4,input.PKUICST,0.00001
input.YNDXTPC1,input.PKUICST,0.00000
input.YNDXTPC2,input.PKUICST,0.00000
input.PKUICST3,input.PKUICST2,0.32645
input.PKUICST4,input.PKUICST2,0.27373
input.PL2Bo1SDExt,input.PKUICST2,0.00000
input.PL2NoQENoDM,input.PKUICST2,0.00825
input.PL2NoQeSd,input.PKUICST2,0.00287
input.PL2NoQeSdExt,input.PKUICST2,0.00000
input.PRISrun1,input.PKUICST2,0.00090
input.PRISrun2,input.PKUICST2,0.00000
input.PRISrun3,input.PKUICST2,0.01028
input.PRISrun4,input.PKUICST2,0.07612
input.QCRIwoTagOrg,input.PKUICST2,0.13117
input.QCRIwTagOrg,input.PKUICST2,0.21302
input.qHtagBaseRun,input.PKUICST2,0.00009
input.qRefLThresh,input.PKUICST2,0.00000
input.refBalRun,input.PKUICST2,0.00287
input.refRelRun,input.PKUICST2,0.03455
input.relevanceRun,input.PKUICST2,0.73411
input.RFD,input.PKUICST2,0.00022
input.ri,input.PKUICST2,0.03455
input.rit,input.PKUICST2,0.19953
input.rit3,input.PKUICST2,0.00324
input.RMITAR,input.PKUICST2,0.00001
input.RMITM,input.PKUICST2,0.00117
input.RMITMR,input.PKUICST2,0.00000
input.RMITMRR,input.PKUICST2,0.03146
input.Rocchio,input.PKUICST2,0.00012
input.RTB,input.PKUICST2,0.00000
input.run1,input.PKUICST2,0.67805
input.run1a,input.PKUICST2,0.00000
input.run1fix,input.PKUICST2,0.70594
input.run2,input.PKUICST2,0.34533
input.run2a,input.PKUICST2,0.00000
input.run3,input.PKUICST2,0.00825
input.run3a,input.PKUICST2,0.00000
input.run4,input.PKUICST2,0.00025
input.run4a,input.PKUICST2,0.00000
input.RunAll,input.PKUICST2,0.00465
input.RunFut,input.PKUICST2,0.00134
input.runNeMIS,input.PKUICST2,0.00000
input.runNeMISext,input.PKUICST2,0.00000
input.RunPure,input.PKUICST2,0.00658
input.scurtuRun1,input.PKUICST2,0.00000
input.sielrun1,input.PKUICST2,0.00000
input.sielrun2,input.PKUICST2,0.00000
input.sielrun3,input.PKUICST2,0.00000
input.sielrun4,input.PKUICST2,0.00000
input.SienaCL1B,input.PKUICST2,0.12182
input.SienaCL31,input.PKUICST2,0.03457
input.SienaCL342,input.PKUICST2,0.03793
input.SienaCLbase,input.PKUICST2,0.02861
input.simfoll,input.PKUICST2,0.10463
input.simfollTP01,input.PKUICST2,0.12181
input.sylesNoRes,input.PKUICST2,0.99995
input.tfTP01,input.PKUICST2,0.08947
input.udelIndri,input.PKUICST2,0.12180
input.udelLucene,input.PKUICST2,0.00000
input.UDMicroComb1,input.PKUICST2,0.00014
input.UDMicroComb2,input.PKUICST2,0.00738
input.UDMicroIDF,input.PKUICST2,0.08258
input.UDMicroIDFD,input.PKUICST2,0.00117
input.uicir1,input.PKUICST2,0.00005
input.uicir2,input.PKUICST2,0.00001
input.UIowaS1,input.PKUICST2,0.01931
input.UIowaS2,input.PKUICST2,0.01930
input.UIowaS3,input.PKUICST2,0.02357
input.UIowaS4,input.PKUICST2,0.00465
input.uiucsf,input.PKUICST2,0.00000
input.uogTrLqea,input.PKUICST2,0.00000
input.uogTrLqeabd,input.PKUICST2,0.00000
input.uogTrLqeabdd,input.PKUICST2,0.00000
input.uogTrUB2,input.PKUICST2,0.00000
input.UTBase,input.PKUICST2,0.00000
input.UTBaseRTF,input.PKUICST2,0.00000
input.UTWngFuture,input.PKUICST2,0.00000
input.UTWngFutureQ,input.PKUICST2,0.00000
input.waterlooa1,input.PKUICST2,0.87995
input.waterlooa2,input.PKUICST2,0.59734
input.waterlooa3,input.PKUICST2,0.21291
input.waterlooa4,input.PKUICST2,0.82081
input.WESTfilext,input.PKUICST2,0.00001
input.WESTfilter,input.PKUICST2,0.00005
input.WESTrelint,input.PKUICST2,0.00000
input.WESTrlext,input.PKUICST2,0.00000
input.Wise2ndRun,input.PKUICST2,0.97002
input.WiseFifthRun,input.PKUICST2,0.24206
input.WiseFouthRun,input.PKUICST2,0.01743
input.WiseThirdRun,input.PKUICST2,0.97002
input.ya3,input.PKUICST2,0.00000
input.ya4,input.PKUICST2,0.00019
input.YNDXTPC1,input.PKUICST2,0.00000
input.YNDXTPC2,input.PKUICST2,0.00000
input.PKUICST4,input.PKUICST3,0.90986
input.PL2Bo1SDExt,input.PKUICST3,0.00000
input.PL2NoQENoDM,input.PKUICST3,0.00029
input.PL2NoQeSd,input.PKUICST3,0.00007
input.PL2NoQeSdExt,input.PKUICST3,0.00000
input.PRISrun1,input.PKUICST3,0.01929
input.PRISrun2,input.PKUICST3,0.00004
input.PRISrun3,input.PKUICST3,0.11293
input.PRISrun4,input.PKUICST3,0.00587
input.QCRIwoTagOrg,input.PKUICST3,0.01275
input.QCRIwTagOrg,input.PKUICST3,0.02597
input.qHtagBaseRun,input.PKUICST3,0.00000
input.qRefLThresh,input.PKUICST3,0.00000
input.refBalRun,input.PKUICST3,0.00007
input.refRelRun,input.PKUICST3,0.00197
input.relevanceRun,input.PKUICST3,0.18652
input.RFD,input.PKUICST3,0.00000
input.ri,input.PKUICST3,0.25750
input.rit,input.PKUICST3,0.02356
input.rit3,input.PKUICST3,0.00009
input.RMITAR,input.PKUICST3,0.00000
input.RMITM,input.PKUICST3,0.00002
input.RMITMR,input.PKUICST3,0.00000
input.RMITMRR,input.PKUICST3,0.00173
input.Rocchio,input.PKUICST3,0.00000
input.RTB,input.PKUICST3,0.00000
input.run1,input.PKUICST3,0.16259
input.run1a,input.PKUICST3,0.00000
input.run1fix,input.PKUICST3,0.54586
input.run2,input.PKUICST3,0.97002
input.run2a,input.PKUICST3,0.00000
input.run3,input.PKUICST3,0.00029
input.run3a,input.PKUICST3,0.00000
input.run4,input.PKUICST3,0.00000
input.run4a,input.PKUICST3,0.00000
input.RunAll,input.PKUICST3,0.00014
input.RunFut,input.PKUICST3,0.00003
input.runNeMIS,input.PKUICST3,0.00000
input.runNeMISext,input.PKUICST3,0.00000
input.RunPure,input.PKUICST3,0.00022
input.scurtuRun1,input.PKUICST3,0.00000
input.sielrun1,input.PKUICST3,0.00000
input.sielrun2,input.PKUICST3,0.00000
input.sielrun3,input.PKUICST3,0.00000
input.sielrun4,input.PKUICST3,0.00000
input.SienaCL1B,input.PKUICST3,0.01146
input.SienaCL31,input.PKUICST3,0.00197
input.SienaCL342,input.PKUICST3,0.00224
input.SienaCLbase,input.PKUICST3,0.00152
input.simfoll,input.PKUICST3,0.00921
input.simfollTP01,input.PKUICST3,0.01145
input.sylesNoRes,input.PKUICST3,0.32642
input.tfTP01,input.PKUICST3,0.00737
input.udelIndri,input.PKUICST3,0.01145
input.udelLucene,input.PKUICST3,0.00000
input.UDMicroComb1,input.PKUICST3,0.00000
input.UDMicroComb2,input.PKUICST3,0.00025
input.UDMicroIDF,input.PKUICST3,0.00658
input.UDMicroIDFD,input.PKUICST3,0.00002
input.uicir1,input.PKUICST3,0.00000
input.uicir2,input.PKUICST3,0.00000
input.UIowaS1,input.PKUICST3,0.00090
input.UIowaS2,input.PKUICST3,0.00090
input.UIowaS3,input.PKUICST3,0.00117
input.UIowaS4,input.PKUICST3,0.00014
input.uiucsf,input.PKUICST3,0.00000
input.uogTrLqea,input.PKUICST3,0.00000
input.uogTrLqeabd,input.PKUICST3,0.00000
input.uogTrLqeabdd,input.PKUICST3,0.00000
input.uogTrUB2,input.PKUICST3,0.00000
input.UTBase,input.PKUICST3,0.00000
input.UTBaseRTF,input.PKUICST3,0.00000
input.UTWngFuture,input.PKUICST3,0.00000
input.UTWngFutureQ,input.PKUICST3,0.00000
input.waterlooa1,input.PKUICST3,0.40640
input.waterlooa2,input.PKUICST3,0.13117
input.waterlooa3,input.PKUICST3,0.79154
input.waterlooa4,input.PKUICST3,0.45038
input.WESTfilext,input.PKUICST3,0.00000
input.WESTfilter,input.PKUICST3,0.00000
input.WESTrelint,input.PKUICST3,0.00000
input.WESTrlext,input.PKUICST3,0.00000
input.Wise2ndRun,input.PKUICST3,0.30826
input.WiseFifthRun,input.PKUICST3,0.03147
input.WiseFouthRun,input.PKUICST3,0.00078
input.WiseThirdRun,input.PKUICST3,0.30826
input.ya3,input.PKUICST3,0.00000
input.ya4,input.PKUICST3,0.00000
input.YNDXTPC1,input.PKUICST3,0.00000
input.YNDXTPC2,input.PKUICST3,0.00000
input.PL2Bo1SDExt,input.PKUICST4,0.00000
input.PL2NoQENoDM,input.PKUICST4,0.00019
input.PL2NoQeSd,input.PKUICST4,0.00005
input.PL2NoQeSdExt,input.PKUICST4,0.00000
input.PRISrun1,input.PKUICST4,0.02597
input.PRISrun2,input.PKUICST4,0.00006
input.PRISrun3,input.PKUICST4,0.14104
input.PRISrun4,input.PKUICST4,0.00413
input.QCRIwoTagOrg,input.PKUICST4,0.00921
input.QCRIwTagOrg,input.PKUICST4,0.01929
input.qHtagBaseRun,input.PKUICST4,0.00000
input.qRefLThresh,input.PKUICST4,0.00000
input.refBalRun,input.PKUICST4,0.00005
input.refRelRun,input.PKUICST4,0.00134
input.relevanceRun,input.PKUICST4,0.15152
input.RFD,input.PKUICST4,0.00000
input.ri,input.PKUICST4,0.30816
input.rit,input.PKUICST4,0.01743
input.rit3,input.PKUICST4,0.00005
input.RMITAR,input.PKUICST4,0.00000
input.RMITM,input.PKUICST4,0.00001
input.RMITMR,input.PKUICST4,0.00000
input.RMITMRR,input.PKUICST4,0.00117
input.Rocchio,input.PKUICST4,0.00000
input.RTB,input.PKUICST4,0.00000
input.run1,input.PKUICST4,0.13114
input.run1a,input.PKUICST4,0.00000
input.run1fix,input.PKUICST4,0.47325
input.run2,input.PKUICST4,0.88013
input.run2a,input.PKUICST4,0.00000
input.run3,input.PKUICST4,0.00019
input.run3a,input.PKUICST4,0.00000
input.run4,input.PKUICST4,0.00000
input.run4a,input.PKUICST4,0.00000
input.RunAll,input.PKUICST4,0.00009
input.RunFut,input.PKUICST4,0.00002
input.runNeMIS,input.PKUICST4,0.00000
input.runNeMISext,input.PKUICST4,0.00000
input.RunPure,input.PKUICST4,0.00014
input.scurtuRun1,input.PKUICST4,0.00000
input.sielrun1,input.PKUICST4,0.00000
input.sielrun2,input.PKUICST4,0.00000
input.sielrun3,input.PKUICST4,0.00000
input.sielrun4,input.PKUICST4,0.00000
input.SienaCL1B,input.PKUICST4,0.00825
input.SienaCL31,input.PKUICST4,0.00134
input.SienaCL342,input.PKUICST4,0.00152
input.SienaCLbase,input.PKUICST4,0.00103
input.simfoll,input.PKUICST4,0.00658
input.simfollTP01,input.PKUICST4,0.00825
input.sylesNoRes,input.PKUICST4,0.27371
input.tfTP01,input.PKUICST4,0.00523
input.udelIndri,input.PKUICST4,0.00825
input.udelLucene,input.PKUICST4,0.00000
input.UDMicroComb1,input.PKUICST4,0.00000
input.UDMicroComb2,input.PKUICST4,0.00016
input.UDMicroIDF,input.PKUICST4,0.00465
input.UDMicroIDFD,input.PKUICST4,0.00001
input.uicir1,input.PKUICST4,0.00000
input.uicir2,input.PKUICST4,0.00000
input.UIowaS1,input.PKUICST4,0.00059
input.UIowaS2,input.PKUICST4,0.00059
input.UIowaS3,input.PKUICST4,0.00078
input.UIowaS4,input.PKUICST4,0.00009
input.uiucsf,input.PKUICST4,0.00000
input.uogTrLqea,input.PKUICST4,0.00000
input.uogTrLqeabd,input.PKUICST4,0.00000
input.uogTrLqeabdd,input.PKUICST4,0.00000
input.uogTrUB2,input.PKUICST4,0.00000
input.UTBase,input.PKUICST4,0.00000
input.UTBaseRTF,input.PKUICST4,0.00000
input.UTWngFuture,input.PKUICST4,0.00000
input.UTWngFutureQ,input.PKUICST4,0.00000
input.waterlooa1,input.PKUICST4,0.34544
input.waterlooa2,input.PKUICST4,0.10465
input.waterlooa3,input.PKUICST4,0.87990
input.waterlooa4,input.PKUICST4,0.38539
input.WESTfilext,input.PKUICST4,0.00000
input.WESTfilter,input.PKUICST4,0.00000
input.WESTrelint,input.PKUICST4,0.00000
input.WESTrlext,input.PKUICST4,0.00000
input.Wise2ndRun,input.PKUICST4,0.25759
input.WiseFifthRun,input.PKUICST4,0.02355
input.WiseFouthRun,input.PKUICST4,0.00052
input.WiseThirdRun,input.PKUICST4,0.25759
input.ya3,input.PKUICST4,0.00000
input.ya4,input.PKUICST4,0.00000
input.YNDXTPC1,input.PKUICST4,0.00000
input.YNDXTPC2,input.PKUICST4,0.00000
input.PL2NoQENoDM,input.PL2Bo1SDExt,0.00000
input.PL2NoQeSd,input.PL2Bo1SDExt,0.00000
input.PL2NoQeSdExt,input.PL2Bo1SDExt,0.96983
input.PRISrun1,input.PL2Bo1SDExt,0.00000
input.PRISrun2,input.PL2Bo1SDExt,0.00000
input.PRISrun3,input.PL2Bo1SDExt,0.00000
input.PRISrun4,input.PL2Bo1SDExt,0.00000
input.QCRIwoTagOrg,input.PL2Bo1SDExt,0.00000
input.QCRIwTagOrg,input.PL2Bo1SDExt,0.00000
input.qHtagBaseRun,input.PL2Bo1SDExt,0.00000
input.qRefLThresh,input.PL2Bo1SDExt,0.00000
input.refBalRun,input.PL2Bo1SDExt,0.00000
input.refRelRun,input.PL2Bo1SDExt,0.00000
input.relevanceRun,input.PL2Bo1SDExt,0.00000
input.RFD,input.PL2Bo1SDExt,0.00000
input.ri,input.PL2Bo1SDExt,0.00000
input.rit,input.PL2Bo1SDExt,0.00000
input.rit3,input.PL2Bo1SDExt,0.00000
input.RMITAR,input.PL2Bo1SDExt,0.00000
input.RMITM,input.PL2Bo1SDExt,0.00000
input.RMITMR,input.PL2Bo1SDExt,0.00002
input.RMITMRR,input.PL2Bo1SDExt,0.00000
input.Rocchio,input.PL2Bo1SDExt,0.00000
input.RTB,input.PL2Bo1SDExt,0.17426
input.run1,input.PL2Bo1SDExt,0.00000
input.run1a,input.PL2Bo1SDExt,0.00737
input.run1fix,input.PL2Bo1SDExt,0.00000
input.run2,input.PL2Bo1SDExt,0.00000
input.run2a,input.PL2Bo1SDExt,0.00039
input.run3,input.PL2Bo1SDExt,0.00000
input.run3a,input.PL2Bo1SDExt,0.00000
input.run4,input.PL2Bo1SDExt,0.00000
input.run4a,input.PL2Bo1SDExt,0.00000
input.RunAll,input.PL2Bo1SDExt,0.00000
input.RunFut,input.PL2Bo1SDExt,0.00000
input.runNeMIS,input.PL2Bo1SDExt,0.00413
input.runNeMISext,input.PL2Bo1SDExt,0.00022
input.RunPure,input.PL2Bo1SDExt,0.00000
input.scurtuRun1,input.PL2Bo1SDExt,0.00002
input.sielrun1,input.PL2Bo1SDExt,0.04548
input.sielrun2,input.PL2Bo1SDExt,0.00173
input.sielrun3,input.PL2Bo1SDExt,0.00324
input.sielrun4,input.PL2Bo1SDExt,0.00223
input.SienaCL1B,input.PL2Bo1SDExt,0.00000
input.SienaCL31,input.PL2Bo1SDExt,0.00000
input.SienaCL342,input.PL2Bo1SDExt,0.00000
input.SienaCLbase,input.PL2Bo1SDExt,0.00000
input.simfoll,input.PL2Bo1SDExt,0.00000
input.simfollTP01,input.PL2Bo1SDExt,0.00000
input.sylesNoRes,input.PL2Bo1SDExt,0.00000
input.tfTP01,input.PL2Bo1SDExt,0.00000
input.udelIndri,input.PL2Bo1SDExt,0.00000
input.udelLucene,input.PL2Bo1SDExt,0.21299
input.UDMicroComb1,input.PL2Bo1SDExt,0.00000
input.UDMicroComb2,input.PL2Bo1SDExt,0.00000
input.UDMicroIDF,input.PL2Bo1SDExt,0.00000
input.UDMicroIDFD,input.PL2Bo1SDExt,0.00000
input.uicir1,input.PL2Bo1SDExt,0.00000
input.uicir2,input.PL2Bo1SDExt,0.00000
input.UIowaS1,input.PL2Bo1SDExt,0.00000
input.UIowaS2,input.PL2Bo1SDExt,0.00000
input.UIowaS3,input.PL2Bo1SDExt,0.00000
input.UIowaS4,input.PL2Bo1SDExt,0.00000
input.uiucsf,input.PL2Bo1SDExt,0.05427
input.uogTrLqea,input.PL2Bo1SDExt,0.00002
input.uogTrLqeabd,input.PL2Bo1SDExt,0.00010
input.uogTrLqeabdd,input.PL2Bo1SDExt,0.00025
input.uogTrUB2,input.PL2Bo1SDExt,0.00045
input.UTBase,input.PL2Bo1SDExt,0.00006
input.UTBaseRTF,input.PL2Bo1SDExt,0.65067
input.UTWngFuture,input.PL2Bo1SDExt,0.90981
input.UTWngFutureQ,input.PL2Bo1SDExt,0.04548
input.waterlooa1,input.PL2Bo1SDExt,0.00000
input.waterlooa2,input.PL2Bo1SDExt,0.00000
input.waterlooa3,input.PL2Bo1SDExt,0.00000
input.waterlooa4,input.PL2Bo1SDExt,0.00000
input.WESTfilext,input.PL2Bo1SDExt,0.00000
input.WESTfilter,input.PL2Bo1SDExt,0.00000
input.WESTrelint,input.PL2Bo1SDExt,0.07607
input.WESTrlext,input.PL2Bo1SDExt,0.07607
input.Wise2ndRun,input.PL2Bo1SDExt,0.00000
input.WiseFifthRun,input.PL2Bo1SDExt,0.00000
input.WiseFouthRun,input.PL2Bo1SDExt,0.00000
input.WiseThirdRun,input.PL2Bo1SDExt,0.00000
input.ya3,input.PL2Bo1SDExt,0.00001
input.ya4,input.PL2Bo1SDExt,0.00000
input.YNDXTPC1,input.PL2Bo1SDExt,0.00001
input.YNDXTPC2,input.PL2Bo1SDExt,0.00000
input.PL2NoQeSd,input.PL2NoQENoDM,0.73407
input.PL2NoQeSdExt,input.PL2NoQENoDM,0.00000
input.PRISrun1,input.PL2NoQENoDM,0.00000
input.PRISrun2,input.PL2NoQENoDM,0.00000
input.PRISrun3,input.PL2NoQENoDM,0.00000
input.PRISrun4,input.PL2NoQENoDM,0.38545
input.QCRIwoTagOrg,input.PL2NoQENoDM,0.25762
input.QCRIwTagOrg,input.PL2NoQENoDM,0.16264
input.qHtagBaseRun,input.PL2NoQENoDM,0.19933
input.qRefLThresh,input.PL2NoQENoDM,0.04545
input.refBalRun,input.PL2NoQENoDM,0.73398
input.refRelRun,input.PL2NoQENoDM,0.59750
input.relevanceRun,input.PL2NoQENoDM,0.02134
input.RFD,input.PL2NoQENoDM,0.29065
input.ri,input.PL2NoQENoDM,0.00000
input.rit,input.PL2NoQENoDM,0.17426
input.rit3,input.PL2NoQENoDM,0.76260
input.RMITAR,input.PL2NoQENoDM,0.08249
input.RMITM,input.PL2NoQENoDM,0.54578
input.RMITMR,input.PL2NoQENoDM,0.01415
input.RMITMRR,input.PL2NoQENoDM,0.62388
input.Rocchio,input.PL2NoQENoDM,0.22709
input.RTB,input.PL2NoQENoDM,0.00000
input.run1,input.PL2NoQENoDM,0.02599
input.run1a,input.PL2NoQENoDM,0.00006
input.run1fix,input.PL2NoQENoDM,0.00254
input.run2,input.PL2NoQENoDM,0.00034
input.run2a,input.PL2NoQENoDM,0.00173
input.run3,input.PL2NoQENoDM,0.99977
input.run3a,input.PL2NoQENoDM,0.04971
input.run4,input.PL2NoQENoDM,0.30818
input.run4a,input.PL2NoQENoDM,0.03792
input.RunAll,input.PL2NoQENoDM,0.85012
input.RunFut,input.PL2NoQENoDM,0.57117
input.runNeMIS,input.PL2NoQENoDM,0.00014
input.runNeMISext,input.PL2NoQENoDM,0.00287
input.RunPure,input.PL2NoQENoDM,0.93967
input.scurtuRun1,input.PL2NoQENoDM,0.01742
input.sielrun1,input.PL2NoQENoDM,0.00000
input.sielrun2,input.PL2NoQENoDM,0.00039
input.sielrun3,input.PL2NoQENoDM,0.00019
input.sielrun4,input.PL2NoQENoDM,0.00029
input.SienaCL1B,input.PL2NoQENoDM,0.27378
input.SienaCL31,input.PL2NoQENoDM,0.59738
input.SienaCL342,input.PL2NoQENoDM,0.57140
input.SienaCLbase,input.PL2NoQENoDM,0.65071
input.simfoll,input.PL2NoQENoDM,0.30832
input.simfollTP01,input.PL2NoQENoDM,0.27381
input.sylesNoRes,input.PL2NoQENoDM,0.00825
input.tfTP01,input.PL2NoQENoDM,0.34550
input.udelIndri,input.PL2NoQENoDM,0.27383
input.udelLucene,input.PL2NoQENoDM,0.00000
input.UDMicroComb1,input.PL2NoQENoDM,0.24201
input.UDMicroComb2,input.PL2NoQENoDM,0.96988
input.UDMicroIDF,input.PL2NoQENoDM,0.36512
input.UDMicroIDFD,input.PL2NoQENoDM,0.54586
input.uicir1,input.PL2NoQENoDM,0.16251
input.uicir2,input.PL2NoQENoDM,0.07002
input.UIowaS1,input.PL2NoQENoDM,0.76260
input.UIowaS2,input.PL2NoQENoDM,0.76273
input.UIowaS3,input.PL2NoQENoDM,0.70586
input.UIowaS4,input.PL2NoQENoDM,0.85039
input.uiucsf,input.PL2NoQENoDM,0.00000
input.uogTrLqea,input.PL2NoQENoDM,0.01416
input.uogTrLqeabd,input.PL2NoQENoDM,0.00523
input.uogTrLqeabdd,input.PL2NoQENoDM,0.00253
input.uogTrUB2,input.PL2NoQENoDM,0.00152
input.UTBase,input.PL2NoQENoDM,0.00737
input.UTBaseRTF,input.PL2NoQENoDM,0.00000
input.UTWngFuture,input.PL2NoQENoDM,0.00000
input.UTWngFutureQ,input.PL2NoQENoDM,0.00000
input.waterlooa1,input.PL2NoQENoDM,0.00523
input.waterlooa2,input.PL2NoQENoDM,0.03457
input.waterlooa3,input.PL2NoQENoDM,0.00010
input.waterlooa4,input.PL2NoQENoDM,0.00413
input.WESTfilext,input.PL2NoQENoDM,0.07607
input.WESTfilter,input.PL2NoQENoDM,0.15154
input.WESTrelint,input.PL2NoQENoDM,0.00000
input.WESTrlext,input.PL2NoQENoDM,0.00000
input.Wise2ndRun,input.PL2NoQENoDM,0.00922
input.WiseFifthRun,input.PL2NoQENoDM,0.14110
input.WiseFouthRun,input.PL2NoQENoDM,0.79176
input.WiseThirdRun,input.PL2NoQENoDM,0.00922
input.ya3,input.PL2NoQENoDM,0.02858
input.ya4,input.PL2NoQENoDM,0.27371
input.YNDXTPC1,input.PL2NoQENoDM,0.02596
input.YNDXTPC2,input.PL2NoQENoDM,0.05423
input.PL2NoQeSdExt,input.PL2NoQeSd,0.00000
input.PRISrun1,input.PL2NoQeSd,0.00000
input.PRISrun2,input.PL2NoQeSd,0.00000
input.PRISrun3,input.PL2NoQeSd,0.00000
input.PRISrun4,input.PL2NoQeSd,0.22720
input.QCRIwoTagOrg,input.PL2NoQeSd,0.14109
input.QCRIwTagOrg,input.PL2NoQeSd,0.08257
input.qHtagBaseRun,input.PL2NoQeSd,0.34530
input.qRefLThresh,input.PL2NoQeSd,0.09677
input.refBalRun,input.PL2NoQeSd,0.99991
input.refRelRun,input.PL2NoQeSd,0.38555
input.relevanceRun,input.PL2NoQeSd,0.00825
input.RFD,input.PL2NoQeSd,0.47339
input.ri,input.PL2NoQeSd,0.00000
input.rit,input.PL2NoQeSd,0.08944
input.rit3,input.PL2NoQeSd,0.96997
input.RMITAR,input.PL2NoQeSd,0.16251
input.RMITM,input.PL2NoQeSd,0.79149
input.RMITMR,input.PL2NoQeSd,0.03454
input.RMITMRR,input.PL2NoQeSd,0.40649
input.Rocchio,input.PL2NoQeSd,0.38530
input.RTB,input.PL2NoQeSd,0.00000
input.run1,input.PL2NoQeSd,0.01028
input.run1a,input.PL2NoQeSd,0.00025
input.run1fix,input.PL2NoQeSd,0.00078
input.run2,input.PL2NoQeSd,0.00009
input.run2a,input.PL2NoQeSd,0.00522
input.run3,input.PL2NoQeSd,0.73428
input.run3a,input.PL2NoQeSd,0.10465
input.run4,input.PL2NoQeSd,0.49693
input.run4a,input.PL2NoQeSd,0.08257
input.RunAll,input.PL2NoQeSd,0.88017
input.RunFut,input.PL2NoQeSd,0.82073
input.runNeMIS,input.PL2NoQeSd,0.00052
input.runNeMISext,input.PL2NoQeSd,0.00824
input.RunPure,input.PL2NoQeSd,0.79176
input.scurtuRun1,input.PL2NoQeSd,0.04155
input.sielrun1,input.PL2NoQeSd,0.00001
input.sielrun2,input.PL2NoQeSd,0.00134
input.sielrun3,input.PL2NoQeSd,0.00068
input.sielrun4,input.PL2NoQeSd,0.00103
input.SienaCL1B,input.PL2NoQeSd,0.15154
input.SienaCL31,input.PL2NoQeSd,0.38545
input.SienaCL342,input.PL2NoQeSd,0.36509
input.SienaCLbase,input.PL2NoQeSd,0.42808
input.simfoll,input.PL2NoQeSd,0.17431
input.simfollTP01,input.PL2NoQeSd,0.15156
input.sylesNoRes,input.PL2NoQeSd,0.00287
input.tfTP01,input.PL2NoQeSd,0.19947
input.udelIndri,input.PL2NoQeSd,0.15157
input.udelLucene,input.PL2NoQeSd,0.00000
input.UDMicroComb1,input.PL2NoQeSd,0.40640
input.UDMicroComb2,input.PL2NoQeSd,0.76268
input.UDMicroIDF,input.PL2NoQeSd,0.21299
input.UDMicroIDFD,input.PL2NoQeSd,0.79158
input.uicir1,input.PL2NoQeSd,0.29052
input.uicir2,input.PL2NoQeSd,0.14101
input.UIowaS1,input.PL2NoQeSd,0.52101
input.UIowaS2,input.PL2NoQeSd,0.52112
input.UIowaS3,input.PL2NoQeSd,0.47329
input.UIowaS4,input.PL2NoQeSd,0.87990
input.uiucsf,input.PL2NoQeSd,0.00000
input.uogTrLqea,input.PL2NoQeSd,0.03457
input.uogTrLqeabd,input.PL2NoQeSd,0.01416
input.uogTrLqeabdd,input.PL2NoQeSd,0.00737
input.uogTrUB2,input.PL2NoQeSd,0.00465
input.UTBase,input.PL2NoQeSd,0.01929
input.UTBaseRTF,input.PL2NoQeSd,0.00000
input.UTWngFuture,input.PL2NoQeSd,0.00000
input.UTWngFutureQ,input.PL2NoQeSd,0.00001
input.waterlooa1,input.PL2NoQeSd,0.00173
input.waterlooa2,input.PL2NoQeSd,0.01417
input.waterlooa3,input.PL2NoQeSd,0.00002
input.waterlooa4,input.PL2NoQeSd,0.00134
input.WESTfilext,input.PL2NoQeSd,0.15151
input.WESTfilter,input.PL2NoQeSd,0.27378
input.WESTrelint,input.PL2NoQeSd,0.00000
input.WESTrlext,input.PL2NoQeSd,0.00000
input.Wise2ndRun,input.PL2NoQeSd,0.00324
input.WiseFifthRun,input.PL2NoQeSd,0.07008
input.WiseFouthRun,input.PL2NoQeSd,0.54601
input.WiseThirdRun,input.PL2NoQeSd,0.00324
input.ya3,input.PL2NoQeSd,0.06439
input.ya4,input.PL2NoQeSd,0.45034
input.YNDXTPC1,input.PL2NoQeSd,0.05915
input.YNDXTPC2,input.PL2NoQeSd,0.11291
input.PRISrun1,input.PL2NoQeSdExt,0.00000
input.PRISrun2,input.PL2NoQeSdExt,0.00000
input.PRISrun3,input.PL2NoQeSdExt,0.00000
input.PRISrun4,input.PL2NoQeSdExt,0.00000
input.QCRIwoTagOrg,input.PL2NoQeSdExt,0.00000
input.QCRIwTagOrg,input.PL2NoQeSdExt,0.00000
input.qHtagBaseRun,input.PL2NoQeSdExt,0.00000
input.qRefLThresh,input.PL2NoQeSdExt,0.00000
input.refBalRun,input.PL2NoQeSdExt,0.00000
input.refRelRun,input.PL2NoQeSdExt,0.00000
input.relevanceRun,input.PL2NoQeSdExt,0.00000
input.RFD,input.PL2NoQeSdExt,0.00000
input.ri,input.PL2NoQeSdExt,0.00000
input.rit,input.PL2NoQeSdExt,0.00000
input.rit3,input.PL2NoQeSdExt,0.00000
input.RMITAR,input.PL2NoQeSdExt,0.00000
input.RMITM,input.PL2NoQeSdExt,0.00000
input.RMITMR,input.PL2NoQeSdExt,0.00002
input.RMITMRR,input.PL2NoQeSdExt,0.00000
input.Rocchio,input.PL2NoQeSdExt,0.00000
input.RTB,input.PL2NoQeSdExt,0.18656
input.run1,input.PL2NoQeSdExt,0.00000
input.run1a,input.PL2NoQeSdExt,0.00658
input.run1fix,input.PL2NoQeSdExt,0.00000
input.run2,input.PL2NoQeSdExt,0.00000
input.run2a,input.PL2NoQeSdExt,0.00034
input.run3,input.PL2NoQeSdExt,0.00000
input.run3a,input.PL2NoQeSdExt,0.00000
input.run4,input.PL2NoQeSdExt,0.00000
input.run4a,input.PL2NoQeSdExt,0.00000
input.RunAll,input.PL2NoQeSdExt,0.00000
input.RunFut,input.PL2NoQeSdExt,0.00000
input.runNeMIS,input.PL2NoQeSdExt,0.00366
input.runNeMISext,input.PL2NoQeSdExt,0.00019
input.RunPure,input.PL2NoQeSdExt,0.00000
input.scurtuRun1,input.PL2NoQeSdExt,0.00001
input.sielrun1,input.PL2NoQeSdExt,0.04155
input.sielrun2,input.PL2NoQeSdExt,0.00152
input.sielrun3,input.PL2NoQeSdExt,0.00287
input.sielrun4,input.PL2NoQeSdExt,0.00197
input.SienaCL1B,input.PL2NoQeSdExt,0.00000
input.SienaCL31,input.PL2NoQeSdExt,0.00000
input.SienaCL342,input.PL2NoQeSdExt,0.00000
input.SienaCLbase,input.PL2NoQeSdExt,0.00000
input.simfoll,input.PL2NoQeSdExt,0.00000
input.simfollTP01,input.PL2NoQeSdExt,0.00000
input.sylesNoRes,input.PL2NoQeSdExt,0.00000
input.tfTP01,input.PL2NoQeSdExt,0.00000
input.udelIndri,input.PL2NoQeSdExt,0.00000
input.udelLucene,input.PL2NoQeSdExt,0.19943
input.UDMicroComb1,input.PL2NoQeSdExt,0.00000
input.UDMicroComb2,input.PL2NoQeSdExt,0.00000
input.UDMicroIDF,input.PL2NoQeSdExt,0.00000
input.UDMicroIDFD,input.PL2NoQeSdExt,0.00000
input.uicir1,input.PL2NoQeSdExt,0.00000
input.uicir2,input.PL2NoQeSdExt,0.00000
input.UIowaS1,input.PL2NoQeSdExt,0.00000
input.UIowaS2,input.PL2NoQeSdExt,0.00000
input.UIowaS3,input.PL2NoQeSdExt,0.00000
input.UIowaS4,input.PL2NoQeSdExt,0.00000
input.uiucsf,input.PL2NoQeSdExt,0.05918
input.uogTrLqea,input.PL2NoQeSdExt,0.00002
input.uogTrLqeabd,input.PL2NoQeSdExt,0.00009
input.uogTrLqeabdd,input.PL2NoQeSdExt,0.00022
input.uogTrUB2,input.PL2NoQeSdExt,0.00039
input.UTBase,input.PL2NoQeSdExt,0.00005
input.UTBaseRTF,input.PL2NoQeSdExt,0.67813
input.UTWngFuture,input.PL2NoQeSdExt,0.93985
input.UTWngFutureQ,input.PL2NoQeSdExt,0.04155
input.waterlooa1,input.PL2NoQeSdExt,0.00000
input.waterlooa2,input.PL2NoQeSdExt,0.00000
input.waterlooa3,input.PL2NoQeSdExt,0.00000
input.waterlooa4,input.PL2NoQeSdExt,0.00000
input.WESTfilext,input.PL2NoQeSdExt,0.00000
input.WESTfilter,input.PL2NoQeSdExt,0.00000
input.WESTrelint,input.PL2NoQeSdExt,0.07002
input.WESTrlext,input.PL2NoQeSdExt,0.07002
input.Wise2ndRun,input.PL2NoQeSdExt,0.00000
input.WiseFifthRun,input.PL2NoQeSdExt,0.00000
input.WiseFouthRun,input.PL2NoQeSdExt,0.00000
input.WiseThirdRun,input.PL2NoQeSdExt,0.00000
input.ya3,input.PL2NoQeSdExt,0.00001
input.ya4,input.PL2NoQeSdExt,0.00000
input.YNDXTPC1,input.PL2NoQeSdExt,0.00001
input.YNDXTPC2,input.PL2NoQeSdExt,0.00000
input.PRISrun2,input.PRISrun1,0.07612
input.PRISrun3,input.PRISrun1,0.45038
input.PRISrun4,input.PRISrun1,0.00000
input.QCRIwoTagOrg,input.PRISrun1,0.00000
input.QCRIwTagOrg,input.PRISrun1,0.00000
input.qHtagBaseRun,input.PRISrun1,0.00000
input.qRefLThresh,input.PRISrun1,0.00000
input.refBalRun,input.PRISrun1,0.00000
input.refRelRun,input.PRISrun1,0.00000
input.relevanceRun,input.PRISrun1,0.00025
input.RFD,input.PRISrun1,0.00000
input.ri,input.PRISrun1,0.22720
input.rit,input.PRISrun1,0.00000
input.rit3,input.PRISrun1,0.00000
input.RMITAR,input.PRISrun1,0.00000
input.RMITM,input.PRISrun1,0.00000
input.RMITMR,input.PRISrun1,0.00000
input.RMITMRR,input.PRISrun1,0.00000
input.Rocchio,input.PRISrun1,0.00000
input.RTB,input.PRISrun1,0.00000
input.run1,input.PRISrun1,0.00019
input.run1a,input.PRISrun1,0.00000
input.run1fix,input.PRISrun1,0.00324
input.run2,input.PRISrun1,0.01743
input.run2a,input.PRISrun1,0.00000
input.run3,input.PRISrun1,0.00000
input.run3a,input.PRISrun1,0.00000
input.run4,input.PRISrun1,0.00000
input.run4a,input.PRISrun1,0.00000
input.RunAll,input.PRISrun1,0.00000
input.RunFut,input.PRISrun1,0.00000
input.runNeMIS,input.PRISrun1,0.00000
input.runNeMISext,input.PRISrun1,0.00000
input.RunPure,input.PRISrun1,0.00000
input.scurtuRun1,input.PRISrun1,0.00000
input.sielrun1,input.PRISrun1,0.00000
input.sielrun2,input.PRISrun1,0.00000
input.sielrun3,input.PRISrun1,0.00000
input.sielrun4,input.PRISrun1,0.00000
input.SienaCL1B,input.PRISrun1,0.00000
input.SienaCL31,input.PRISrun1,0.00000
input.SienaCL342,input.PRISrun1,0.00000
input.SienaCLbase,input.PRISrun1,0.00000
input.simfoll,input.PRISrun1,0.00000
input.simfollTP01,input.PRISrun1,0.00000
input.sylesNoRes,input.PRISrun1,0.00090
input.tfTP01,input.PRISrun1,0.00000
input.udelIndri,input.PRISrun1,0.00000
input.udelLucene,input.PRISrun1,0.00000
input.UDMicroComb1,input.PRISrun1,0.00000
input.UDMicroComb2,input.PRISrun1,0.00000
input.UDMicroIDF,input.PRISrun1,0.00000
input.UDMicroIDFD,input.PRISrun1,0.00000
input.uicir1,input.PRISrun1,0.00000
input.uicir2,input.PRISrun1,0.00000
input.UIowaS1,input.PRISrun1,0.00000
input.UIowaS2,input.PRISrun1,0.00000
input.UIowaS3,input.PRISrun1,0.00000
input.UIowaS4,input.PRISrun1,0.00000
input.uiucsf,input.PRISrun1,0.00000
input.uogTrLqea,input.PRISrun1,0.00000
input.uogTrLqeabd,input.PRISrun1,0.00000
input.uogTrLqeabdd,input.PRISrun1,0.00000
input.uogTrUB2,input.PRISrun1,0.00000
input.UTBase,input.PRISrun1,0.00000
input.UTBaseRTF,input.PRISrun1,0.00000
input.UTWngFuture,input.PRISrun1,0.00000
input.UTWngFutureQ,input.PRISrun1,0.00000
input.waterlooa1,input.PRISrun1,0.00152
input.waterlooa2,input.PRISrun1,0.00012
input.waterlooa3,input.PRISrun1,0.03793
input.waterlooa4,input.PRISrun1,0.00197
input.WESTfilext,input.PRISrun1,0.00000
input.WESTfilter,input.PRISrun1,0.00000
input.WESTrelint,input.PRISrun1,0.00000
input.WESTrlext,input.PRISrun1,0.00000
input.Wise2ndRun,input.PRISrun1,0.00078
input.WiseFifthRun,input.PRISrun1,0.00001
input.WiseFouthRun,input.PRISrun1,0.00000
input.WiseThirdRun,input.PRISrun1,0.00078
input.ya3,input.PRISrun1,0.00000
input.ya4,input.PRISrun1,0.00000
input.YNDXTPC1,input.PRISrun1,0.00000
input.YNDXTPC2,input.PRISrun1,0.00000
input.PRISrun3,input.PRISrun2,0.01146
input.PRISrun4,input.PRISrun2,0.00000
input.QCRIwoTagOrg,input.PRISrun2,0.00000
input.QCRIwTagOrg,input.PRISrun2,0.00000
input.qHtagBaseRun,input.PRISrun2,0.00000
input.qRefLThresh,input.PRISrun2,0.00000
input.refBalRun,input.PRISrun2,0.00000
input.refRelRun,input.PRISrun2,0.00000
input.relevanceRun,input.PRISrun2,0.00000
input.RFD,input.PRISrun2,0.00000
input.ri,input.PRISrun2,0.00287
input.rit,input.PRISrun2,0.00000
input.rit3,input.PRISrun2,0.00000
input.RMITAR,input.PRISrun2,0.00000
input.RMITM,input.PRISrun2,0.00000
input.RMITMR,input.PRISrun2,0.00000
input.RMITMRR,input.PRISrun2,0.00000
input.Rocchio,input.PRISrun2,0.00000
input.RTB,input.PRISrun2,0.00000
input.run1,input.PRISrun2,0.00000
input.run1a,input.PRISrun2,0.00000
input.run1fix,input.PRISrun2,0.00000
input.run2,input.PRISrun2,0.00003
input.run2a,input.PRISrun2,0.00000
input.run3,input.PRISrun2,0.00000
input.run3a,input.PRISrun2,0.00000
input.run4,input.PRISrun2,0.00000
input.run4a,input.PRISrun2,0.00000
input.RunAll,input.PRISrun2,0.00000
input.RunFut,input.PRISrun2,0.00000
input.runNeMIS,input.PRISrun2,0.00000
input.runNeMISext,input.PRISrun2,0.00000
input.RunPure,input.PRISrun2,0.00000
input.scurtuRun1,input.PRISrun2,0.00000
input.sielrun1,input.PRISrun2,0.00000
input.sielrun2,input.PRISrun2,0.00000
input.sielrun3,input.PRISrun2,0.00000
input.sielrun4,input.PRISrun2,0.00000
input.SienaCL1B,input.PRISrun2,0.00000
input.SienaCL31,input.PRISrun2,0.00000
input.SienaCL342,input.PRISrun2,0.00000
input.SienaCLbase,input.PRISrun2,0.00000
input.simfoll,input.PRISrun2,0.00000
input.simfollTP01,input.PRISrun2,0.00000
input.sylesNoRes,input.PRISrun2,0.00000
input.tfTP01,input.PRISrun2,0.00000
input.udelIndri,input.PRISrun2,0.00000
input.udelLucene,input.PRISrun2,0.00000
input.UDMicroComb1,input.PRISrun2,0.00000
input.UDMicroComb2,input.PRISrun2,0.00000
input.UDMicroIDF,input.PRISrun2,0.00000
input.UDMicroIDFD,input.PRISrun2,0.00000
input.uicir1,input.PRISrun2,0.00000
input.uicir2,input.PRISrun2,0.00000
input.UIowaS1,input.PRISrun2,0.00000
input.UIowaS2,input.PRISrun2,0.00000
input.UIowaS3,input.PRISrun2,0.00000
input.UIowaS4,input.PRISrun2,0.00000
input.uiucsf,input.PRISrun2,0.00000
input.uogTrLqea,input.PRISrun2,0.00000
input.uogTrLqeabd,input.PRISrun2,0.00000
input.uogTrLqeabdd,input.PRISrun2,0.00000
input.uogTrUB2,input.PRISrun2,0.00000
input.UTBase,input.PRISrun2,0.00000
input.UTBaseRTF,input.PRISrun2,0.00000
input.UTWngFuture,input.PRISrun2,0.00000
input.UTWngFutureQ,input.PRISrun2,0.00000
input.waterlooa1,input.PRISrun2,0.00000
input.waterlooa2,input.PRISrun2,0.00000
input.waterlooa3,input.PRISrun2,0.00012
input.waterlooa4,input.PRISrun2,0.00000
input.WESTfilext,input.PRISrun2,0.00000
input.WESTfilter,input.PRISrun2,0.00000
input.WESTrelint,input.PRISrun2,0.00000
input.WESTrlext,input.PRISrun2,0.00000
input.Wise2ndRun,input.PRISrun2,0.00000
input.WiseFifthRun,input.PRISrun2,0.00000
input.WiseFouthRun,input.PRISrun2,0.00000
input.WiseThirdRun,input.PRISrun2,0.00000
input.ya3,input.PRISrun2,0.00000
input.ya4,input.PRISrun2,0.00000
input.YNDXTPC1,input.PRISrun2,0.00000
input.YNDXTPC2,input.PRISrun2,0.00000
input.PRISrun4,input.PRISrun3,0.00001
input.QCRIwoTagOrg,input.PRISrun3,0.00005
input.QCRIwTagOrg,input.PRISrun3,0.00014
input.qHtagBaseRun,input.PRISrun3,0.00000
input.qRefLThresh,input.PRISrun3,0.00000
input.refBalRun,input.PRISrun3,0.00000
input.refRelRun,input.PRISrun3,0.00000
input.relevanceRun,input.PRISrun3,0.00366
input.RFD,input.PRISrun3,0.00000
input.ri,input.PRISrun3,0.65067
input.rit,input.PRISrun3,0.00012
input.rit3,input.PRISrun3,0.00000
input.RMITAR,input.PRISrun3,0.00000
input.RMITM,input.PRISrun3,0.00000
input.RMITMR,input.PRISrun3,0.00000
input.RMITMRR,input.PRISrun3,0.00000
input.Rocchio,input.PRISrun3,0.00000
input.RTB,input.PRISrun3,0.00000
input.run1,input.PRISrun3,0.00287
input.run1a,input.PRISrun3,0.00000
input.run1fix,input.PRISrun3,0.02859
input.run2,input.PRISrun3,0.10465
input.run2a,input.PRISrun3,0.00000
input.run3,input.PRISrun3,0.00000
input.run3a,input.PRISrun3,0.00000
input.run4,input.PRISrun3,0.00000
input.run4a,input.PRISrun3,0.00000
input.RunAll,input.PRISrun3,0.00000
input.RunFut,input.PRISrun3,0.00000
input.runNeMIS,input.PRISrun3,0.00000
input.runNeMISext,input.PRISrun3,0.00000
input.RunPure,input.PRISrun3,0.00000
input.scurtuRun1,input.PRISrun3,0.00000
input.sielrun1,input.PRISrun3,0.00000
input.sielrun2,input.PRISrun3,0.00000
input.sielrun3,input.PRISrun3,0.00000
input.sielrun4,input.PRISrun3,0.00000
input.SienaCL1B,input.PRISrun3,0.00004
input.SienaCL31,input.PRISrun3,0.00000
input.SienaCL342,input.PRISrun3,0.00000
input.SienaCLbase,input.PRISrun3,0.00000
input.simfoll,input.PRISrun3,0.00003
input.simfollTP01,input.PRISrun3,0.00004
input.sylesNoRes,input.PRISrun3,0.01027
input.tfTP01,input.PRISrun3,0.00002
input.udelIndri,input.PRISrun3,0.00004
input.udelLucene,input.PRISrun3,0.00000
input.UDMicroComb1,input.PRISrun3,0.00000
input.UDMicroComb2,input.PRISrun3,0.00000
input.UDMicroIDF,input.PRISrun3,0.00002
input.UDMicroIDFD,input.PRISrun3,0.00000
input.uicir1,input.PRISrun3,0.00000
input.uicir2,input.PRISrun3,0.00000
input.UIowaS1,input.PRISrun3,0.00000
input.UIowaS2,input.PRISrun3,0.00000
input.UIowaS3,input.PRISrun3,0.00000
input.UIowaS4,input.PRISrun3,0.00000
input.uiucsf,input.PRISrun3,0.00000
input.uogTrLqea,input.PRISrun3,0.00000
input.uogTrLqeabd,input.PRISrun3,0.00000
input.uogTrLqeabdd,input.PRISrun3,0.00000
input.uogTrUB2,input.PRISrun3,0.00000
input.UTBase,input.PRISrun3,0.00000
input.UTBaseRTF,input.PRISrun3,0.00000
input.UTWngFuture,input.PRISrun3,0.00000
input.UTWngFutureQ,input.PRISrun3,0.00000
input.waterlooa1,input.PRISrun3,0.01572
input.waterlooa2,input.PRISrun3,0.00197
input.waterlooa3,input.PRISrun3,0.18656
input.waterlooa4,input.PRISrun3,0.01929
input.WESTfilext,input.PRISrun3,0.00000
input.WESTfilter,input.PRISrun3,0.00000
input.WESTrelint,input.PRISrun3,0.00000
input.WESTrlext,input.PRISrun3,0.00000
input.Wise2ndRun,input.PRISrun3,0.00921
input.WiseFifthRun,input.PRISrun3,0.00019
input.WiseFouthRun,input.PRISrun3,0.00000
input.WiseThirdRun,input.PRISrun3,0.00921
input.ya3,input.PRISrun3,0.00000
input.ya4,input.PRISrun3,0.00000
input.YNDXTPC1,input.PRISrun3,0.00000
input.YNDXTPC2,input.PRISrun3,0.00000
input.QCRIwoTagOrg,input.PRISrun4,0.79167
input.QCRIwTagOrg,input.PRISrun4,0.59726
input.qHtagBaseRun,input.PRISrun4,0.03145
input.qRefLThresh,input.PRISrun4,0.00413
input.refBalRun,input.PRISrun4,0.22715
input.refRelRun,input.PRISrun4,0.73394
input.relevanceRun,input.PRISrun4,0.15157
input.RFD,input.PRISrun4,0.05428
input.ri,input.PRISrun4,0.00010
input.rit,input.PRISrun4,0.62360
input.rit3,input.PRISrun4,0.24201
input.RMITAR,input.PRISrun4,0.00921
input.RMITM,input.PRISrun4,0.14103
input.RMITMR,input.PRISrun4,0.00090
input.RMITMRR,input.PRISrun4,0.70578
input.Rocchio,input.PRISrun4,0.03791
input.RTB,input.PRISrun4,0.00000
input.run1,input.PRISrun4,0.17429
input.run1a,input.PRISrun4,0.00000
input.run1fix,input.PRISrun4,0.03148
input.run2,input.PRISrun4,0.00658
input.run2a,input.PRISrun4,0.00006
input.run3,input.PRISrun4,0.38530
input.run3a,input.PRISrun4,0.00465
input.run4,input.PRISrun4,0.05917
input.run4a,input.PRISrun4,0.00324
input.RunAll,input.PRISrun4,0.29058
input.RunFut,input.PRISrun4,0.15151
input.runNeMIS,input.PRISrun4,0.00000
input.runNeMISext,input.PRISrun4,0.00012
input.RunPure,input.PRISrun4,0.34538
input.scurtuRun1,input.PRISrun4,0.00117
input.sielrun1,input.PRISrun4,0.00000
input.sielrun2,input.PRISrun4,0.00001
input.sielrun3,input.PRISrun4,0.00000
input.sielrun4,input.PRISrun4,0.00001
input.SienaCL1B,input.PRISrun4,0.82081
input.SienaCL31,input.PRISrun4,0.73407
input.SienaCL342,input.PRISrun4,0.76273
input.SienaCLbase,input.PRISrun4,0.67805
input.simfoll,input.PRISrun4,0.88008
input.simfollTP01,input.PRISrun4,0.82086
input.sylesNoRes,input.PRISrun4,0.07613
input.tfTP01,input.PRISrun4,0.93985
input.udelIndri,input.PRISrun4,0.82090
input.udelLucene,input.PRISrun4,0.00000
input.UDMicroComb1,input.PRISrun4,0.04156
input.UDMicroComb2,input.PRISrun4,0.36512
input.UDMicroIDF,input.PRISrun4,0.96988
input.UDMicroIDFD,input.PRISrun4,0.14106
input.uicir1,input.PRISrun4,0.02354
input.uicir2,input.PRISrun4,0.00737
input.UIowaS1,input.PRISrun4,0.57152
input.UIowaS2,input.PRISrun4,0.57140
input.UIowaS3,input.PRISrun4,0.62380
input.UIowaS4,input.PRISrun4,0.29073
input.uiucsf,input.PRISrun4,0.00000
input.uogTrLqea,input.PRISrun4,0.00090
input.uogTrLqeabd,input.PRISrun4,0.00025
input.uogTrLqeabdd,input.PRISrun4,0.00010
input.uogTrUB2,input.PRISrun4,0.00005
input.UTBase,input.PRISrun4,0.00039
input.UTBaseRTF,input.PRISrun4,0.00000
input.UTWngFuture,input.PRISrun4,0.00000
input.UTWngFutureQ,input.PRISrun4,0.00000
input.waterlooa1,input.PRISrun4,0.05427
input.waterlooa2,input.PRISrun4,0.21297
input.waterlooa3,input.PRISrun4,0.00253
input.waterlooa4,input.PRISrun4,0.04548
input.WESTfilext,input.PRISrun4,0.00825
input.WESTfilter,input.PRISrun4,0.02133
input.WESTrelint,input.PRISrun4,0.00000
input.WESTrlext,input.PRISrun4,0.00000
input.Wise2ndRun,input.PRISrun4,0.08255
input.WiseFifthRun,input.PRISrun4,0.54597
input.WiseFouthRun,input.PRISrun4,0.54593
input.WiseThirdRun,input.PRISrun4,0.08255
input.ya3,input.PRISrun4,0.00224
input.ya4,input.PRISrun4,0.04971
input.YNDXTPC1,input.PRISrun4,0.00197
input.YNDXTPC2,input.PRISrun4,0.00522
input.QCRIwTagOrg,input.QCRIwoTagOrg,0.79163
input.qHtagBaseRun,input.QCRIwoTagOrg,0.01571
input.qRefLThresh,input.QCRIwoTagOrg,0.00173
input.refBalRun,input.QCRIwoTagOrg,0.14106
input.refRelRun,input.QCRIwoTagOrg,0.54582
input.relevanceRun,input.QCRIwoTagOrg,0.24206
input.RFD,input.QCRIwoTagOrg,0.02862
input.ri,input.QCRIwoTagOrg,0.00029
input.rit,input.QCRIwoTagOrg,0.82073
input.rit3,input.QCRIwoTagOrg,0.15154
input.RMITAR,input.QCRIwoTagOrg,0.00412
input.RMITM,input.QCRIwoTagOrg,0.08254
input.RMITMR,input.QCRIwoTagOrg,0.00034
input.RMITMRR,input.QCRIwoTagOrg,0.52108
input.Rocchio,input.QCRIwoTagOrg,0.01929
input.RTB,input.QCRIwoTagOrg,0.00000
input.run1,input.QCRIwoTagOrg,0.27378
input.run1a,input.QCRIwoTagOrg,0.00000
input.run1fix,input.QCRIwoTagOrg,0.05918
input.run2,input.QCRIwoTagOrg,0.01416
input.run2a,input.QCRIwoTagOrg,0.00002
input.run3,input.QCRIwoTagOrg,0.25750
input.run3a,input.QCRIwoTagOrg,0.00197
input.run4,input.QCRIwoTagOrg,0.03147
input.run4a,input.QCRIwoTagOrg,0.00134
input.RunAll,input.QCRIwoTagOrg,0.18650
input.RunFut,input.QCRIwoTagOrg,0.08944
input.runNeMIS,input.QCRIwoTagOrg,0.00000
input.runNeMISext,input.QCRIwoTagOrg,0.00004
input.RunPure,input.QCRIwoTagOrg,0.22715
input.scurtuRun1,input.QCRIwoTagOrg,0.00045
input.sielrun1,input.QCRIwoTagOrg,0.00000
input.sielrun2,input.QCRIwoTagOrg,0.00000
input.sielrun3,input.QCRIwoTagOrg,0.00000
input.sielrun4,input.QCRIwoTagOrg,0.00000
input.SienaCL1B,input.QCRIwoTagOrg,0.96997
input.SienaCL31,input.QCRIwoTagOrg,0.54593
input.SienaCL342,input.QCRIwoTagOrg,0.57136
input.SienaCLbase,input.QCRIwoTagOrg,0.49697
input.simfoll,input.QCRIwoTagOrg,0.90981
input.simfollTP01,input.QCRIwoTagOrg,0.96992
input.sylesNoRes,input.QCRIwoTagOrg,0.13118
input.tfTP01,input.QCRIwoTagOrg,0.85034
input.udelIndri,input.QCRIwoTagOrg,0.96988
input.udelLucene,input.QCRIwoTagOrg,0.00000
input.UDMicroComb1,input.QCRIwoTagOrg,0.02133
input.UDMicroComb2,input.QCRIwoTagOrg,0.24208
input.UDMicroIDF,input.QCRIwoTagOrg,0.82090
input.UDMicroIDFD,input.QCRIwoTagOrg,0.08256
input.uicir1,input.QCRIwoTagOrg,0.01145
input.uicir2,input.QCRIwoTagOrg,0.00324
input.UIowaS1,input.QCRIwoTagOrg,0.40656
input.UIowaS2,input.QCRIwoTagOrg,0.40646
input.UIowaS3,input.QCRIwoTagOrg,0.45048
input.UIowaS4,input.QCRIwoTagOrg,0.18661
input.uiucsf,input.QCRIwoTagOrg,0.00000
input.uogTrLqea,input.QCRIwoTagOrg,0.00034
input.uogTrLqeabd,input.QCRIwoTagOrg,0.00009
input.uogTrLqeabdd,input.QCRIwoTagOrg,0.00003
input.uogTrUB2,input.QCRIwoTagOrg,0.00002
input.UTBase,input.QCRIwoTagOrg,0.00014
input.UTBaseRTF,input.QCRIwoTagOrg,0.00000
input.UTWngFuture,input.QCRIwoTagOrg,0.00000
input.UTWngFutureQ,input.QCRIwoTagOrg,0.00000
input.waterlooa1,input.QCRIwoTagOrg,0.09680
input.waterlooa2,input.QCRIwoTagOrg,0.32645
input.waterlooa3,input.QCRIwoTagOrg,0.00587
input.waterlooa4,input.QCRIwoTagOrg,0.08256
input.WESTfilext,input.QCRIwoTagOrg,0.00366
input.WESTfilter,input.QCRIwoTagOrg,0.01028
input.WESTrelint,input.QCRIwoTagOrg,0.00000
input.WESTrlext,input.QCRIwoTagOrg,0.00000
input.Wise2ndRun,input.QCRIwoTagOrg,0.14104
input.WiseFifthRun,input.QCRIwoTagOrg,0.73411
input.WiseFouthRun,input.QCRIwoTagOrg,0.38539
input.WiseThirdRun,input.QCRIwoTagOrg,0.14104
input.ya3,input.QCRIwoTagOrg,0.00090
input.ya4,input.QCRIwoTagOrg,0.02597
input.YNDXTPC1,input.QCRIwoTagOrg,0.00078
input.YNDXTPC2,input.QCRIwoTagOrg,0.00224
input.qHtagBaseRun,input.QCRIwTagOrg,0.00737
input.qRefLThresh,input.QCRIwTagOrg,0.00068
input.refBalRun,input.QCRIwTagOrg,0.08255
input.refRelRun,input.QCRIwTagOrg,0.38527
input.relevanceRun,input.QCRIwTagOrg,0.36512
input.RFD,input.QCRIwTagOrg,0.01417
input.ri,input.QCRIwTagOrg,0.00078
input.rit,input.QCRIwTagOrg,0.97002
input.rit3,input.QCRIwTagOrg,0.08945
input.RMITAR,input.QCRIwTagOrg,0.00173
input.RMITM,input.QCRIwTagOrg,0.04546
input.RMITMR,input.QCRIwTagOrg,0.00012
input.RMITMRR,input.QCRIwTagOrg,0.36500
input.Rocchio,input.QCRIwTagOrg,0.00921
input.RTB,input.QCRIwTagOrg,0.00000
input.run1,input.QCRIwTagOrg,0.40643
input.run1a,input.QCRIwTagOrg,0.00000
input.run1fix,input.QCRIwTagOrg,0.10467
input.run2,input.QCRIwTagOrg,0.02860
input.run2a,input.QCRIwTagOrg,0.00001
input.run3,input.QCRIwTagOrg,0.16256
input.run3a,input.QCRIwTagOrg,0.00078
input.run4,input.QCRIwTagOrg,0.01572
input.run4a,input.QCRIwTagOrg,0.00052
input.RunAll,input.QCRIwTagOrg,0.11292
input.RunFut,input.QCRIwTagOrg,0.04970
input.runNeMIS,input.QCRIwTagOrg,0.00000
input.runNeMISext,input.QCRIwTagOrg,0.00001
input.RunPure,input.QCRIwTagOrg,0.14104
input.scurtuRun1,input.QCRIwTagOrg,0.00016
input.sielrun1,input.QCRIwTagOrg,0.00000
input.sielrun2,input.QCRIwTagOrg,0.00000
input.sielrun3,input.QCRIwTagOrg,0.00000
input.sielrun4,input.QCRIwTagOrg,0.00000
input.SienaCL1B,input.QCRIwTagOrg,0.76277
input.SienaCL31,input.QCRIwTagOrg,0.38536
input.SienaCL342,input.QCRIwTagOrg,0.40640
input.SienaCLbase,input.QCRIwTagOrg,0.34544
input.simfoll,input.QCRIwTagOrg,0.70582
input.simfollTP01,input.QCRIwTagOrg,0.76273
input.sylesNoRes,input.QCRIwTagOrg,0.21304
input.tfTP01,input.QCRIwTagOrg,0.65063
input.udelIndri,input.QCRIwTagOrg,0.76268
input.udelLucene,input.QCRIwTagOrg,0.00000
input.UDMicroComb1,input.QCRIwTagOrg,0.01028
input.UDMicroComb2,input.QCRIwTagOrg,0.15157
input.UDMicroIDF,input.QCRIwTagOrg,0.62372
input.UDMicroIDFD,input.QCRIwTagOrg,0.04548
input.uicir1,input.QCRIwTagOrg,0.00522
input.uicir2,input.QCRIwTagOrg,0.00134
input.UIowaS1,input.QCRIwTagOrg,0.27388
input.UIowaS2,input.QCRIwTagOrg,0.27381
input.UIowaS3,input.QCRIwTagOrg,0.30829
input.UIowaS4,input.QCRIwTagOrg,0.11300
input.uiucsf,input.QCRIwTagOrg,0.00000
input.uogTrLqea,input.QCRIwTagOrg,0.00012
input.uogTrLqeabd,input.QCRIwTagOrg,0.00003
input.uogTrLqeabdd,input.QCRIwTagOrg,0.00001
input.uogTrUB2,input.QCRIwTagOrg,0.00000
input.UTBase,input.QCRIwTagOrg,0.00005
input.UTBaseRTF,input.QCRIwTagOrg,0.00000
input.UTWngFuture,input.QCRIwTagOrg,0.00000
input.UTWngFutureQ,input.QCRIwTagOrg,0.00000
input.waterlooa1,input.QCRIwTagOrg,0.16261
input.waterlooa2,input.QCRIwTagOrg,0.47332
input.waterlooa3,input.QCRIwTagOrg,0.01274
input.waterlooa4,input.QCRIwTagOrg,0.14107
input.WESTfilext,input.QCRIwTagOrg,0.00152
input.WESTfilter,input.QCRIwTagOrg,0.00465
input.WESTrelint,input.QCRIwTagOrg,0.00000
input.WESTrlext,input.QCRIwTagOrg,0.00000
input.Wise2ndRun,input.QCRIwTagOrg,0.22715
input.WiseFifthRun,input.QCRIwTagOrg,0.93985
input.WiseFouthRun,input.QCRIwTagOrg,0.25755
input.WiseThirdRun,input.QCRIwTagOrg,0.22715
input.ya3,input.QCRIwTagOrg,0.00034
input.ya4,input.QCRIwTagOrg,0.01275
input.YNDXTPC1,input.QCRIwTagOrg,0.00029
input.YNDXTPC2,input.QCRIwTagOrg,0.00090
input.qRefLThresh,input.qHtagBaseRun,0.47339
input.refBalRun,input.qHtagBaseRun,0.34535
input.refRelRun,input.qHtagBaseRun,0.07007
input.relevanceRun,input.qHtagBaseRun,0.00034
input.RFD,input.qHtagBaseRun,0.82059
input.ri,input.qHtagBaseRun,0.00000
input.rit,input.qHtagBaseRun,0.00824
input.rit3,input.qHtagBaseRun,0.32640
input.RMITAR,input.qHtagBaseRun,0.65059
input.RMITM,input.qHtagBaseRun,0.49690
input.RMITMR,input.qHtagBaseRun,0.24201
input.RMITMRR,input.qHtagBaseRun,0.07609
input.Rocchio,input.qHtagBaseRun,0.93976
input.RTB,input.qHtagBaseRun,0.00000
input.run1,input.qHtagBaseRun,0.00045
input.run1a,input.qHtagBaseRun,0.00659
input.run1fix,input.qHtagBaseRun,0.00002
input.run2,input.qHtagBaseRun,0.00000
input.run2a,input.qHtagBaseRun,0.06444
input.run3,input.qHtagBaseRun,0.19943
input.run3a,input.qHtagBaseRun,0.49715
input.run4,input.qHtagBaseRun,0.79145
input.run4a,input.qHtagBaseRun,0.42824
input.RunAll,input.qHtagBaseRun,0.27373
input.RunFut,input.qHtagBaseRun,0.47329
input.runNeMIS,input.qHtagBaseRun,0.01146
input.runNeMISext,input.qHtagBaseRun,0.08947
input.RunPure,input.qHtagBaseRun,0.22713
input.scurtuRun1,input.qHtagBaseRun,0.27386
input.sielrun1,input.qHtagBaseRun,0.00068
input.sielrun2,input.qHtagBaseRun,0.02357
input.sielrun3,input.qHtagBaseRun,0.01417
input.sielrun4,input.qHtagBaseRun,0.01931
input.SienaCL1B,input.qHtagBaseRun,0.01741
input.SienaCL31,input.qHtagBaseRun,0.07004
input.SienaCL342,input.qHtagBaseRun,0.06439
input.SienaCLbase,input.qHtagBaseRun,0.08252
input.simfoll,input.qHtagBaseRun,0.02132
input.simfollTP01,input.qHtagBaseRun,0.01742
input.sylesNoRes,input.qHtagBaseRun,0.00009
input.tfTP01,input.qHtagBaseRun,0.02596
input.udelIndri,input.qHtagBaseRun,0.01742
input.udelLucene,input.qHtagBaseRun,0.00003
input.UDMicroComb1,input.qHtagBaseRun,0.90963
input.UDMicroComb2,input.qHtagBaseRun,0.21287
input.UDMicroIDF,input.qHtagBaseRun,0.02859
input.UDMicroIDFD,input.qHtagBaseRun,0.49682
input.uicir1,input.qHtagBaseRun,0.90986
input.uicir2,input.qHtagBaseRun,0.59730
input.UIowaS1,input.qHtagBaseRun,0.11284
input.UIowaS2,input.qHtagBaseRun,0.11288
input.UIowaS3,input.qHtagBaseRun,0.09673
input.UIowaS4,input.qHtagBaseRun,0.27358
input.uiucsf,input.qHtagBaseRun,0.00000
input.uogTrLqea,input.qHtagBaseRun,0.24215
input.uogTrLqeabd,input.qHtagBaseRun,0.13121
input.uogTrLqeabdd,input.qHtagBaseRun,0.08261
input.uogTrUB2,input.qHtagBaseRun,0.05918
input.UTBase,input.qHtagBaseRun,0.16266
input.UTBaseRTF,input.qHtagBaseRun,0.00000
input.UTWngFuture,input.qHtagBaseRun,0.00000
input.UTWngFutureQ,input.qHtagBaseRun,0.00068
input.waterlooa1,input.qHtagBaseRun,0.00005
input.waterlooa2,input.qHtagBaseRun,0.00068
input.waterlooa3,input.qHtagBaseRun,0.00000
input.waterlooa4,input.qHtagBaseRun,0.00003
input.WESTfilext,input.qHtagBaseRun,0.62380
input.WESTfilter,input.qHtagBaseRun,0.88026
input.WESTrelint,input.qHtagBaseRun,0.00029
input.WESTrlext,input.qHtagBaseRun,0.00029
input.Wise2ndRun,input.qHtagBaseRun,0.00010
input.WiseFifthRun,input.qHtagBaseRun,0.00587
input.WiseFouthRun,input.qHtagBaseRun,0.12174
input.WiseThirdRun,input.qHtagBaseRun,0.00010
input.ya3,input.qHtagBaseRun,0.36509
input.ya4,input.qHtagBaseRun,0.85016
input.YNDXTPC1,input.qHtagBaseRun,0.34553
input.YNDXTPC2,input.qHtagBaseRun,0.52119
input.refBalRun,input.qRefLThresh,0.09679
input.refRelRun,input.qRefLThresh,0.01146
input.relevanceRun,input.qRefLThresh,0.00002
input.RFD,input.qRefLThresh,0.34530
input.ri,input.qRefLThresh,0.00000
input.rit,input.qRefLThresh,0.00078
input.rit3,input.qRefLThresh,0.08944
input.RMITAR,input.qRefLThresh,0.79176
input.RMITM,input.qRefLThresh,0.16261
input.RMITMR,input.qRefLThresh,0.65055
input.RMITMRR,input.qRefLThresh,0.01275
input.Rocchio,input.qRefLThresh,0.42804
input.RTB,input.qRefLThresh,0.00000
input.run1,input.qRefLThresh,0.00002
input.run1a,input.qRefLThresh,0.04548
input.run1fix,input.qRefLThresh,0.00000
input.run2,input.qRefLThresh,0.00000
input.run2a,input.qRefLThresh,0.25757
input.run3,input.qRefLThresh,0.04548
input.run3a,input.qRefLThresh,0.96970
input.run4,input.qRefLThresh,0.32640
input.run4a,input.qRefLThresh,0.94003
input.RunAll,input.qRefLThresh,0.07007
input.RunFut,input.qRefLThresh,0.15154
input.runNeMIS,input.qRefLThresh,0.07007
input.runNeMISext,input.qRefLThresh,0.32648
input.RunPure,input.qRefLThresh,0.05426
input.scurtuRun1,input.qRefLThresh,0.70599
input.sielrun1,input.qRefLThresh,0.00737
input.sielrun2,input.qRefLThresh,0.12182
input.sielrun3,input.qRefLThresh,0.08258
input.sielrun4,input.qRefLThresh,0.10468
input.SienaCL1B,input.qRefLThresh,0.00197
input.SienaCL31,input.qRefLThresh,0.01145
input.SienaCL342,input.qRefLThresh,0.01028
input.SienaCLbase,input.qRefLThresh,0.01416
input.simfoll,input.qRefLThresh,0.00253
input.simfollTP01,input.qRefLThresh,0.00197
input.sylesNoRes,input.qRefLThresh,0.00000
input.tfTP01,input.qRefLThresh,0.00324
input.udelIndri,input.qRefLThresh,0.00197
input.udelLucene,input.qRefLThresh,0.00059
input.UDMicroComb1,input.qRefLThresh,0.40627
input.UDMicroComb2,input.qRefLThresh,0.04968
input.UDMicroIDF,input.qRefLThresh,0.00366
input.UDMicroIDFD,input.qRefLThresh,0.16257
input.uicir1,input.qRefLThresh,0.54601
input.uicir2,input.qRefLThresh,0.85034
input.UIowaS1,input.qRefLThresh,0.02131
input.UIowaS2,input.qRefLThresh,0.02132
input.UIowaS3,input.qRefLThresh,0.01741
input.UIowaS4,input.qRefLThresh,0.07001
input.uiucsf,input.qRefLThresh,0.00000
input.uogTrLqea,input.qRefLThresh,0.65080
input.uogTrLqeabd,input.qRefLThresh,0.42814
input.uogTrLqeabdd,input.qRefLThresh,0.30832
input.uogTrUB2,input.qRefLThresh,0.24204
input.UTBase,input.qRefLThresh,0.49700
input.UTBaseRTF,input.qRefLThresh,0.00000
input.UTWngFuture,input.qRefLThresh,0.00000
input.UTWngFutureQ,input.qRefLThresh,0.00737
input.waterlooa1,input.qRefLThresh,0.00000
input.waterlooa2,input.qRefLThresh,0.00004
input.waterlooa3,input.qRefLThresh,0.00000
input.waterlooa4,input.qRefLThresh,0.00000
input.WESTfilext,input.qRefLThresh,0.82081
input.WESTfilter,input.qRefLThresh,0.57117
input.WESTrelint,input.qRefLThresh,0.00366
input.WESTrlext,input.qRefLThresh,0.00366
input.Wise2ndRun,input.qRefLThresh,0.00000
input.WiseFifthRun,input.qRefLThresh,0.00052
input.WiseFouthRun,input.qRefLThresh,0.02355
input.WiseThirdRun,input.qRefLThresh,0.00000
input.ya3,input.qRefLThresh,0.85030
input.ya4,input.qRefLThresh,0.36500
input.YNDXTPC1,input.qRefLThresh,0.82095
input.YNDXTPC2,input.qRefLThresh,0.93985
input.refRelRun,input.refBalRun,0.38548
input.relevanceRun,input.refBalRun,0.00825
input.RFD,input.refBalRun,0.47346
input.ri,input.refBalRun,0.00000
input.rit,input.refBalRun,0.08942
input.rit3,input.refBalRun,0.96988
input.RMITAR,input.refBalRun,0.16254
input.RMITM,input.refBalRun,0.79158
input.RMITMR,input.refBalRun,0.03455
input.RMITMRR,input.refBalRun,0.40643
input.Rocchio,input.refBalRun,0.38536
input.RTB,input.refBalRun,0.00000
input.run1,input.refBalRun,0.01028
input.run1a,input.refBalRun,0.00025
input.run1fix,input.refBalRun,0.00078
input.run2,input.refBalRun,0.00009
input.run2a,input.refBalRun,0.00523
input.run3,input.refBalRun,0.73420
input.run3a,input.refBalRun,0.10467
input.run4,input.refBalRun,0.49700
input.run4a,input.refBalRun,0.08259
input.RunAll,input.refBalRun,0.88008
input.RunFut,input.refBalRun,0.82081
input.runNeMIS,input.refBalRun,0.00052
input.runNeMISext,input.refBalRun,0.00825
input.RunPure,input.refBalRun,0.79167
input.scurtuRun1,input.refBalRun,0.04156
input.sielrun1,input.refBalRun,0.00001
input.sielrun2,input.refBalRun,0.00134
input.sielrun3,input.refBalRun,0.00068
input.sielrun4,input.refBalRun,0.00103
input.SienaCL1B,input.refBalRun,0.15151
input.SienaCL31,input.refBalRun,0.38539
input.SienaCL342,input.refBalRun,0.36503
input.SienaCLbase,input.refBalRun,0.42801
input.simfoll,input.refBalRun,0.17428
input.simfollTP01,input.refBalRun,0.15152
input.sylesNoRes,input.refBalRun,0.00287
input.tfTP01,input.refBalRun,0.19943
input.udelIndri,input.refBalRun,0.15154
input.udelLucene,input.refBalRun,0.00000
input.UDMicroComb1,input.refBalRun,0.40646
input.UDMicroComb2,input.refBalRun,0.76260
input.UDMicroIDF,input.refBalRun,0.21295
input.UDMicroIDFD,input.refBalRun,0.79167
input.uicir1,input.refBalRun,0.29058
input.uicir2,input.refBalRun,0.14104
input.UIowaS1,input.refBalRun,0.52093
input.UIowaS2,input.refBalRun,0.52104
input.UIowaS3,input.refBalRun,0.47322
input.UIowaS4,input.refBalRun,0.87981
input.uiucsf,input.refBalRun,0.00000
input.uogTrLqea,input.refBalRun,0.03458
input.uogTrLqeabd,input.refBalRun,0.01417
input.uogTrLqeabdd,input.refBalRun,0.00738
input.uogTrUB2,input.refBalRun,0.00465
input.UTBase,input.refBalRun,0.01929
input.UTBaseRTF,input.refBalRun,0.00000
input.UTWngFuture,input.refBalRun,0.00000
input.UTWngFutureQ,input.refBalRun,0.00001
input.waterlooa1,input.refBalRun,0.00173
input.waterlooa2,input.refBalRun,0.01416
input.waterlooa3,input.refBalRun,0.00002
input.waterlooa4,input.refBalRun,0.00134
input.WESTfilext,input.refBalRun,0.15154
input.WESTfilter,input.refBalRun,0.27383
input.WESTrelint,input.refBalRun,0.00000
input.WESTrlext,input.refBalRun,0.00000
input.Wise2ndRun,input.refBalRun,0.00324
input.WiseFifthRun,input.refBalRun,0.07006
input.WiseFouthRun,input.refBalRun,0.54593
input.WiseThirdRun,input.refBalRun,0.00324
input.ya3,input.refBalRun,0.06441
input.ya4,input.refBalRun,0.45041
input.YNDXTPC1,input.refBalRun,0.05917
input.YNDXTPC2,input.refBalRun,0.11293
input.relevanceRun,input.refRelRun,0.07608
input.RFD,input.refRelRun,0.11304
input.ri,input.refRelRun,0.00002
input.rit,input.refRelRun,0.40617
input.rit3,input.refRelRun,0.40649
input.RMITAR,input.refRelRun,0.02355
input.RMITM,input.refRelRun,0.25759
input.RMITMR,input.refRelRun,0.00287
input.RMITMRR,input.refRelRun,0.96997
input.Rocchio,input.refRelRun,0.08258
input.RTB,input.refRelRun,0.00000
input.run1,input.refRelRun,0.08943
input.run1a,input.refRelRun,0.00001
input.run1fix,input.refRelRun,0.01274
input.run2,input.refRelRun,0.00223
input.run2a,input.refRelRun,0.00025
input.run3,input.refRelRun,0.59730
input.run3a,input.refRelRun,0.01276
input.run4,input.refRelRun,0.12185
input.run4a,input.refRelRun,0.00922
input.RunAll,input.refRelRun,0.47339
input.RunFut,input.refRelRun,0.27381
input.runNeMIS,input.refRelRun,0.00001
input.runNeMISext,input.refRelRun,0.00045
input.RunPure,input.refRelRun,0.54605
input.scurtuRun1,input.refRelRun,0.00366
input.sielrun1,input.refRelRun,0.00000
input.sielrun2,input.refRelRun,0.00005
input.sielrun3,input.refRelRun,0.00002
input.sielrun4,input.refRelRun,0.00003
input.SienaCL1B,input.refRelRun,0.57113
input.SienaCL31,input.refRelRun,0.99986
input.SienaCL342,input.refRelRun,0.96970
input.SienaCLbase,input.refRelRun,0.94003
input.simfoll,input.refRelRun,0.62360
input.simfollTP01,input.refRelRun,0.57117
input.sylesNoRes,input.refRelRun,0.03456
input.tfTP01,input.refRelRun,0.67789
input.udelIndri,input.refRelRun,0.57121
input.udelLucene,input.refRelRun,0.00000
input.UDMicroComb1,input.refRelRun,0.08951
input.UDMicroComb2,input.refRelRun,0.57155
input.UDMicroIDF,input.refRelRun,0.70569
input.UDMicroIDFD,input.refRelRun,0.25764
input.uicir1,input.refRelRun,0.05427
input.uicir2,input.refRelRun,0.01930
input.UIowaS1,input.refRelRun,0.82125
input.UIowaS2,input.refRelRun,0.82112
input.UIowaS3,input.refRelRun,0.88030
input.UIowaS4,input.refRelRun,0.47360
input.uiucsf,input.refRelRun,0.00000
input.uogTrLqea,input.refRelRun,0.00287
input.uogTrLqeabd,input.refRelRun,0.00090
input.uogTrLqeabdd,input.refRelRun,0.00039
input.uogTrUB2,input.refRelRun,0.00022
input.UTBase,input.refRelRun,0.00134
input.UTBaseRTF,input.refRelRun,0.00000
input.UTWngFuture,input.refRelRun,0.00000
input.UTWngFutureQ,input.refRelRun,0.00000
input.waterlooa1,input.refRelRun,0.02354
input.waterlooa2,input.refRelRun,0.11289
input.waterlooa3,input.refRelRun,0.00078
input.waterlooa4,input.refRelRun,0.01928
input.WESTfilext,input.refRelRun,0.02134
input.WESTfilter,input.refRelRun,0.04975
input.WESTrelint,input.refRelRun,0.00000
input.WESTrlext,input.refRelRun,0.00000
input.Wise2ndRun,input.refRelRun,0.03790
input.WiseFifthRun,input.refRelRun,0.34533
input.WiseFouthRun,input.refRelRun,0.79180
input.WiseThirdRun,input.refRelRun,0.03790
input.ya3,input.refRelRun,0.00658
input.ya4,input.refRelRun,0.10468
input.YNDXTPC1,input.refRelRun,0.00587
input.YNDXTPC2,input.refRelRun,0.01417
input.RFD,input.relevanceRun,0.00078
input.ri,input.relevanceRun,0.01416
input.rit,input.relevanceRun,0.34556
input.rit3,input.relevanceRun,0.00922
input.RMITAR,input.relevanceRun,0.00005
input.RMITM,input.relevanceRun,0.00366
input.RMITMR,input.relevanceRun,0.00000
input.RMITMRR,input.relevanceRun,0.07006
input.Rocchio,input.relevanceRun,0.00045
input.RTB,input.relevanceRun,0.00000
input.run1,input.relevanceRun,0.93985
input.run1a,input.relevanceRun,0.00000
input.run1fix,input.relevanceRun,0.47339
input.run2,input.relevanceRun,0.19937
input.run2a,input.relevanceRun,0.00000
input.run3,input.relevanceRun,0.02133
input.run3a,input.relevanceRun,0.00002
input.run4,input.relevanceRun,0.00090
input.run4a,input.relevanceRun,0.00001
input.RunAll,input.relevanceRun,0.01274
input.RunFut,input.relevanceRun,0.00413
input.runNeMIS,input.relevanceRun,0.00000
input.runNeMISext,input.relevanceRun,0.00000
input.RunPure,input.relevanceRun,0.01743
input.scurtuRun1,input.relevanceRun,0.00000
input.sielrun1,input.relevanceRun,0.00000
input.sielrun2,input.relevanceRun,0.00000
input.sielrun3,input.relevanceRun,0.00000
input.sielrun4,input.relevanceRun,0.00000
input.SienaCL1B,input.relevanceRun,0.22724
input.SienaCL31,input.relevanceRun,0.07611
input.SienaCL342,input.relevanceRun,0.08258
input.SienaCLbase,input.relevanceRun,0.06444
input.simfoll,input.relevanceRun,0.19945
input.simfollTP01,input.relevanceRun,0.22722
input.sylesNoRes,input.relevanceRun,0.73415
input.tfTP01,input.relevanceRun,0.17429
input.udelIndri,input.relevanceRun,0.22720
input.udelLucene,input.relevanceRun,0.00000
input.UDMicroComb1,input.relevanceRun,0.00052
input.UDMicroComb2,input.relevanceRun,0.01930
input.UDMicroIDF,input.relevanceRun,0.16264
input.UDMicroIDFD,input.relevanceRun,0.00366
input.uicir1,input.relevanceRun,0.00022
input.uicir2,input.relevanceRun,0.00004
input.UIowaS1,input.relevanceRun,0.04552
input.UIowaS2,input.relevanceRun,0.04550
input.UIowaS3,input.relevanceRun,0.05430
input.UIowaS4,input.relevanceRun,0.01276
input.uiucsf,input.relevanceRun,0.00000
input.uogTrLqea,input.relevanceRun,0.00000
input.uogTrLqeabd,input.relevanceRun,0.00000
input.uogTrLqeabdd,input.relevanceRun,0.00000
input.uogTrUB2,input.relevanceRun,0.00000
input.UTBase,input.relevanceRun,0.00000
input.UTBaseRTF,input.relevanceRun,0.00000
input.UTWngFuture,input.relevanceRun,0.00000
input.UTWngFutureQ,input.relevanceRun,0.00000
input.waterlooa1,input.relevanceRun,0.62364
input.waterlooa2,input.relevanceRun,0.85043
input.waterlooa3,input.relevanceRun,0.11291
input.waterlooa4,input.relevanceRun,0.57128
input.WESTfilext,input.relevanceRun,0.00005
input.WESTfilter,input.relevanceRun,0.00019
input.WESTrelint,input.relevanceRun,0.00000
input.WESTrlext,input.relevanceRun,0.00000
input.Wise2ndRun,input.relevanceRun,0.76260
input.WiseFifthRun,input.relevanceRun,0.40643
input.WiseFouthRun,input.relevanceRun,0.04156
input.WiseThirdRun,input.relevanceRun,0.76260
input.ya3,input.relevanceRun,0.00001
input.ya4,input.relevanceRun,0.00068
input.YNDXTPC1,input.relevanceRun,0.00001
input.YNDXTPC2,input.relevanceRun,0.00002
input.ri,input.RFD,0.00000
input.rit,input.RFD,0.01572
input.rit3,input.RFD,0.45048
input.RMITAR,input.RFD,0.49668
input.RMITM,input.RFD,0.65084
input.RMITMR,input.RFD,0.16249
input.RMITMRR,input.RFD,0.12185
input.Rocchio,input.RFD,0.87981
input.RTB,input.RFD,0.00000
input.run1,input.RFD,0.00103
input.run1a,input.RFD,0.00324
input.run1fix,input.RFD,0.00005
input.run2,input.RFD,0.00000
input.run2a,input.RFD,0.03790
input.run3,input.RFD,0.29078
input.run3a,input.RFD,0.36506
input.run4,input.RFD,0.96997
input.run4a,input.RFD,0.30821
input.RunAll,input.RFD,0.38555
input.RunFut,input.RFD,0.62388
input.runNeMIS,input.RFD,0.00587
input.runNeMISext,input.RFD,0.05423
input.RunPure,input.RFD,0.32659
input.scurtuRun1,input.RFD,0.18650
input.sielrun1,input.RFD,0.00029
input.sielrun2,input.RFD,0.01274
input.sielrun3,input.RFD,0.00737
input.sielrun4,input.RFD,0.01028
input.SienaCL1B,input.RFD,0.03147
input.SienaCL31,input.RFD,0.11300
input.SienaCL342,input.RFD,0.10466
input.SienaCLbase,input.RFD,0.13118
input.simfoll,input.RFD,0.03794
input.simfollTP01,input.RFD,0.03147
input.sylesNoRes,input.RFD,0.00022
input.tfTP01,input.RFD,0.04550
input.udelIndri,input.RFD,0.03148
input.udelLucene,input.RFD,0.00001
input.UDMicroComb1,input.RFD,0.90981
input.UDMicroComb2,input.RFD,0.30824
input.UDMicroIDF,input.RFD,0.04972
input.UDMicroIDFD,input.RFD,0.65076
input.uicir1,input.RFD,0.73385
input.uicir2,input.RFD,0.45021
input.UIowaS1,input.RFD,0.17422
input.UIowaS2,input.RFD,0.17428
input.UIowaS3,input.RFD,0.15154
input.UIowaS4,input.RFD,0.38536
input.uiucsf,input.RFD,0.00000
input.uogTrLqea,input.RFD,0.16259
input.uogTrLqeabd,input.RFD,0.08254
input.uogTrLqeabdd,input.RFD,0.04970
input.uogTrUB2,input.RFD,0.03454
input.UTBase,input.RFD,0.10460
input.UTBaseRTF,input.RFD,0.00000
input.UTWngFuture,input.RFD,0.00000
input.UTWngFutureQ,input.RFD,0.00029
input.waterlooa1,input.RFD,0.00012
input.waterlooa2,input.RFD,0.00152
input.waterlooa3,input.RFD,0.00000
input.waterlooa4,input.RFD,0.00009
input.WESTfilext,input.RFD,0.47322
input.WESTfilter,input.RFD,0.70586
input.WESTrelint,input.RFD,0.00012
input.WESTrlext,input.RFD,0.00012
input.Wise2ndRun,input.RFD,0.00025
input.WiseFifthRun,input.RFD,0.01146
input.WiseFouthRun,input.RFD,0.18659
input.WiseThirdRun,input.RFD,0.00025
input.ya3,input.RFD,0.25743
input.ya4,input.RFD,0.96979
input.YNDXTPC1,input.RFD,0.24197
input.YNDXTPC2,input.RFD,0.38524
input.rit,input.ri,0.00068
input.rit3,input.ri,0.00000
input.RMITAR,input.ri,0.00000
input.RMITM,input.ri,0.00000
input.RMITMR,input.ri,0.00000
input.RMITMRR,input.ri,0.00002
input.Rocchio,input.ri,0.00000
input.RTB,input.ri,0.00000
input.run1,input.ri,0.01145
input.run1a,input.ri,0.00000
input.run1fix,input.ri,0.08251
input.run2,input.ri,0.24204
input.run2a,input.ri,0.00000
input.run3,input.ri,0.00000
input.run3a,input.ri,0.00000
input.run4,input.ri,0.00000
input.run4a,input.ri,0.00000
input.RunAll,input.ri,0.00000
input.RunFut,input.ri,0.00000
input.runNeMIS,input.ri,0.00000
input.runNeMISext,input.ri,0.00000
input.RunPure,input.ri,0.00000
input.scurtuRun1,input.ri,0.00000
input.sielrun1,input.ri,0.00000
input.sielrun2,input.ri,0.00000
input.sielrun3,input.ri,0.00000
input.sielrun4,input.ri,0.00000
input.SienaCL1B,input.ri,0.00025
input.SienaCL31,input.ri,0.00002
input.SienaCL342,input.ri,0.00003
input.SienaCLbase,input.ri,0.00002
input.simfoll,input.ri,0.00019
input.simfollTP01,input.ri,0.00025
input.sylesNoRes,input.ri,0.03454
input.tfTP01,input.ri,0.00014
input.udelIndri,input.ri,0.00025
input.udelLucene,input.ri,0.00000
input.UDMicroComb1,input.ri,0.00000
input.UDMicroComb2,input.ri,0.00000
input.UDMicroIDF,input.ri,0.00012
input.UDMicroIDFD,input.ri,0.00000
input.uicir1,input.ri,0.00000
input.uicir2,input.ri,0.00000
input.UIowaS1,input.ri,0.00001
input.UIowaS2,input.ri,0.00001
input.UIowaS3,input.ri,0.00001
input.UIowaS4,input.ri,0.00000
input.uiucsf,input.ri,0.00000
input.uogTrLqea,input.ri,0.00000
input.uogTrLqeabd,input.ri,0.00000
input.uogTrLqeabdd,input.ri,0.00000
input.uogTrUB2,input.ri,0.00000
input.UTBase,input.ri,0.00000
input.UTBaseRTF,input.ri,0.00000
input.UTWngFuture,input.ri,0.00000
input.UTWngFutureQ,input.ri,0.00000
input.waterlooa1,input.ri,0.04970
input.waterlooa2,input.ri,0.00825
input.waterlooa3,input.ri,0.38539
input.waterlooa4,input.ri,0.05915
input.WESTfilext,input.ri,0.00000
input.WESTfilter,input.ri,0.00000
input.WESTrelint,input.ri,0.00000
input.WESTrlext,input.ri,0.00000
input.Wise2ndRun,input.ri,0.03146
input.WiseFifthRun,input.ri,0.00103
input.WiseFouthRun,input.ri,0.00001
input.WiseThirdRun,input.ri,0.03146
input.ya3,input.ri,0.00000
input.ya4,input.ri,0.00000
input.YNDXTPC1,input.ri,0.00000
input.YNDXTPC2,input.ri,0.00000
input.rit3,input.rit,0.09677
input.RMITAR,input.rit,0.00197
input.RMITM,input.rit,0.04968
input.RMITMR,input.rit,0.00014
input.RMITMRR,input.rit,0.38524
input.Rocchio,input.rit,0.01027
input.RTB,input.rit,0.00000
input.run1,input.rit,0.38551
input.run1a,input.rit,0.00000
input.run1fix,input.rit,0.09687
input.run2,input.rit,0.02597
input.run2a,input.rit,0.00001
input.run3,input.rit,0.17417
input.run3a,input.rit,0.00090
input.run4,input.rit,0.01742
input.run4a,input.rit,0.00059
input.RunAll,input.rit,0.12171
input.RunFut,input.rit,0.05423
input.runNeMIS,input.rit,0.00000
input.runNeMISext,input.rit,0.00001
input.RunPure,input.rit,0.15148
input.scurtuRun1,input.rit,0.00019
input.sielrun1,input.rit,0.00000
input.sielrun2,input.rit,0.00000
input.sielrun3,input.rit,0.00000
input.sielrun4,input.rit,0.00000
input.SienaCL1B,input.rit,0.79158
input.SienaCL31,input.rit,0.40627
input.SienaCL342,input.rit,0.42798
input.SienaCLbase,input.rit,0.36500
input.simfoll,input.rit,0.73394
input.simfollTP01,input.rit,0.79154
input.sylesNoRes,input.rit,0.19955
input.tfTP01,input.rit,0.67793
input.udelIndri,input.rit,0.79149
input.udelLucene,input.rit,0.00000
input.UDMicroComb1,input.rit,0.01145
input.UDMicroComb2,input.rit,0.16259
input.UDMicroIDF,input.rit,0.65055
input.UDMicroIDFD,input.rit,0.04969
input.uicir1,input.rit,0.00586
input.uicir2,input.rit,0.00152
input.UIowaS1,input.rit,0.29070
input.UIowaS2,input.rit,0.29063
input.UIowaS3,input.rit,0.32648
input.UIowaS4,input.rit,0.12180
input.uiucsf,input.rit,0.00000
input.uogTrLqea,input.rit,0.00014
input.uogTrLqeabd,input.rit,0.00003
input.uogTrLqeabdd,input.rit,0.00001
input.uogTrUB2,input.rit,0.00001
input.UTBase,input.rit,0.00005
input.UTBaseRTF,input.rit,0.00000
input.UTWngFuture,input.rit,0.00000
input.UTWngFutureQ,input.rit,0.00000
input.waterlooa1,input.rit,0.15159
input.waterlooa2,input.rit,0.45044
input.waterlooa3,input.rit,0.01145
input.waterlooa4,input.rit,0.13120
input.WESTfilext,input.rit,0.00173
input.WESTfilter,input.rit,0.00523
input.WESTrelint,input.rit,0.00000
input.WESTrlext,input.rit,0.00000
input.Wise2ndRun,input.rit,0.21302
input.WiseFifthRun,input.rit,0.90999
input.WiseFouthRun,input.rit,0.27368
input.WiseThirdRun,input.rit,0.21302
input.ya3,input.rit,0.00039
input.ya4,input.rit,0.01416
input.YNDXTPC1,input.rit,0.00034
input.YNDXTPC2,input.rit,0.00102
input.RMITAR,input.rit3,0.15148
input.RMITM,input.rit3,0.76264
input.RMITMR,input.rit3,0.03145
input.RMITMRR,input.rit3,0.42811
input.Rocchio,input.rit3,0.36503
input.RTB,input.rit3,0.00000
input.run1,input.rit3,0.01145
input.run1a,input.rit3,0.00022
input.run1fix,input.rit3,0.00090
input.run2,input.rit3,0.00010
input.run2a,input.rit3,0.00465
input.run3,input.rit3,0.76281
input.run3a,input.rit3,0.09684
input.run4,input.rit3,0.47339
input.run4a,input.rit3,0.07613
input.RunAll,input.rit3,0.90995
input.RunFut,input.rit3,0.79158
input.runNeMIS,input.rit3,0.00045
input.runNeMISext,input.rit3,0.00737
input.RunPure,input.rit3,0.82090
input.scurtuRun1,input.rit3,0.03793
input.sielrun1,input.rit3,0.00001
input.sielrun2,input.rit3,0.00117
input.sielrun3,input.rit3,0.00059
input.sielrun4,input.rit3,0.00090
input.SienaCL1B,input.rit3,0.16257
input.SienaCL31,input.rit3,0.40640
input.SienaCL342,input.rit3,0.38536
input.SienaCLbase,input.rit3,0.45034
input.simfoll,input.rit3,0.18656
input.simfollTP01,input.rit3,0.16259
input.sylesNoRes,input.rit3,0.00324
input.tfTP01,input.rit3,0.21297
input.udelIndri,input.rit3,0.16261
input.udelLucene,input.rit3,0.00000
input.UDMicroComb1,input.rit3,0.38545
input.UDMicroComb2,input.rit3,0.79154
input.UDMicroIDF,input.rit3,0.22715
input.UDMicroIDFD,input.rit3,0.76273
input.uicir1,input.rit3,0.27368
input.uicir2,input.rit3,0.13112
input.UIowaS1,input.rit3,0.54575
input.UIowaS2,input.rit3,0.54586
input.UIowaS3,input.rit3,0.49682
input.UIowaS4,input.rit3,0.90968
input.uiucsf,input.rit3,0.00000
input.uogTrLqea,input.rit3,0.03147
input.uogTrLqeabd,input.rit3,0.01275
input.uogTrLqeabdd,input.rit3,0.00659
input.uogTrUB2,input.rit3,0.00413
input.UTBase,input.rit3,0.01743
input.UTBaseRTF,input.rit3,0.00000
input.UTWngFuture,input.rit3,0.00000
input.UTWngFutureQ,input.rit3,0.00001
input.waterlooa1,input.rit3,0.00197
input.waterlooa2,input.rit3,0.01572
input.waterlooa3,input.rit3,0.00003
input.waterlooa4,input.rit3,0.00152
input.WESTfilext,input.rit3,0.14106
input.WESTfilter,input.rit3,0.25762
input.WESTrelint,input.rit3,0.00000
input.WESTrlext,input.rit3,0.00000
input.Wise2ndRun,input.rit3,0.00366
input.WiseFifthRun,input.rit3,0.07610
input.WiseFouthRun,input.rit3,0.57132
input.WiseThirdRun,input.rit3,0.00366
input.ya3,input.rit3,0.05915
input.ya4,input.rit3,0.42808
input.YNDXTPC1,input.rit3,0.05427
input.YNDXTPC2,input.rit3,0.10461
input.RMITM,input.RMITAR,0.25750
input.RMITMR,input.RMITAR,0.47336
input.RMITMRR,input.RMITAR,0.02596
input.Rocchio,input.RMITAR,0.59714
input.RTB,input.RMITAR,0.00000
input.run1,input.RMITAR,0.00007
input.run1a,input.RMITAR,0.02356
input.run1fix,input.RMITAR,0.00000
input.run2,input.RMITAR,0.00000
input.run2a,input.RMITAR,0.16266
input.run3,input.RMITAR,0.08254
input.run3a,input.RMITAR,0.82117
input.run4,input.RMITAR,0.47315
input.run4a,input.RMITAR,0.73441
input.RunAll,input.RMITAR,0.12176
input.RunFut,input.RMITAR,0.24197
input.runNeMIS,input.RMITAR,0.03794
input.runNeMISext,input.RMITAR,0.21304
input.RunPure,input.RMITAR,0.09677
input.scurtuRun1,input.RMITAR,0.52134
input.sielrun1,input.RMITAR,0.00324
input.sielrun2,input.RMITAR,0.07011
input.sielrun3,input.RMITAR,0.04551
input.sielrun4,input.RMITAR,0.05921
input.SienaCL1B,input.RMITAR,0.00464
input.SienaCL31,input.RMITAR,0.02354
input.SienaCL342,input.RMITAR,0.02131
input.SienaCLbase,input.RMITAR,0.02858
input.simfoll,input.RMITAR,0.00587
input.simfollTP01,input.RMITAR,0.00464
input.sylesNoRes,input.RMITAR,0.00001
input.tfTP01,input.RMITAR,0.00737
input.udelIndri,input.RMITAR,0.00464
input.udelLucene,input.RMITAR,0.00022
input.UDMicroComb1,input.RMITAR,0.57109
input.UDMicroComb2,input.RMITAR,0.08938
input.UDMicroIDF,input.RMITAR,0.00824
input.UDMicroIDFD,input.RMITAR,0.25745
input.uicir1,input.RMITAR,0.73407
input.uicir2,input.RMITAR,0.93994
input.UIowaS1,input.RMITAR,0.04150
input.UIowaS2,input.RMITAR,0.04152
input.UIowaS3,input.RMITAR,0.03453
input.UIowaS4,input.RMITAR,0.12167
input.uiucsf,input.RMITAR,0.00000
input.uogTrLqea,input.RMITAR,0.47357
input.uogTrLqeabd,input.RMITAR,0.29078
input.uogTrLqeabdd,input.RMITAR,0.19956
input.uogTrUB2,input.RMITAR,0.15159
input.UTBase,input.RMITAR,0.34556
input.UTBaseRTF,input.RMITAR,0.00000
input.UTWngFuture,input.RMITAR,0.00000
input.UTWngFutureQ,input.RMITAR,0.00324
input.waterlooa1,input.RMITAR,0.00001
input.waterlooa2,input.RMITAR,0.00012
input.waterlooa3,input.RMITAR,0.00000
input.waterlooa4,input.RMITAR,0.00000
input.WESTfilext,input.RMITAR,0.97006
input.WESTfilter,input.RMITAR,0.76242
input.WESTrelint,input.RMITAR,0.00153
input.WESTrlext,input.RMITAR,0.00153
input.Wise2ndRun,input.RMITAR,0.00001
input.WiseFifthRun,input.RMITAR,0.00134
input.WiseFouthRun,input.RMITAR,0.04545
input.WiseThirdRun,input.RMITAR,0.00001
input.ya3,input.RMITAR,0.65071
input.ya4,input.RMITAR,0.52097
input.YNDXTPC1,input.RMITAR,0.62388
input.YNDXTPC2,input.RMITAR,0.85043
input.RMITMR,input.RMITM,0.06441
input.RMITMRR,input.RMITM,0.27376
input.Rocchio,input.RMITM,0.54597
input.RTB,input.RMITM,0.00000
input.run1,input.RMITM,0.00465
input.run1a,input.RMITM,0.00068
input.run1fix,input.RMITM,0.00029
input.run2,input.RMITM,0.00003
input.run2a,input.RMITM,0.01145
input.run3,input.RMITM,0.54597
input.run3a,input.RMITM,0.17435
input.run4,input.RMITM,0.67818
input.run4a,input.RMITM,0.14113
input.RunAll,input.RMITM,0.67805
input.RunFut,input.RMITM,0.96988
input.runNeMIS,input.RMITM,0.00134
input.runNeMISext,input.RMITM,0.01743
input.RunPure,input.RMITM,0.59722
input.scurtuRun1,input.RMITM,0.07613
input.sielrun1,input.RMITM,0.00005
input.sielrun2,input.RMITM,0.00325
input.sielrun3,input.RMITM,0.00173
input.sielrun4,input.RMITM,0.00254
input.SienaCL1B,input.RMITM,0.08942
input.SienaCL31,input.RMITM,0.25752
input.SienaCL342,input.RMITM,0.24197
input.SienaCLbase,input.RMITM,0.29058
input.simfoll,input.RMITM,0.10462
input.simfollTP01,input.RMITM,0.08943
input.sylesNoRes,input.RMITM,0.00117
input.tfTP01,input.RMITM,0.12176
input.udelIndri,input.RMITM,0.08944
input.udelLucene,input.RMITM,0.00000
input.UDMicroComb1,input.RMITM,0.57148
input.UDMicroComb2,input.RMITM,0.57117
input.UDMicroIDF,input.RMITM,0.13111
input.UDMicroIDFD,input.RMITM,0.99991
input.uicir1,input.RMITM,0.42801
input.uicir2,input.RMITM,0.22717
input.UIowaS1,input.RMITM,0.36485
input.UIowaS2,input.RMITM,0.36494
input.UIowaS3,input.RMITM,0.32634
input.UIowaS4,input.RMITM,0.67780
input.uiucsf,input.RMITM,0.00000
input.uogTrLqea,input.RMITM,0.06446
input.uogTrLqeabd,input.RMITM,0.02862
input.uogTrLqeabdd,input.RMITM,0.01573
input.uogTrUB2,input.RMITM,0.01028
input.UTBase,input.RMITM,0.03793
input.UTBaseRTF,input.RMITM,0.00000
input.UTWngFuture,input.RMITM,0.00000
input.UTWngFutureQ,input.RMITM,0.00005
input.waterlooa1,input.RMITM,0.00068
input.waterlooa2,input.RMITM,0.00658
input.waterlooa3,input.RMITM,0.00001
input.waterlooa4,input.RMITM,0.00052
input.WESTfilext,input.RMITM,0.24206
input.WESTfilter,input.RMITM,0.40653
input.WESTrelint,input.RMITM,0.00002
input.WESTrlext,input.RMITM,0.00002
input.Wise2ndRun,input.RMITM,0.00134
input.WiseFifthRun,input.RMITM,0.03791
input.WiseFouthRun,input.RMITM,0.38533
input.WiseThirdRun,input.RMITM,0.00134
input.ya3,input.RMITM,0.11295
input.ya4,input.RMITM,0.62380
input.YNDXTPC1,input.RMITM,0.10466
input.YNDXTPC2,input.RMITM,0.18654
input.RMITMRR,input.RMITMR,0.00324
input.Rocchio,input.RMITMR,0.21293
input.RTB,input.RMITMR,0.00000
input.run1,input.RMITMR,0.00000
input.run1a,input.RMITMR,0.12182
input.run1fix,input.RMITMR,0.00000
input.run2,input.RMITMR,0.00000
input.run2a,input.RMITMR,0.49704
input.run3,input.RMITMR,0.01416
input.run3a,input.RMITMR,0.62344
input.run4,input.RMITMR,0.15146
input.run4a,input.RMITMR,0.70561
input.RunAll,input.RMITMR,0.02355
input.RunFut,input.RMITMR,0.05915
input.runNeMIS,input.RMITMR,0.17431
input.runNeMISext,input.RMITMR,0.59734
input.RunPure,input.RMITMR,0.01742
input.scurtuRun1,input.RMITMR,0.93962
input.sielrun1,input.RMITMR,0.02598
input.sielrun2,input.RMITMR,0.27388
input.sielrun3,input.RMITMR,0.19953
input.sielrun4,input.RMITMR,0.24217
input.SienaCL1B,input.RMITMR,0.00039
input.SienaCL31,input.RMITMR,0.00287
input.SienaCL342,input.RMITMR,0.00253
input.SienaCLbase,input.RMITMR,0.00366
input.simfoll,input.RMITMR,0.00052
input.simfollTP01,input.RMITMR,0.00039
input.sylesNoRes,input.RMITMR,0.00000
input.tfTP01,input.RMITMR,0.00068
input.udelIndri,input.RMITMR,0.00039
input.udelLucene,input.RMITMR,0.00287
input.UDMicroComb1,input.RMITMR,0.19933
input.UDMicroComb2,input.RMITMR,0.01571
input.UDMicroIDF,input.RMITMR,0.00078
input.UDMicroIDFD,input.RMITMR,0.06439
input.uicir1,input.RMITMR,0.29063
input.uicir2,input.RMITMR,0.52108
input.UIowaS1,input.RMITMR,0.00586
input.UIowaS2,input.RMITMR,0.00586
input.UIowaS3,input.RMITMR,0.00464
input.UIowaS4,input.RMITMR,0.02352
input.uiucsf,input.RMITMR,0.00000
input.uogTrLqea,input.RMITMR,0.99973
input.uogTrLqeabd,input.RMITMR,0.73432
input.uogTrLqeabdd,input.RMITMR,0.57155
input.uogTrUB2,input.RMITMR,0.47343
input.UTBase,input.RMITMR,0.82103
input.UTBaseRTF,input.RMITMR,0.00000
input.UTWngFuture,input.RMITMR,0.00001
input.UTWngFutureQ,input.RMITMR,0.02598
input.waterlooa1,input.RMITMR,0.00000
input.waterlooa2,input.RMITMR,0.00000
input.waterlooa3,input.RMITMR,0.00000
input.waterlooa4,input.RMITMR,0.00000
input.WESTfilext,input.RMITMR,0.49682
input.WESTfilter,input.RMITMR,0.30805
input.WESTrelint,input.RMITMR,0.01418
input.WESTrlext,input.RMITMR,0.01418
input.Wise2ndRun,input.RMITMR,0.00000
input.WiseFifthRun,input.RMITMR,0.00009
input.WiseFouthRun,input.RMITMR,0.00658
input.WiseThirdRun,input.RMITMR,0.00000
input.ya3,input.RMITMR,0.79158
input.ya4,input.RMITMR,0.17419
input.YNDXTPC1,input.RMITMR,0.82068
input.YNDXTPC2,input.RMITMR,0.59718
input.Rocchio,input.RMITMRR,0.08946
input.RTB,input.RMITMRR,0.00000
input.run1,input.RMITMRR,0.08255
input.run1a,input.RMITMRR,0.00001
input.run1fix,input.RMITMRR,0.01145
input.run2,input.RMITMRR,0.00197
input.run2a,input.RMITMRR,0.00029
input.run3,input.RMITMRR,0.62368
input.run3a,input.RMITMRR,0.01417
input.run4,input.RMITMRR,0.13120
input.run4a,input.RMITMRR,0.01029
input.RunAll,input.RMITMRR,0.49693
input.RunFut,input.RMITMRR,0.29065
input.runNeMIS,input.RMITMRR,0.00002
input.runNeMISext,input.RMITMRR,0.00052
input.RunPure,input.RMITMRR,0.57136
input.scurtuRun1,input.RMITMRR,0.00413
input.sielrun1,input.RMITMRR,0.00000
input.sielrun2,input.RMITMRR,0.00005
input.sielrun3,input.RMITMRR,0.00002
input.sielrun4,input.RMITMRR,0.00004
input.SienaCL1B,input.RMITMRR,0.54582
input.SienaCL31,input.RMITMRR,0.96983
input.SienaCL342,input.RMITMRR,0.93971
input.SienaCLbase,input.RMITMRR,0.97002
input.simfoll,input.RMITMRR,0.59722
input.simfollTP01,input.RMITMRR,0.54586
input.sylesNoRes,input.RMITMRR,0.03147
input.tfTP01,input.RMITMRR,0.65055
input.udelIndri,input.RMITMRR,0.54590
input.udelLucene,input.RMITMRR,0.00000
input.UDMicroComb1,input.RMITMRR,0.09685
input.UDMicroComb2,input.RMITMRR,0.59742
input.UDMicroIDF,input.RMITMRR,0.67793
input.UDMicroIDFD,input.RMITMRR,0.27381
input.uicir1,input.RMITMRR,0.05915
input.uicir2,input.RMITMRR,0.02133
input.UIowaS1,input.RMITMRR,0.85065
input.UIowaS2,input.RMITMRR,0.85052
input.UIowaS3,input.RMITMRR,0.91008
input.UIowaS4,input.RMITMRR,0.49715
input.uiucsf,input.RMITMRR,0.00000
input.uogTrLqea,input.RMITMRR,0.00325
input.uogTrLqeabd,input.RMITMRR,0.00103
input.uogTrLqeabdd,input.RMITMRR,0.00045
input.uogTrUB2,input.RMITMRR,0.00025
input.UTBase,input.RMITMRR,0.00152
input.UTBaseRTF,input.RMITMRR,0.00000
input.UTWngFuture,input.RMITMRR,0.00000
input.UTWngFutureQ,input.RMITMRR,0.00000
input.waterlooa1,input.RMITMRR,0.02132
input.waterlooa2,input.RMITMRR,0.10460
input.waterlooa3,input.RMITMRR,0.00068
input.waterlooa4,input.RMITMRR,0.01742
input.WESTfilext,input.RMITMRR,0.02356
input.WESTfilter,input.RMITMRR,0.05430
input.WESTrelint,input.RMITMRR,0.00000
input.WESTrlext,input.RMITMRR,0.00000
input.Wise2ndRun,input.RMITMRR,0.03455
input.WiseFifthRun,input.RMITMRR,0.32642
input.WiseFouthRun,input.RMITMRR,0.82095
input.WiseThirdRun,input.RMITMRR,0.03455
input.ya3,input.RMITMRR,0.00737
input.ya4,input.RMITMRR,0.11298
input.YNDXTPC1,input.RMITMRR,0.00659
input.YNDXTPC2,input.RMITMRR,0.01572
input.RTB,input.Rocchio,0.00000
input.run1,input.Rocchio,0.00059
input.run1a,input.Rocchio,0.00523
input.run1fix,input.Rocchio,0.00002
input.run2,input.Rocchio,0.00000
input.run2a,input.Rocchio,0.05427
input.run3,input.Rocchio,0.22720
input.run3a,input.Rocchio,0.45051
input.run4,input.Rocchio,0.85021
input.run4a,input.Rocchio,0.38551
input.RunAll,input.Rocchio,0.30824
input.RunFut,input.Rocchio,0.52116
input.runNeMIS,input.Rocchio,0.00921
input.runNeMISext,input.Rocchio,0.07610
input.RunPure,input.Rocchio,0.25755
input.scurtuRun1,input.Rocchio,0.24208
input.sielrun1,input.Rocchio,0.00052
input.sielrun2,input.Rocchio,0.01930
input.sielrun3,input.Rocchio,0.01146
input.sielrun4,input.Rocchio,0.01573
input.SienaCL1B,input.Rocchio,0.02132
input.SienaCL31,input.Rocchio,0.08255
input.SienaCL342,input.Rocchio,0.07608
input.SienaCLbase,input.Rocchio,0.09678
input.simfoll,input.Rocchio,0.02597
input.simfollTP01,input.Rocchio,0.02132
input.sylesNoRes,input.Rocchio,0.00012
input.tfTP01,input.Rocchio,0.03146
input.udelIndri,input.Rocchio,0.02133
input.udelLucene,input.Rocchio,0.00002
input.UDMicroComb1,input.Rocchio,0.96974
input.UDMicroComb2,input.Rocchio,0.24195
input.UDMicroIDF,input.Rocchio,0.03455
input.UDMicroIDFD,input.Rocchio,0.54590
input.uicir1,input.Rocchio,0.85025
input.uicir2,input.Rocchio,0.54593
input.UIowaS1,input.Rocchio,0.13105
input.UIowaS2,input.Rocchio,0.13109
input.UIowaS3,input.Rocchio,0.11289
input.UIowaS4,input.Rocchio,0.30807
input.uiucsf,input.Rocchio,0.00000
input.uogTrLqea,input.Rocchio,0.21306
input.uogTrLqeabd,input.Rocchio,0.11298
input.uogTrLqeabdd,input.Rocchio,0.07009
input.uogTrUB2,input.Rocchio,0.04971
input.UTBase,input.Rocchio,0.14109
input.UTBaseRTF,input.Rocchio,0.00000
input.UTWngFuture,input.Rocchio,0.00000
input.UTWngFutureQ,input.Rocchio,0.00052
input.waterlooa1,input.Rocchio,0.00006
input.waterlooa2,input.Rocchio,0.00090
input.waterlooa3,input.Rocchio,0.00000
input.waterlooa4,input.Rocchio,0.00005
input.WESTfilext,input.Rocchio,0.57136
input.WESTfilter,input.Rocchio,0.82103
input.WESTrelint,input.Rocchio,0.00022
input.WESTrlext,input.Rocchio,0.00022
input.Wise2ndRun,input.Rocchio,0.00014
input.WiseFifthRun,input.Rocchio,0.00737
input.WiseFouthRun,input.Rocchio,0.14104
input.WiseThirdRun,input.Rocchio,0.00014
input.ya3,input.Rocchio,0.32645
input.ya4,input.Rocchio,0.90977
input.YNDXTPC1,input.Rocchio,0.30826
input.YNDXTPC2,input.Rocchio,0.47332
input.run1,input.RTB,0.00000
input.run1a,input.RTB,0.00005
input.run1fix,input.RTB,0.00000
input.run2,input.RTB,0.00000
input.run2a,input.RTB,0.00000
input.run3,input.RTB,0.00000
input.run3a,input.RTB,0.00000
input.run4,input.RTB,0.00000
input.run4a,input.RTB,0.00000
input.RunAll,input.RTB,0.00000
input.RunFut,input.RTB,0.00000
input.runNeMIS,input.RTB,0.00002
input.runNeMISext,input.RTB,0.00000
input.RunPure,input.RTB,0.00000
input.scurtuRun1,input.RTB,0.00000
input.sielrun1,input.RTB,0.00078
input.sielrun2,input.RTB,0.00001
input.sielrun3,input.RTB,0.00002
input.sielrun4,input.RTB,0.00001
input.SienaCL1B,input.RTB,0.00000
input.SienaCL31,input.RTB,0.00000
input.SienaCL342,input.RTB,0.00000
input.SienaCLbase,input.RTB,0.00000
input.simfoll,input.RTB,0.00000
input.simfollTP01,input.RTB,0.00000
input.sylesNoRes,input.RTB,0.00000
input.tfTP01,input.RTB,0.00000
input.udelIndri,input.RTB,0.00000
input.udelLucene,input.RTB,0.00921
input.UDMicroComb1,input.RTB,0.00000
input.UDMicroComb2,input.RTB,0.00000
input.UDMicroIDF,input.RTB,0.00000
input.UDMicroIDFD,input.RTB,0.00000
input.uicir1,input.RTB,0.00000
input.uicir2,input.RTB,0.00000
input.UIowaS1,input.RTB,0.00000
input.UIowaS2,input.RTB,0.00000
input.UIowaS3,input.RTB,0.00000
input.UIowaS4,input.RTB,0.00000
input.uiucsf,input.RTB,0.57136
input.uogTrLqea,input.RTB,0.00000
input.uogTrLqeabd,input.RTB,0.00000
input.uogTrLqeabdd,input.RTB,0.00000
input.uogTrUB2,input.RTB,0.00000
input.UTBase,input.RTB,0.00000
input.UTBaseRTF,input.RTB,0.36503
input.UTWngFuture,input.RTB,0.21299
input.UTWngFutureQ,input.RTB,0.00078
input.waterlooa1,input.RTB,0.00000
input.waterlooa2,input.RTB,0.00000
input.waterlooa3,input.RTB,0.00000
input.waterlooa4,input.RTB,0.00000
input.WESTfilext,input.RTB,0.00000
input.WESTfilter,input.RTB,0.00000
input.WESTrelint,input.RTB,0.00173
input.WESTrlext,input.RTB,0.00173
input.Wise2ndRun,input.RTB,0.00000
input.WiseFifthRun,input.RTB,0.00000
input.WiseFouthRun,input.RTB,0.00000
input.WiseThirdRun,input.RTB,0.00000
input.ya3,input.RTB,0.00000
input.ya4,input.RTB,0.00000
input.YNDXTPC1,input.RTB,0.00000
input.YNDXTPC2,input.RTB,0.00000
input.run1a,input.run1,0.00000
input.run1fix,input.run1,0.42811
input.run2,input.run1,0.17420
input.run2a,input.run1,0.00000
input.run3,input.run1,0.02597
input.run3a,input.run1,0.00003
input.run4,input.run1,0.00117
input.run4a,input.run1,0.00002
input.RunAll,input.run1,0.01572
input.RunFut,input.run1,0.00523
input.runNeMIS,input.run1,0.00000
input.runNeMISext,input.run1,0.00000
input.RunPure,input.run1,0.02133
input.scurtuRun1,input.run1,0.00000
input.sielrun1,input.run1,0.00000
input.sielrun2,input.run1,0.00000
input.sielrun3,input.run1,0.00000
input.sielrun4,input.run1,0.00000
input.SienaCL1B,input.run1,0.25762
input.SienaCL31,input.run1,0.08946
input.SienaCL342,input.run1,0.09683
input.SienaCLbase,input.run1,0.07612
input.simfoll,input.run1,0.22717
input.simfollTP01,input.run1,0.25759
input.sylesNoRes,input.run1,0.67809
input.tfTP01,input.run1,0.19947
input.udelIndri,input.run1,0.25757
input.udelLucene,input.run1,0.00000
input.UDMicroComb1,input.run1,0.00068
input.UDMicroComb2,input.run1,0.02356
input.UDMicroIDF,input.run1,0.18658
input.UDMicroIDFD,input.run1,0.00465
input.uicir1,input.run1,0.00029
input.uicir2,input.run1,0.00005
input.UIowaS1,input.run1,0.05431
input.UIowaS2,input.run1,0.05429
input.UIowaS3,input.run1,0.06446
input.UIowaS4,input.run1,0.01573
input.uiucsf,input.run1,0.00000
input.uogTrLqea,input.run1,0.00000
input.uogTrLqeabd,input.run1,0.00000
input.uogTrLqeabdd,input.run1,0.00000
input.uogTrUB2,input.run1,0.00000
input.UTBase,input.run1,0.00000
input.UTBaseRTF,input.run1,0.00000
input.UTWngFuture,input.run1,0.00000
input.UTWngFutureQ,input.run1,0.00000
input.waterlooa1,input.run1,0.57128
input.waterlooa2,input.run1,0.90995
input.waterlooa3,input.run1,0.09677
input.waterlooa4,input.run1,0.52112
input.WESTfilext,input.run1,0.00006
input.WESTfilter,input.run1,0.00025
input.WESTrelint,input.run1,0.00000
input.WESTrlext,input.run1,0.00000
input.Wise2ndRun,input.run1,0.70578
input.WiseFifthRun,input.run1,0.45041
input.WiseFouthRun,input.run1,0.04972
input.WiseThirdRun,input.run1,0.70578
input.ya3,input.run1,0.00001
input.ya4,input.run1,0.00090
input.YNDXTPC1,input.run1,0.00001
input.YNDXTPC2,input.run1,0.00003
input.run1fix,input.run1a,0.00000
input.run2,input.run1a,0.00000
input.run2a,input.run1a,0.38539
input.run3,input.run1a,0.00006
input.run3a,input.run1a,0.04154
input.run4,input.run1a,0.00287
input.run4a,input.run1a,0.05424
input.RunAll,input.run1a,0.00014
input.RunFut,input.run1a,0.00059
input.runNeMIS,input.run1a,0.85034
input.runNeMISext,input.run1a,0.30824
input.RunPure,input.run1a,0.00009
input.scurtuRun1,input.run1a,0.10461
input.sielrun1,input.run1a,0.49690
input.sielrun2,input.run1a,0.65055
input.sielrun3,input.run1a,0.79158
input.sielrun4,input.run1a,0.70573
input.SienaCL1B,input.run1a,0.00000
input.SienaCL31,input.run1a,0.00001
input.SienaCL342,input.run1a,0.00000
input.SienaCLbase,input.run1a,0.00001
input.simfoll,input.run1a,0.00000
input.simfollTP01,input.run1a,0.00000
input.sylesNoRes,input.run1a,0.00000
input.tfTP01,input.run1a,0.00000
input.udelIndri,input.run1a,0.00000
input.udelLucene,input.run1a,0.15152
input.UDMicroComb1,input.run1a,0.00465
input.UDMicroComb2,input.run1a,0.00007
input.UDMicroIDF,input.run1a,0.00000
input.UDMicroIDFD,input.run1a,0.00068
input.uicir1,input.run1a,0.00922
input.uicir2,input.run1a,0.02861
input.UIowaS1,input.run1a,0.00002
input.UIowaS2,input.run1a,0.00002
input.UIowaS3,input.run1a,0.00001
input.UIowaS4,input.run1a,0.00014
input.uiucsf,input.run1a,0.00000
input.uogTrLqea,input.run1a,0.12174
input.uogTrLqeabd,input.run1a,0.22713
input.uogTrLqeabdd,input.run1a,0.32640
input.uogTrUB2,input.run1a,0.40640
input.UTBase,input.run1a,0.18652
input.UTBaseRTF,input.run1a,0.00173
input.UTWngFuture,input.run1a,0.00523
input.UTWngFutureQ,input.run1a,0.49690
input.waterlooa1,input.run1a,0.00000
input.waterlooa2,input.run1a,0.00000
input.waterlooa3,input.run1a,0.00000
input.waterlooa4,input.run1a,0.00000
input.WESTfilext,input.run1a,0.02597
input.WESTfilter,input.run1a,0.01027
input.WESTrelint,input.run1a,0.36515
input.WESTrlext,input.run1a,0.36515
input.Wise2ndRun,input.run1a,0.00000
input.WiseFifthRun,input.run1a,0.00000
input.WiseFouthRun,input.run1a,0.00002
input.WiseThirdRun,input.run1a,0.00000
input.ya3,input.run1a,0.07008
input.ya4,input.run1a,0.00366
input.YNDXTPC1,input.run1a,0.07609
input.YNDXTPC2,input.run1a,0.03793
input.run2,input.run1fix,0.57113
input.run2a,input.run1fix,0.00000
input.run3,input.run1fix,0.00253
input.run3a,input.run1fix,0.00000
input.run4,input.run1fix,0.00005
input.run4a,input.run1fix,0.00000
input.RunAll,input.run1fix,0.00134
input.RunFut,input.run1fix,0.00034
input.runNeMIS,input.run1fix,0.00000
input.runNeMISext,input.run1fix,0.00000
input.RunPure,input.run1fix,0.00197
input.scurtuRun1,input.run1fix,0.00000
input.sielrun1,input.run1fix,0.00000
input.sielrun2,input.run1fix,0.00000
input.sielrun3,input.run1fix,0.00000
input.sielrun4,input.run1fix,0.00000
input.SienaCL1B,input.run1fix,0.05430
input.SienaCL31,input.run1fix,0.01275
input.SienaCL342,input.run1fix,0.01417
input.SienaCLbase,input.run1fix,0.01029
input.simfoll,input.run1fix,0.04549
input.simfollTP01,input.run1fix,0.05429
input.sylesNoRes,input.run1fix,0.70590
input.tfTP01,input.run1fix,0.03794
input.udelIndri,input.run1fix,0.05428
input.udelLucene,input.run1fix,0.00000
input.UDMicroComb1,input.run1fix,0.00003
input.UDMicroComb2,input.run1fix,0.00224
input.UDMicroIDF,input.run1fix,0.03458
input.UDMicroIDFD,input.run1fix,0.00029
input.uicir1,input.run1fix,0.00001
input.uicir2,input.run1fix,0.00000
input.UIowaS1,input.run1fix,0.00659
input.UIowaS2,input.run1fix,0.00659
input.UIowaS3,input.run1fix,0.00826
input.UIowaS4,input.run1fix,0.00134
input.uiucsf,input.run1fix,0.00000
input.uogTrLqea,input.run1fix,0.00000
input.uogTrLqeabd,input.run1fix,0.00000
input.uogTrLqeabdd,input.run1fix,0.00000
input.uogTrUB2,input.run1fix,0.00000
input.UTBase,input.run1fix,0.00000
input.UTBaseRTF,input.run1fix,0.00000
input.UTWngFuture,input.run1fix,0.00000
input.UTWngFutureQ,input.run1fix,0.00000
input.waterlooa1,input.run1fix,0.82099
input.waterlooa2,input.run1fix,0.36518
input.waterlooa3,input.run1fix,0.38524
input.waterlooa4,input.run1fix,0.88013
input.WESTfilext,input.run1fix,0.00000
input.WESTfilter,input.run1fix,0.00001
input.WESTrelint,input.run1fix,0.00000
input.WESTrlext,input.run1fix,0.00000
input.Wise2ndRun,input.run1fix,0.67822
input.WiseFifthRun,input.run1fix,0.12182
input.WiseFouthRun,input.run1fix,0.00587
input.WiseThirdRun,input.run1fix,0.67822
input.ya3,input.run1fix,0.00000
input.ya4,input.run1fix,0.00004
input.YNDXTPC1,input.run1fix,0.00000
input.YNDXTPC2,input.run1fix,0.00000
input.run2a,input.run2,0.00000
input.run3,input.run2,0.00034
input.run3a,input.run2,0.00000
input.run4,input.run2,0.00000
input.run4a,input.run2,0.00000
input.RunAll,input.run2,0.00016
input.RunFut,input.run2,0.00003
input.runNeMIS,input.run2,0.00000
input.runNeMISext,input.run2,0.00000
input.RunPure,input.run2,0.00025
input.scurtuRun1,input.run2,0.00000
input.sielrun1,input.run2,0.00000
input.sielrun2,input.run2,0.00000
input.sielrun3,input.run2,0.00000
input.sielrun4,input.run2,0.00000
input.SienaCL1B,input.run2,0.01274
input.SienaCL31,input.run2,0.00224
input.SienaCL342,input.run2,0.00253
input.SienaCLbase,input.run2,0.00173
input.simfoll,input.run2,0.01027
input.simfollTP01,input.run2,0.01274
input.sylesNoRes,input.run2,0.34530
input.tfTP01,input.run2,0.00824
input.udelIndri,input.run2,0.01274
input.udelLucene,input.run2,0.00000
input.UDMicroComb1,input.run2,0.00000
input.UDMicroComb2,input.run2,0.00029
input.UDMicroIDF,input.run2,0.00737
input.UDMicroIDFD,input.run2,0.00003
input.uicir1,input.run2,0.00000
input.uicir2,input.run2,0.00000
input.UIowaS1,input.run2,0.00103
input.UIowaS2,input.run2,0.00103
input.UIowaS3,input.run2,0.00134
input.UIowaS4,input.run2,0.00016
input.uiucsf,input.run2,0.00000
input.uogTrLqea,input.run2,0.00000
input.uogTrLqeabd,input.run2,0.00000
input.uogTrLqeabdd,input.run2,0.00000
input.uogTrUB2,input.run2,0.00000
input.UTBase,input.run2,0.00000
input.UTBaseRTF,input.run2,0.00000
input.UTWngFuture,input.run2,0.00000
input.UTWngFutureQ,input.run2,0.00000
input.waterlooa1,input.run2,0.42798
input.waterlooa2,input.run2,0.14104
input.waterlooa3,input.run2,0.76273
input.waterlooa4,input.run2,0.47325
input.WESTfilext,input.run2,0.00000
input.WESTfilter,input.run2,0.00000
input.WESTrelint,input.run2,0.00000
input.WESTrlext,input.run2,0.00000
input.Wise2ndRun,input.run2,0.32645
input.WiseFifthRun,input.run2,0.03455
input.WiseFouthRun,input.run2,0.00090
input.WiseThirdRun,input.run2,0.32645
input.ya3,input.run2,0.00000
input.ya4,input.run2,0.00000
input.YNDXTPC1,input.run2,0.00000
input.YNDXTPC2,input.run2,0.00000
input.run3,input.run2a,0.00173
input.run3a,input.run2a,0.24195
input.run4,input.run2a,0.03455
input.run4a,input.run2a,0.29055
input.RunAll,input.run2a,0.00324
input.RunFut,input.run2a,0.01028
input.runNeMIS,input.run2a,0.49693
input.runNeMISext,input.run2a,0.88004
input.RunPure,input.run2a,0.00224
input.scurtuRun1,input.run2a,0.45031
input.sielrun1,input.run2a,0.12177
input.sielrun2,input.run2a,0.67813
input.sielrun3,input.run2a,0.54601
input.sielrun4,input.run2a,0.62384
input.SienaCL1B,input.run2a,0.00002
input.SienaCL31,input.run2a,0.00025
input.SienaCL342,input.run2a,0.00022
input.SienaCLbase,input.run2a,0.00034
input.simfoll,input.run2a,0.00003
input.simfollTP01,input.run2a,0.00002
input.sylesNoRes,input.run2a,0.00000
input.tfTP01,input.run2a,0.00005
input.udelIndri,input.run2a,0.00002
input.udelLucene,input.run2a,0.02133
input.UDMicroComb1,input.run2a,0.04969
input.UDMicroComb2,input.run2a,0.00197
input.UDMicroIDF,input.run2a,0.00005
input.UDMicroIDFD,input.run2a,0.01145
input.uicir1,input.run2a,0.08258
input.uicir2,input.run2a,0.18656
input.UIowaS1,input.run2a,0.00059
input.UIowaS2,input.run2a,0.00059
input.UIowaS3,input.run2a,0.00045
input.UIowaS4,input.run2a,0.00324
input.uiucsf,input.run2a,0.00000
input.uogTrLqea,input.run2a,0.49682
input.uogTrLqeabd,input.run2a,0.73403
input.uogTrLqeabdd,input.run2a,0.90972
input.uogTrUB2,input.run2a,0.96988
input.UTBase,input.run2a,0.65059
input.UTBaseRTF,input.run2a,0.00006
input.UTWngFuture,input.run2a,0.00025
input.UTWngFutureQ,input.run2a,0.12177
input.waterlooa1,input.run2a,0.00000
input.waterlooa2,input.run2a,0.00000
input.waterlooa3,input.run2a,0.00000
input.waterlooa4,input.run2a,0.00000
input.WESTfilext,input.run2a,0.17426
input.WESTfilter,input.run2a,0.08942
input.WESTrelint,input.run2a,0.07613
input.WESTrlext,input.run2a,0.07613
input.Wise2ndRun,input.run2a,0.00000
input.WiseFifthRun,input.run2a,0.00000
input.WiseFouthRun,input.run2a,0.00068
input.WiseThirdRun,input.run2a,0.00000
input.ya3,input.run2a,0.34547
input.ya4,input.run2a,0.04155
input.YNDXTPC1,input.run2a,0.36503
input.YNDXTPC2,input.run2a,0.22720
input.run3a,input.run3,0.04974
input.run4,input.run3,0.30832
input.run4a,input.run3,0.03795
input.RunAll,input.run3,0.85034
input.RunFut,input.run3,0.57136
input.runNeMIS,input.run3,0.00014
input.runNeMISext,input.run3,0.00287
input.RunPure,input.run3,0.93989
input.scurtuRun1,input.run3,0.01743
input.sielrun1,input.run3,0.00000
input.sielrun2,input.run3,0.00039
input.sielrun3,input.run3,0.00019
input.sielrun4,input.run3,0.00029
input.SienaCL1B,input.run3,0.27366
input.SienaCL31,input.run3,0.59718
input.SienaCL342,input.run3,0.57121
input.SienaCLbase,input.run3,0.65051
input.simfoll,input.run3,0.30818
input.simfollTP01,input.run3,0.27368
input.sylesNoRes,input.run3,0.00825
input.tfTP01,input.run3,0.34535
input.udelIndri,input.run3,0.27371
input.udelLucene,input.run3,0.00000
input.UDMicroComb1,input.run3,0.24213
input.UDMicroComb2,input.run3,0.97011
input.UDMicroIDF,input.run3,0.36497
input.UDMicroIDFD,input.run3,0.54605
input.uicir1,input.run3,0.16259
input.uicir2,input.run3,0.07007
input.UIowaS1,input.run3,0.76238
input.UIowaS2,input.run3,0.76251
input.UIowaS3,input.run3,0.70565
input.UIowaS4,input.run3,0.85061
input.uiucsf,input.run3,0.00000
input.uogTrLqea,input.run3,0.01417
input.uogTrLqeabd,input.run3,0.00523
input.uogTrLqeabdd,input.run3,0.00254
input.uogTrUB2,input.run3,0.00152
input.UTBase,input.run3,0.00738
input.UTBaseRTF,input.run3,0.00000
input.UTWngFuture,input.run3,0.00000
input.UTWngFutureQ,input.run3,0.00000
input.waterlooa1,input.run3,0.00522
input.waterlooa2,input.run3,0.03455
input.waterlooa3,input.run3,0.00010
input.waterlooa4,input.run3,0.00413
input.WESTfilext,input.run3,0.07612
input.WESTfilter,input.run3,0.15162
input.WESTrelint,input.run3,0.00000
input.WESTrlext,input.run3,0.00000
input.Wise2ndRun,input.run3,0.00921
input.WiseFifthRun,input.run3,0.14103
input.WiseFouthRun,input.run3,0.79154
input.WiseThirdRun,input.run3,0.00921
input.ya3,input.run3,0.02860
input.ya4,input.run3,0.27383
input.YNDXTPC1,input.run3,0.02598
input.YNDXTPC2,input.run3,0.05427
input.run4,input.run3a,0.34547
input.run4a,input.run3a,0.90986
input.RunAll,input.run3a,0.07615
input.RunFut,input.run3a,0.16268
input.runNeMIS,input.run3a,0.06439
input.runNeMISext,input.run3a,0.30810
input.RunPure,input.run3a,0.05919
input.scurtuRun1,input.run3a,0.67797
input.sielrun1,input.run3a,0.00658
input.sielrun2,input.run3a,0.11293
input.sielrun3,input.run3a,0.07608
input.sielrun4,input.run3a,0.09680
input.SienaCL1B,input.run3a,0.00224
input.SienaCL31,input.run3a,0.01275
input.SienaCL342,input.run3a,0.01146
input.SienaCLbase,input.run3a,0.01573
input.simfoll,input.run3a,0.00287
input.simfollTP01,input.run3a,0.00224
input.sylesNoRes,input.run3a,0.00000
input.tfTP01,input.run3a,0.00366
input.udelIndri,input.run3a,0.00224
input.udelLucene,input.run3a,0.00052
input.UDMicroComb1,input.run3a,0.42808
input.UDMicroComb2,input.run3a,0.05427
input.UDMicroIDF,input.run3a,0.00413
input.UDMicroIDFD,input.run3a,0.17431
input.uicir1,input.run3a,0.57155
input.uicir2,input.run3a,0.88021
input.UIowaS1,input.run3a,0.02354
input.UIowaS2,input.run3a,0.02355
input.UIowaS3,input.run3a,0.01929
input.UIowaS4,input.run3a,0.07609
input.uiucsf,input.run3a,0.00000
input.uogTrLqea,input.run3a,0.62368
input.uogTrLqeabd,input.run3a,0.40633
input.uogTrLqeabdd,input.run3a,0.29063
input.uogTrUB2,input.run3a,0.22709
input.UTBase,input.run3a,0.47325
input.UTBaseRTF,input.run3a,0.00000
input.UTWngFuture,input.run3a,0.00000
input.UTWngFutureQ,input.run3a,0.00658
input.waterlooa1,input.run3a,0.00000
input.waterlooa2,input.run3a,0.00005
input.waterlooa3,input.run3a,0.00000
input.waterlooa4,input.run3a,0.00000
input.WESTfilext,input.run3a,0.85047
input.WESTfilter,input.run3a,0.59726
input.WESTrelint,input.run3a,0.00324
input.WESTrlext,input.run3a,0.00324
input.Wise2ndRun,input.run3a,0.00000
input.WiseFifthRun,input.run3a,0.00059
input.WiseFouthRun,input.run3a,0.02598
input.WiseThirdRun,input.run3a,0.00000
input.ya3,input.run3a,0.82064
input.ya4,input.run3a,0.38545
input.YNDXTPC1,input.run3a,0.79154
input.YNDXTPC2,input.run3a,0.97011
input.run4a,input.run4,0.29068
input.RunAll,input.run4,0.40649
input.RunFut,input.run4,0.65076
input.runNeMIS,input.run4,0.00522
input.runNeMISext,input.run4,0.04969
input.RunPure,input.run4,0.34550
input.scurtuRun1,input.run4,0.17426
input.sielrun1,input.run4,0.00025
input.sielrun2,input.run4,0.01145
input.sielrun3,input.run4,0.00658
input.sielrun4,input.run4,0.00922
input.SienaCL1B,input.run4,0.03456
input.SienaCL31,input.run4,0.12181
input.SienaCL342,input.run4,0.11296
input.SienaCLbase,input.run4,0.14107
input.simfoll,input.run4,0.04157
input.simfollTP01,input.run4,0.03457
input.sylesNoRes,input.run4,0.00025
input.tfTP01,input.run4,0.04972
input.udelIndri,input.run4,0.03457
input.udelLucene,input.run4,0.00001
input.UDMicroComb1,input.run4,0.88004
input.UDMicroComb2,input.run4,0.32645
input.UDMicroIDF,input.run4,0.05427
input.UDMicroIDFD,input.run4,0.67809
input.uicir1,input.run4,0.70569
input.uicir2,input.run4,0.42794
input.UIowaS1,input.run4,0.18646
input.UIowaS2,input.run4,0.18652
input.UIowaS3,input.run4,0.16257
input.UIowaS4,input.run4,0.40630
input.uiucsf,input.run4,0.00000
input.uogTrLqea,input.run4,0.15156
input.uogTrLqeabd,input.run4,0.07610
input.uogTrLqeabdd,input.run4,0.04548
input.uogTrUB2,input.run4,0.03145
input.UTBase,input.run4,0.09679
input.UTBaseRTF,input.run4,0.00000
input.UTWngFuture,input.run4,0.00000
input.UTWngFutureQ,input.run4,0.00025
input.waterlooa1,input.run4,0.00014
input.waterlooa2,input.run4,0.00173
input.waterlooa3,input.run4,0.00000
input.waterlooa4,input.run4,0.00010
input.WESTfilext,input.run4,0.45031
input.WESTfilter,input.run4,0.67809
input.WESTrelint,input.run4,0.00010
input.WESTrlext,input.run4,0.00010
input.Wise2ndRun,input.run4,0.00029
input.WiseFifthRun,input.run4,0.01275
input.WiseFouthRun,input.run4,0.19947
input.WiseThirdRun,input.run4,0.00029
input.ya3,input.run4,0.24195
input.ya4,input.run4,0.93980
input.YNDXTPC1,input.run4,0.22715
input.YNDXTPC2,input.run4,0.36497
input.RunAll,input.run4a,0.05920
input.RunFut,input.run4a,0.13121
input.runNeMIS,input.run4a,0.08252
input.runNeMISext,input.run4a,0.36494
input.RunPure,input.run4a,0.04550
input.scurtuRun1,input.run4a,0.76264
input.sielrun1,input.run4a,0.00921
input.sielrun2,input.run4a,0.14104
input.sielrun3,input.run4a,0.09678
input.sielrun4,input.run4a,0.12178
input.SienaCL1B,input.run4a,0.00152
input.SienaCL31,input.run4a,0.00922
input.SienaCL342,input.run4a,0.00825
input.SienaCLbase,input.run4a,0.01146
input.simfoll,input.run4a,0.00197
input.simfollTP01,input.run4a,0.00152
input.sylesNoRes,input.run4a,0.00000
input.tfTP01,input.run4a,0.00254
input.udelIndri,input.run4a,0.00152
input.udelLucene,input.run4a,0.00078
input.UDMicroComb1,input.run4a,0.36509
input.UDMicroComb2,input.run4a,0.04156
input.UDMicroIDF,input.run4a,0.00287
input.UDMicroIDFD,input.run4a,0.14110
input.uicir1,input.run4a,0.49715
input.uicir2,input.run4a,0.79184
input.UIowaS1,input.run4a,0.01742
input.UIowaS2,input.run4a,0.01743
input.UIowaS3,input.run4a,0.01416
input.UIowaS4,input.run4a,0.05915
input.uiucsf,input.run4a,0.00000
input.uogTrLqea,input.run4a,0.70586
input.uogTrLqeabd,input.run4a,0.47329
input.uogTrLqeabdd,input.run4a,0.34541
input.uogTrUB2,input.run4a,0.27366
input.UTBase,input.run4a,0.54586
input.UTBaseRTF,input.run4a,0.00000
input.UTWngFuture,input.run4a,0.00000
input.UTWngFutureQ,input.run4a,0.00921
input.waterlooa1,input.run4a,0.00000
input.waterlooa2,input.run4a,0.00003
input.waterlooa3,input.run4a,0.00000
input.waterlooa4,input.run4a,0.00000
input.WESTfilext,input.run4a,0.76286
input.WESTfilter,input.run4a,0.52116
input.WESTrelint,input.run4a,0.00465
input.WESTrlext,input.run4a,0.00465
input.Wise2ndRun,input.run4a,0.00000
input.WiseFifthRun,input.run4a,0.00039
input.WiseFouthRun,input.run4a,0.01930
input.WiseThirdRun,input.run4a,0.00000
input.ya3,input.run4a,0.90963
input.ya4,input.run4a,0.32654
input.YNDXTPC1,input.run4a,0.87990
input.YNDXTPC2,input.run4a,0.88021
input.RunFut,input.RunAll,0.70590
input.runNeMIS,input.RunAll,0.00029
input.runNeMISext,input.RunAll,0.00523
input.RunPure,input.RunAll,0.90981
input.scurtuRun1,input.RunAll,0.02862
input.sielrun1,input.RunAll,0.00001
input.sielrun2,input.RunAll,0.00078
input.sielrun3,input.RunAll,0.00039
input.sielrun4,input.RunAll,0.00059
input.SienaCL1B,input.RunAll,0.19937
input.SienaCL31,input.RunAll,0.47329
input.SienaCL342,input.RunAll,0.45028
input.SienaCLbase,input.RunAll,0.52104
input.simfoll,input.RunAll,0.22715
input.simfollTP01,input.RunAll,0.19939
input.sylesNoRes,input.RunAll,0.00465
input.tfTP01,input.RunAll,0.25750
input.udelIndri,input.RunAll,0.19941
input.udelLucene,input.RunAll,0.00000
input.UDMicroComb1,input.RunAll,0.32659
input.UDMicroComb2,input.RunAll,0.87981
input.UDMicroIDF,input.RunAll,0.27368
input.UDMicroIDFD,input.RunAll,0.67813
input.uicir1,input.RunAll,0.22715
input.uicir2,input.RunAll,0.10463
input.UIowaS1,input.RunAll,0.62340
input.UIowaS2,input.RunAll,0.62352
input.UIowaS3,input.RunAll,0.57113
input.UIowaS4,input.RunAll,0.99973
input.uiucsf,input.RunAll,0.00000
input.uogTrLqea,input.RunAll,0.02357
input.uogTrLqeabd,input.RunAll,0.00922
input.uogTrLqeabdd,input.RunAll,0.00465
input.uogTrUB2,input.RunAll,0.00287
input.UTBase,input.RunAll,0.01275
input.UTBaseRTF,input.RunAll,0.00000
input.UTWngFuture,input.RunAll,0.00000
input.UTWngFutureQ,input.RunAll,0.00001
input.waterlooa1,input.RunAll,0.00287
input.waterlooa2,input.RunAll,0.02132
input.waterlooa3,input.RunAll,0.00005
input.waterlooa4,input.RunAll,0.00224
input.WESTfilext,input.RunAll,0.11297
input.WESTfilter,input.RunAll,0.21308
input.WESTrelint,input.RunAll,0.00000
input.WESTrlext,input.RunAll,0.00000
input.Wise2ndRun,input.RunAll,0.00522
input.WiseFifthRun,input.RunAll,0.09678
input.WiseFouthRun,input.RunAll,0.65055
input.WiseThirdRun,input.RunAll,0.00522
input.ya3,input.RunAll,0.04548
input.ya4,input.RunAll,0.36515
input.YNDXTPC1,input.RunAll,0.04157
input.YNDXTPC2,input.RunAll,0.08256
input.runNeMIS,input.RunFut,0.00117
input.runNeMISext,input.RunFut,0.01572
input.RunPure,input.RunFut,0.62368
input.scurtuRun1,input.RunFut,0.07008
input.sielrun1,input.RunFut,0.00004
input.sielrun2,input.RunFut,0.00287
input.sielrun3,input.RunFut,0.00152
input.sielrun4,input.RunFut,0.00224
input.SienaCL1B,input.RunFut,0.09677
input.SienaCL31,input.RunFut,0.27373
input.SienaCL342,input.RunFut,0.25750
input.SienaCLbase,input.RunFut,0.30816
input.simfoll,input.RunFut,0.11295
input.simfollTP01,input.RunFut,0.09678
input.sylesNoRes,input.RunFut,0.00134
input.tfTP01,input.RunFut,0.13112
input.udelIndri,input.RunFut,0.09679
input.udelLucene,input.RunFut,0.00000
input.UDMicroComb1,input.RunFut,0.54609
input.UDMicroComb2,input.RunFut,0.59710
input.UDMicroIDF,input.RunFut,0.14103
input.UDMicroIDFD,input.RunFut,0.96997
input.uicir1,input.RunFut,0.40633
input.uicir2,input.RunFut,0.21297
input.UIowaS1,input.RunFut,0.38517
input.UIowaS2,input.RunFut,0.38527
input.UIowaS3,input.RunFut,0.34530
input.UIowaS4,input.RunFut,0.70565
input.uiucsf,input.RunFut,0.00000
input.uogTrLqea,input.RunFut,0.05919
input.uogTrLqeabd,input.RunFut,0.02598
input.uogTrLqeabdd,input.RunFut,0.01417
input.uogTrUB2,input.RunFut,0.00921
input.UTBase,input.RunFut,0.03457
input.UTBaseRTF,input.RunFut,0.00000
input.UTWngFuture,input.RunFut,0.00000
input.UTWngFutureQ,input.RunFut,0.00004
input.waterlooa1,input.RunFut,0.00078
input.waterlooa2,input.RunFut,0.00737
input.waterlooa3,input.RunFut,0.00001
input.waterlooa4,input.RunFut,0.00059
input.WESTfilext,input.RunFut,0.22720
input.WESTfilter,input.RunFut,0.38551
input.WESTrelint,input.RunFut,0.00001
input.WESTrlext,input.RunFut,0.00001
input.Wise2ndRun,input.RunFut,0.00152
input.WiseFifthRun,input.RunFut,0.04155
input.WiseFouthRun,input.RunFut,0.40633
input.WiseThirdRun,input.RunFut,0.00152
input.ya3,input.RunFut,0.10462
input.ya4,input.RunFut,0.59734
input.YNDXTPC1,input.RunFut,0.09683
input.YNDXTPC2,input.RunFut,0.17426
input.runNeMISext,input.runNeMIS,0.40640
input.RunPure,input.runNeMIS,0.00019
input.scurtuRun1,input.runNeMIS,0.15151
input.sielrun1,input.runNeMIS,0.38536
input.sielrun2,input.runNeMIS,0.79154
input.sielrun3,input.runNeMIS,0.93976
input.sielrun4,input.runNeMIS,0.85016
input.SienaCL1B,input.runNeMIS,0.00000
input.SienaCL31,input.runNeMIS,0.00001
input.SienaCL342,input.runNeMIS,0.00001
input.SienaCLbase,input.runNeMIS,0.00002
input.simfoll,input.runNeMIS,0.00000
input.simfollTP01,input.runNeMIS,0.00000
input.sylesNoRes,input.runNeMIS,0.00000
input.tfTP01,input.runNeMIS,0.00000
input.udelIndri,input.runNeMIS,0.00000
input.udelLucene,input.runNeMIS,0.10462
input.UDMicroComb1,input.runNeMIS,0.00824
input.UDMicroComb2,input.runNeMIS,0.00016
input.UDMicroIDF,input.runNeMIS,0.00000
input.UDMicroIDFD,input.runNeMIS,0.00134
input.uicir1,input.runNeMIS,0.01573
input.uicir2,input.runNeMIS,0.04548
input.UIowaS1,input.runNeMIS,0.00004
input.UIowaS2,input.runNeMIS,0.00004
input.UIowaS3,input.runNeMIS,0.00003
input.UIowaS4,input.runNeMIS,0.00029
input.uiucsf,input.runNeMIS,0.00000
input.uogTrLqea,input.runNeMIS,0.17420
input.uogTrLqeabd,input.runNeMIS,0.30816
input.uogTrLqeabdd,input.runNeMIS,0.42794
input.uogTrUB2,input.runNeMIS,0.52116
input.UTBase,input.runNeMIS,0.25752
input.UTBaseRTF,input.runNeMIS,0.00090
input.UTWngFuture,input.runNeMIS,0.00287
input.UTWngFutureQ,input.runNeMIS,0.38536
input.waterlooa1,input.runNeMIS,0.00000
input.waterlooa2,input.runNeMIS,0.00000
input.waterlooa3,input.runNeMIS,0.00000
input.waterlooa4,input.runNeMIS,0.00000
input.WESTfilext,input.runNeMIS,0.04155
input.WESTfilter,input.runNeMIS,0.01742
input.WESTrelint,input.runNeMIS,0.27383
input.WESTrlext,input.runNeMIS,0.27383
input.Wise2ndRun,input.runNeMIS,0.00000
input.WiseFifthRun,input.runNeMIS,0.00000
input.WiseFouthRun,input.runNeMIS,0.00005
input.WiseThirdRun,input.runNeMIS,0.00000
input.ya3,input.runNeMIS,0.10465
input.ya4,input.runNeMIS,0.00658
input.YNDXTPC1,input.runNeMIS,0.11293
input.YNDXTPC2,input.runNeMIS,0.05917
input.RunPure,input.runNeMISext,0.00366
input.scurtuRun1,input.runNeMISext,0.54586
input.sielrun1,input.runNeMISext,0.08945
input.sielrun2,input.runNeMISext,0.57144
input.sielrun3,input.runNeMISext,0.45044
input.sielrun4,input.runNeMISext,0.52130
input.SienaCL1B,input.runNeMISext,0.00005
input.SienaCL31,input.runNeMISext,0.00045
input.SienaCL342,input.runNeMISext,0.00039
input.SienaCLbase,input.runNeMISext,0.00059
input.simfoll,input.runNeMISext,0.00006
input.simfollTP01,input.runNeMISext,0.00005
input.sylesNoRes,input.runNeMISext,0.00000
input.tfTP01,input.runNeMISext,0.00009
input.udelIndri,input.runNeMISext,0.00005
input.udelLucene,input.runNeMISext,0.01416
input.UDMicroComb1,input.runNeMISext,0.07003
input.UDMicroComb2,input.runNeMISext,0.00324
input.UDMicroIDF,input.runNeMISext,0.00010
input.UDMicroIDFD,input.runNeMISext,0.01742
input.uicir1,input.runNeMISext,0.11297
input.uicir2,input.runNeMISext,0.24204
input.UIowaS1,input.runNeMISext,0.00102
input.UIowaS2,input.runNeMISext,0.00102
input.UIowaS3,input.runNeMISext,0.00078
input.UIowaS4,input.runNeMISext,0.00522
input.uiucsf,input.runNeMISext,0.00000
input.uogTrLqea,input.runNeMISext,0.59710
input.uogTrLqeabd,input.runNeMISext,0.85021
input.uogTrLqeabdd,input.runNeMISext,0.97006
input.uogTrUB2,input.runNeMISext,0.85034
input.UTBase,input.runNeMISext,0.76264
input.UTBaseRTF,input.runNeMISext,0.00003
input.UTWngFuture,input.runNeMISext,0.00014
input.UTWngFutureQ,input.runNeMISext,0.08945
input.waterlooa1,input.runNeMISext,0.00000
input.waterlooa2,input.runNeMISext,0.00000
input.waterlooa3,input.runNeMISext,0.00000
input.waterlooa4,input.runNeMISext,0.00000
input.WESTfilext,input.runNeMISext,0.22715
input.WESTfilter,input.runNeMISext,0.12173
input.WESTrelint,input.runNeMISext,0.05429
input.WESTrlext,input.runNeMISext,0.05429
input.Wise2ndRun,input.runNeMISext,0.00000
input.WiseFifthRun,input.runNeMISext,0.00001
input.WiseFouthRun,input.runNeMISext,0.00117
input.WiseThirdRun,input.runNeMISext,0.00000
input.ya3,input.runNeMISext,0.42808
input.ya4,input.runNeMISext,0.05915
input.YNDXTPC1,input.runNeMISext,0.45031
input.YNDXTPC2,input.runNeMISext,0.29065
input.scurtuRun1,input.RunPure,0.02133
input.sielrun1,input.RunPure,0.00000
input.sielrun2,input.RunPure,0.00052
input.sielrun3,input.RunPure,0.00025
input.sielrun4,input.RunPure,0.00039
input.SienaCL1B,input.RunPure,0.24197
input.SienaCL31,input.RunPure,0.54593
input.SienaCL342,input.RunPure,0.52108
input.SienaCLbase,input.RunPure,0.59718
input.simfoll,input.RunPure,0.27376
input.simfollTP01,input.RunPure,0.24199
input.sylesNoRes,input.RunPure,0.00658
input.tfTP01,input.RunPure,0.30818
input.udelIndri,input.RunPure,0.24201
input.udelLucene,input.RunPure,0.00000
input.UDMicroComb1,input.RunPure,0.27383
input.UDMicroComb2,input.RunPure,0.96974
input.UDMicroIDF,input.RunPure,0.32642
input.UDMicroIDFD,input.RunPure,0.59730
input.uicir1,input.RunPure,0.18650
input.uicir2,input.RunPure,0.08255
input.UIowaS1,input.RunPure,0.70561
input.UIowaS2,input.RunPure,0.70573
input.UIowaS3,input.RunPure,0.65047
input.UIowaS4,input.RunPure,0.91008
input.uiucsf,input.RunPure,0.00000
input.uogTrLqea,input.RunPure,0.01743
input.uogTrLqeabd,input.RunPure,0.00659
input.uogTrLqeabdd,input.RunPure,0.00325
input.uogTrUB2,input.RunPure,0.00197
input.UTBase,input.RunPure,0.00922
input.UTBaseRTF,input.RunPure,0.00000
input.UTWngFuture,input.RunPure,0.00000
input.UTWngFutureQ,input.RunPure,0.00000
input.waterlooa1,input.RunPure,0.00413
input.waterlooa2,input.RunPure,0.02860
input.waterlooa3,input.RunPure,0.00007
input.waterlooa4,input.RunPure,0.00324
input.WESTfilext,input.RunPure,0.08946
input.WESTfilter,input.RunPure,0.17433
input.WESTrelint,input.RunPure,0.00000
input.WESTrlext,input.RunPure,0.00000
input.Wise2ndRun,input.RunPure,0.00737
input.WiseFifthRun,input.RunPure,0.12177
input.WiseFouthRun,input.RunPure,0.73407
input.WiseThirdRun,input.RunPure,0.00737
input.ya3,input.RunPure,0.03456
input.ya4,input.RunPure,0.30826
input.YNDXTPC1,input.RunPure,0.03147
input.YNDXTPC2,input.RunPure,0.06442
input.sielrun1,input.scurtuRun1,0.02132
input.sielrun2,input.scurtuRun1,0.24204
input.sielrun3,input.scurtuRun1,0.17426
input.sielrun4,input.scurtuRun1,0.21302
input.SienaCL1B,input.scurtuRun1,0.00052
input.SienaCL31,input.scurtuRun1,0.00366
input.SienaCL342,input.scurtuRun1,0.00324
input.SienaCLbase,input.scurtuRun1,0.00465
input.simfoll,input.scurtuRun1,0.00068
input.simfollTP01,input.scurtuRun1,0.00052
input.sylesNoRes,input.scurtuRun1,0.00000
input.tfTP01,input.scurtuRun1,0.00090
input.udelIndri,input.scurtuRun1,0.00052
input.udelLucene,input.scurtuRun1,0.00224
input.UDMicroComb1,input.scurtuRun1,0.22715
input.UDMicroComb2,input.scurtuRun1,0.01929
input.UDMicroIDF,input.scurtuRun1,0.00103
input.UDMicroIDFD,input.scurtuRun1,0.07611
input.uicir1,input.scurtuRun1,0.32659
input.uicir2,input.scurtuRun1,0.57144
input.UIowaS1,input.scurtuRun1,0.00737
input.UIowaS2,input.scurtuRun1,0.00737
input.UIowaS3,input.scurtuRun1,0.00587
input.UIowaS4,input.scurtuRun1,0.02859
input.uiucsf,input.scurtuRun1,0.00000
input.uogTrLqea,input.scurtuRun1,0.93989
input.uogTrLqeabd,input.scurtuRun1,0.67805
input.uogTrLqeabdd,input.scurtuRun1,0.52119
input.uogTrUB2,input.scurtuRun1,0.42798
input.UTBase,input.scurtuRun1,0.76268
input.UTBaseRTF,input.scurtuRun1,0.00000
input.UTWngFuture,input.scurtuRun1,0.00001
input.UTWngFutureQ,input.scurtuRun1,0.02132
input.waterlooa1,input.scurtuRun1,0.00000
input.waterlooa2,input.scurtuRun1,0.00001
input.waterlooa3,input.scurtuRun1,0.00000
input.waterlooa4,input.scurtuRun1,0.00000
input.WESTfilext,input.scurtuRun1,0.54601
input.WESTfilter,input.scurtuRun1,0.34538
input.WESTrelint,input.scurtuRun1,0.01145
input.WESTrlext,input.scurtuRun1,0.01145
input.Wise2ndRun,input.scurtuRun1,0.00000
input.WiseFifthRun,input.scurtuRun1,0.00012
input.WiseFouthRun,input.scurtuRun1,0.00825
input.WiseThirdRun,input.scurtuRun1,0.00000
input.ya3,input.scurtuRun1,0.85047
input.ya4,input.scurtuRun1,0.19945
input.YNDXTPC1,input.scurtuRun1,0.88004
input.YNDXTPC2,input.scurtuRun1,0.65076
input.sielrun2,input.sielrun1,0.25748
input.sielrun3,input.sielrun1,0.34535
input.sielrun4,input.sielrun1,0.29052
input.SienaCL1B,input.sielrun1,0.00000
input.SienaCL31,input.sielrun1,0.00000
input.SienaCL342,input.sielrun1,0.00000
input.SienaCLbase,input.sielrun1,0.00000
input.simfoll,input.sielrun1,0.00000
input.simfollTP01,input.sielrun1,0.00000
input.sylesNoRes,input.sielrun1,0.00000
input.tfTP01,input.sielrun1,0.00000
input.udelIndri,input.sielrun1,0.00000
input.udelLucene,input.sielrun1,0.45038
input.UDMicroComb1,input.sielrun1,0.00045
input.UDMicroComb2,input.sielrun1,0.00000
input.UDMicroIDF,input.sielrun1,0.00000
input.UDMicroIDFD,input.sielrun1,0.00005
input.uicir1,input.sielrun1,0.00103
input.uicir2,input.sielrun1,0.00413
input.UIowaS1,input.sielrun1,0.00000
input.UIowaS2,input.sielrun1,0.00000
input.UIowaS3,input.sielrun1,0.00000
input.UIowaS4,input.sielrun1,0.00001
input.uiucsf,input.sielrun1,0.00009
input.uogTrLqea,input.sielrun1,0.02596
input.uogTrLqeabd,input.sielrun1,0.05914
input.uogTrLqeabdd,input.sielrun1,0.09676
input.uogTrUB2,input.sielrun1,0.13114
input.UTBase,input.sielrun1,0.04546
input.UTBaseRTF,input.sielrun1,0.01417
input.UTWngFuture,input.sielrun1,0.03456
input.UTWngFutureQ,input.sielrun1,1.00000
input.waterlooa1,input.sielrun1,0.00000
input.waterlooa2,input.sielrun1,0.00000
input.waterlooa3,input.sielrun1,0.00000
input.waterlooa4,input.sielrun1,0.00000
input.WESTfilext,input.sielrun1,0.00366
input.WESTfilter,input.sielrun1,0.00117
input.WESTrelint,input.sielrun1,0.82103
input.WESTrlext,input.sielrun1,0.82103
input.Wise2ndRun,input.sielrun1,0.00000
input.WiseFifthRun,input.sielrun1,0.00000
input.WiseFouthRun,input.sielrun1,0.00000
input.WiseThirdRun,input.sielrun1,0.00000
input.ya3,input.sielrun1,0.01275
input.ya4,input.sielrun1,0.00034
input.YNDXTPC1,input.sielrun1,0.01416
input.YNDXTPC2,input.sielrun1,0.00587
input.sielrun3,input.sielrun2,0.85030
input.sielrun4,input.sielrun2,0.93989
input.SienaCL1B,input.sielrun2,0.00000
input.SienaCL31,input.sielrun2,0.00005
input.SienaCL342,input.sielrun2,0.00004
input.SienaCLbase,input.sielrun2,0.00006
input.simfoll,input.sielrun2,0.00000
input.simfollTP01,input.sielrun2,0.00000
input.sylesNoRes,input.sielrun2,0.00000
input.tfTP01,input.sielrun2,0.00001
input.udelIndri,input.sielrun2,0.00000
input.udelLucene,input.sielrun2,0.05914
input.UDMicroComb1,input.sielrun2,0.01742
input.UDMicroComb2,input.sielrun2,0.00045
input.UDMicroIDF,input.sielrun2,0.00001
input.UDMicroIDFD,input.sielrun2,0.00324
input.uicir1,input.sielrun2,0.03148
input.uicir2,input.sielrun2,0.08259
input.UIowaS1,input.sielrun2,0.00012
input.UIowaS2,input.sielrun2,0.00012
input.UIowaS3,input.sielrun2,0.00009
input.UIowaS4,input.sielrun2,0.00078
input.uiucsf,input.sielrun2,0.00000
input.uogTrLqea,input.sielrun2,0.27373
input.uogTrLqeabd,input.sielrun2,0.45038
input.uogTrLqeabdd,input.sielrun2,0.59722
input.uogTrUB2,input.sielrun2,0.70599
input.UTBase,input.sielrun2,0.38542
input.UTBaseRTF,input.sielrun2,0.00034
input.UTWngFuture,input.sielrun2,0.00117
input.UTWngFutureQ,input.sielrun2,0.25748
input.waterlooa1,input.sielrun2,0.00000
input.waterlooa2,input.sielrun2,0.00000
input.waterlooa3,input.sielrun2,0.00000
input.waterlooa4,input.sielrun2,0.00000
input.WESTfilext,input.sielrun2,0.07612
input.WESTfilter,input.sielrun2,0.03456
input.WESTrelint,input.sielrun2,0.17428
input.WESTrlext,input.sielrun2,0.17428
input.Wise2ndRun,input.sielrun2,0.00000
input.WiseFifthRun,input.sielrun2,0.00000
input.WiseFouthRun,input.sielrun2,0.00014
input.WiseThirdRun,input.sielrun2,0.00000
input.ya3,input.sielrun2,0.17433
input.ya4,input.sielrun2,0.01417
input.YNDXTPC1,input.sielrun2,0.18656
input.YNDXTPC2,input.sielrun2,0.10467
input.sielrun4,input.sielrun3,0.90977
input.SienaCL1B,input.sielrun3,0.00000
input.SienaCL31,input.sielrun3,0.00002
input.SienaCL342,input.sielrun3,0.00002
input.SienaCLbase,input.sielrun3,0.00003
input.simfoll,input.sielrun3,0.00000
input.simfollTP01,input.sielrun3,0.00000
input.sylesNoRes,input.sielrun3,0.00000
input.tfTP01,input.sielrun3,0.00000
input.udelIndri,input.sielrun3,0.00000
input.udelLucene,input.sielrun3,0.08943
input.UDMicroComb1,input.sielrun3,0.01028
input.UDMicroComb2,input.sielrun3,0.00022
input.UDMicroIDF,input.sielrun3,0.00000
input.UDMicroIDFD,input.sielrun3,0.00173
input.uicir1,input.sielrun3,0.01930
input.uicir2,input.sielrun3,0.05428
input.UIowaS1,input.sielrun3,0.00005
input.UIowaS2,input.sielrun3,0.00005
input.UIowaS3,input.sielrun3,0.00004
input.UIowaS4,input.sielrun3,0.00039
input.uiucsf,input.sielrun3,0.00000
input.uogTrLqea,input.sielrun3,0.19941
input.uogTrLqeabd,input.sielrun3,0.34541
input.uogTrLqeabdd,input.sielrun3,0.47329
input.uogTrUB2,input.sielrun3,0.57140
input.UTBase,input.sielrun3,0.29065
input.UTBaseRTF,input.sielrun3,0.00068
input.UTWngFuture,input.sielrun3,0.00224
input.UTWngFutureQ,input.sielrun3,0.34535
input.waterlooa1,input.sielrun3,0.00000
input.waterlooa2,input.sielrun3,0.00000
input.waterlooa3,input.sielrun3,0.00000
input.waterlooa4,input.sielrun3,0.00000
input.WESTfilext,input.sielrun3,0.04972
input.WESTfilter,input.sielrun3,0.02132
input.WESTrelint,input.sielrun3,0.24206
input.WESTrlext,input.sielrun3,0.24206
input.Wise2ndRun,input.sielrun3,0.00000
input.WiseFifthRun,input.sielrun3,0.00000
input.WiseFouthRun,input.sielrun3,0.00006
input.WiseThirdRun,input.sielrun3,0.00000
input.ya3,input.sielrun3,0.12182
input.ya4,input.sielrun3,0.00825
input.YNDXTPC1,input.sielrun3,0.13115
input.YNDXTPC2,input.sielrun3,0.07008
input.SienaCL1B,input.sielrun4,0.00000
input.SienaCL31,input.sielrun4,0.00003
input.SienaCL342,input.sielrun4,0.00003
input.SienaCLbase,input.sielrun4,0.00005
input.simfoll,input.sielrun4,0.00000
input.simfollTP01,input.sielrun4,0.00000
input.sylesNoRes,input.sielrun4,0.00000
input.tfTP01,input.sielrun4,0.00000
input.udelIndri,input.sielrun4,0.00000
input.udelLucene,input.sielrun4,0.07002
input.UDMicroComb1,input.sielrun4,0.01417
input.UDMicroComb2,input.sielrun4,0.00034
input.UDMicroIDF,input.sielrun4,0.00001
input.UDMicroIDFD,input.sielrun4,0.00254
input.uicir1,input.sielrun4,0.02599
input.uicir2,input.sielrun4,0.07010
input.UIowaS1,input.sielrun4,0.00009
input.UIowaS2,input.sielrun4,0.00009
input.UIowaS3,input.sielrun4,0.00006
input.UIowaS4,input.sielrun4,0.00059
input.uiucsf,input.sielrun4,0.00000
input.uogTrLqea,input.sielrun4,0.24204
input.uogTrLqeabd,input.sielrun4,0.40643
input.uogTrLqeabdd,input.sielrun4,0.54597
input.uogTrUB2,input.sielrun4,0.65080
input.UTBase,input.sielrun4,0.34550
input.UTBaseRTF,input.sielrun4,0.00045
input.UTWngFuture,input.sielrun4,0.00152
input.UTWngFutureQ,input.sielrun4,0.29052
input.waterlooa1,input.sielrun4,0.00000
input.waterlooa2,input.sielrun4,0.00000
input.waterlooa3,input.sielrun4,0.00000
input.waterlooa4,input.sielrun4,0.00000
input.WESTfilext,input.sielrun4,0.06445
input.WESTfilter,input.sielrun4,0.02860
input.WESTrelint,input.sielrun4,0.19943
input.WESTrlext,input.sielrun4,0.19943
input.Wise2ndRun,input.sielrun4,0.00000
input.WiseFifthRun,input.sielrun4,0.00000
input.WiseFouthRun,input.sielrun4,0.00010
input.WiseThirdRun,input.sielrun4,0.00000
input.ya3,input.sielrun4,0.15162
input.ya4,input.sielrun4,0.01146
input.YNDXTPC1,input.sielrun4,0.16264
input.YNDXTPC2,input.sielrun4,0.08950
input.SienaCL31,input.SienaCL1B,0.57125
input.SienaCL342,input.SienaCL1B,0.59722
input.SienaCLbase,input.SienaCL1B,0.52112
input.simfoll,input.SienaCL1B,0.93971
input.simfollTP01,input.SienaCL1B,0.99995
input.sylesNoRes,input.SienaCL1B,0.12184
input.tfTP01,input.SienaCL1B,0.87995
input.udelIndri,input.SienaCL1B,0.99991
input.udelLucene,input.SienaCL1B,0.00000
input.UDMicroComb1,input.SienaCL1B,0.02355
input.UDMicroComb2,input.SienaCL1B,0.25757
input.UDMicroIDF,input.SienaCL1B,0.85030
input.UDMicroIDFD,input.SienaCL1B,0.08944
input.uicir1,input.SienaCL1B,0.01274
input.uicir2,input.SienaCL1B,0.00366
input.UIowaS1,input.SienaCL1B,0.42817
input.UIowaS2,input.SienaCL1B,0.42808
input.UIowaS3,input.SienaCL1B,0.47339
input.UIowaS4,input.SienaCL1B,0.19949
input.uiucsf,input.SienaCL1B,0.00000
input.uogTrLqea,input.SienaCL1B,0.00039
input.uogTrLqeabd,input.SienaCL1B,0.00010
input.uogTrLqeabdd,input.SienaCL1B,0.00004
input.uogTrUB2,input.SienaCL1B,0.00002
input.UTBase,input.SienaCL1B,0.00016
input.UTBaseRTF,input.SienaCL1B,0.00000
input.UTWngFuture,input.SienaCL1B,0.00000
input.UTWngFutureQ,input.SienaCL1B,0.00000
input.waterlooa1,input.SienaCL1B,0.08947
input.waterlooa2,input.SienaCL1B,0.30824
input.waterlooa3,input.SienaCL1B,0.00523
input.waterlooa4,input.SienaCL1B,0.07612
input.WESTfilext,input.SienaCL1B,0.00413
input.WESTfilter,input.SienaCL1B,0.01145
input.WESTrelint,input.SienaCL1B,0.00000
input.WESTrlext,input.SienaCL1B,0.00000
input.Wise2ndRun,input.SienaCL1B,0.13115
input.WiseFifthRun,input.SienaCL1B,0.70594
input.WiseFouthRun,input.SienaCL1B,0.40633
input.WiseThirdRun,input.SienaCL1B,0.13115
input.ya3,input.SienaCL1B,0.00102
input.ya4,input.SienaCL1B,0.02860
input.YNDXTPC1,input.SienaCL1B,0.00090
input.YNDXTPC2,input.SienaCL1B,0.00253
input.SienaCL342,input.SienaCL31,0.96983
input.SienaCLbase,input.SienaCL31,0.93989
input.simfoll,input.SienaCL31,0.62372
input.simfollTP01,input.SienaCL31,0.57128
input.sylesNoRes,input.SienaCL31,0.03457
input.tfTP01,input.SienaCL31,0.67801
input.udelIndri,input.SienaCL31,0.57132
input.udelLucene,input.SienaCL31,0.00000
input.UDMicroComb1,input.SienaCL31,0.08948
input.UDMicroComb2,input.SienaCL31,0.57144
input.UDMicroIDF,input.SienaCL31,0.70582
input.UDMicroIDFD,input.SienaCL31,0.25757
input.uicir1,input.SienaCL31,0.05425
input.uicir2,input.SienaCL31,0.01929
input.UIowaS1,input.SienaCL31,0.82112
input.UIowaS2,input.SienaCL31,0.82099
input.UIowaS3,input.SienaCL31,0.88017
input.UIowaS4,input.SienaCL31,0.47350
input.uiucsf,input.SienaCL31,0.00000
input.uogTrLqea,input.SienaCL31,0.00287
input.uogTrLqeabd,input.SienaCL31,0.00090
input.uogTrLqeabdd,input.SienaCL31,0.00039
input.uogTrUB2,input.SienaCL31,0.00022
input.UTBase,input.SienaCL31,0.00134
input.UTBaseRTF,input.SienaCL31,0.00000
input.UTWngFuture,input.SienaCL31,0.00000
input.UTWngFutureQ,input.SienaCL31,0.00000
input.waterlooa1,input.SienaCL31,0.02355
input.waterlooa2,input.SienaCL31,0.11293
input.waterlooa3,input.SienaCL31,0.00078
input.waterlooa4,input.SienaCL31,0.01929
input.WESTfilext,input.SienaCL31,0.02133
input.WESTfilter,input.SienaCL31,0.04973
input.WESTrelint,input.SienaCL31,0.00000
input.WESTrlext,input.SienaCL31,0.00000
input.Wise2ndRun,input.SienaCL31,0.03791
input.WiseFifthRun,input.SienaCL31,0.34541
input.WiseFouthRun,input.SienaCL31,0.79167
input.WiseThirdRun,input.SienaCL31,0.03791
input.ya3,input.SienaCL31,0.00658
input.ya4,input.SienaCL31,0.10465
input.YNDXTPC1,input.SienaCL31,0.00587
input.YNDXTPC2,input.SienaCL31,0.01416
input.SienaCLbase,input.SienaCL342,0.90986
input.simfoll,input.SienaCL342,0.65071
input.simfollTP01,input.SienaCL342,0.59726
input.sylesNoRes,input.SienaCL342,0.03794
input.tfTP01,input.SienaCL342,0.70590
input.udelIndri,input.SienaCL342,0.59730
input.udelLucene,input.SienaCL342,0.00000
input.UDMicroComb1,input.SienaCL342,0.08257
input.UDMicroComb2,input.SienaCL342,0.54601
input.UDMicroIDF,input.SienaCL342,0.73411
input.UDMicroIDFD,input.SienaCL342,0.24201
input.uicir1,input.SienaCL342,0.04968
input.uicir2,input.SienaCL342,0.01742
input.UIowaS1,input.SienaCL342,0.79184
input.UIowaS2,input.SienaCL342,0.79171
input.UIowaS3,input.SienaCL342,0.85043
input.UIowaS4,input.SienaCL342,0.45048
input.uiucsf,input.SienaCL342,0.00000
input.uogTrLqea,input.SienaCL342,0.00254
input.uogTrLqeabd,input.SienaCL342,0.00078
input.uogTrLqeabdd,input.SienaCL342,0.00034
input.uogTrUB2,input.SienaCL342,0.00019
input.UTBase,input.SienaCL342,0.00117
input.UTBaseRTF,input.SienaCL342,0.00000
input.UTWngFuture,input.SienaCL342,0.00000
input.UTWngFutureQ,input.SienaCL342,0.00000
input.waterlooa1,input.SienaCL342,0.02597
input.waterlooa2,input.SienaCL342,0.12178
input.waterlooa3,input.SienaCL342,0.00090
input.waterlooa4,input.SienaCL342,0.02133
input.WESTfilext,input.SienaCL342,0.01929
input.WESTfilter,input.SienaCL342,0.04549
input.WESTrelint,input.SienaCL342,0.00000
input.WESTrlext,input.SienaCL342,0.00000
input.Wise2ndRun,input.SienaCL342,0.04155
input.WiseFifthRun,input.SienaCL342,0.36509
input.WiseFouthRun,input.SienaCL342,0.76268
input.WiseThirdRun,input.SienaCL342,0.04155
input.ya3,input.SienaCL342,0.00587
input.ya4,input.SienaCL342,0.09680
input.YNDXTPC1,input.SienaCL342,0.00523
input.YNDXTPC2,input.SienaCL342,0.01274
input.simfoll,input.SienaCLbase,0.57140
input.simfollTP01,input.SienaCLbase,0.52116
input.sylesNoRes,input.SienaCLbase,0.02862
input.tfTP01,input.SienaCLbase,0.62372
input.udelIndri,input.SienaCLbase,0.52119
input.udelLucene,input.SienaCLbase,0.00000
input.UDMicroComb1,input.SienaCLbase,0.10465
input.UDMicroComb2,input.SienaCLbase,0.62376
input.UDMicroIDF,input.SienaCLbase,0.65063
input.UDMicroIDFD,input.SienaCLbase,0.29063
input.uicir1,input.SienaCLbase,0.06439
input.uicir2,input.SienaCLbase,0.02354
input.UIowaS1,input.SienaCLbase,0.88021
input.UIowaS2,input.SienaCLbase,0.88008
input.UIowaS3,input.SienaCLbase,0.93994
input.UIowaS4,input.SienaCLbase,0.52127
input.uiucsf,input.SienaCLbase,0.00000
input.uogTrLqea,input.SienaCLbase,0.00366
input.uogTrLqeabd,input.SienaCLbase,0.00117
input.uogTrLqeabdd,input.SienaCLbase,0.00052
input.uogTrUB2,input.SienaCLbase,0.00029
input.UTBase,input.SienaCLbase,0.00173
input.UTBaseRTF,input.SienaCLbase,0.00000
input.UTWngFuture,input.SienaCLbase,0.00000
input.UTWngFutureQ,input.SienaCLbase,0.00000
input.waterlooa1,input.SienaCLbase,0.01929
input.waterlooa2,input.SienaCLbase,0.09680
input.waterlooa3,input.SienaCLbase,0.00059
input.waterlooa4,input.SienaCLbase,0.01572
input.WESTfilext,input.SienaCLbase,0.02597
input.WESTfilter,input.SienaCLbase,0.05918
input.WESTrelint,input.SienaCLbase,0.00000
input.WESTrlext,input.SienaCLbase,0.00000
input.Wise2ndRun,input.SienaCLbase,0.03146
input.WiseFifthRun,input.SienaCLbase,0.30824
input.WiseFouthRun,input.SienaCLbase,0.85030
input.WiseThirdRun,input.SienaCLbase,0.03146
input.ya3,input.SienaCLbase,0.00824
input.ya4,input.SienaCLbase,0.12178
input.YNDXTPC1,input.SienaCLbase,0.00737
input.YNDXTPC2,input.SienaCLbase,0.01742
input.simfollTP01,input.simfoll,0.93976
input.sylesNoRes,input.simfoll,0.10465
input.tfTP01,input.simfoll,0.93989
input.udelIndri,input.simfoll,0.93980
input.udelLucene,input.simfoll,0.00000
input.UDMicroComb1,input.simfoll,0.02862
input.UDMicroComb2,input.simfoll,0.29073
input.UDMicroIDF,input.simfoll,0.90995
input.UDMicroIDFD,input.simfoll,0.10465
input.uicir1,input.simfoll,0.01572
input.uicir2,input.simfoll,0.00465
input.UIowaS1,input.simfoll,0.47357
input.UIowaS2,input.simfoll,0.47346
input.UIowaS3,input.simfoll,0.52130
input.UIowaS4,input.simfoll,0.22728
input.uiucsf,input.simfoll,0.00000
input.uogTrLqea,input.simfoll,0.00052
input.uogTrLqeabd,input.simfoll,0.00014
input.uogTrLqeabdd,input.simfoll,0.00005
input.uogTrUB2,input.simfoll,0.00003
input.UTBase,input.simfoll,0.00022
input.UTBaseRTF,input.simfoll,0.00000
input.UTWngFuture,input.simfoll,0.00000
input.UTWngFutureQ,input.simfoll,0.00000
input.waterlooa1,input.simfoll,0.07609
input.waterlooa2,input.simfoll,0.27371
input.waterlooa3,input.simfoll,0.00413
input.waterlooa4,input.simfoll,0.06442
input.WESTfilext,input.simfoll,0.00523
input.WESTfilter,input.simfoll,0.01417
input.WESTrelint,input.simfoll,0.00000
input.WESTrlext,input.simfoll,0.00000
input.Wise2ndRun,input.simfoll,0.11292
input.WiseFifthRun,input.simfoll,0.65059
input.WiseFouthRun,input.simfoll,0.45041
input.WiseThirdRun,input.simfoll,0.11292
input.ya3,input.simfoll,0.00134
input.ya4,input.simfoll,0.03457
input.YNDXTPC1,input.simfoll,0.00117
input.YNDXTPC2,input.simfoll,0.00324
input.sylesNoRes,input.simfollTP01,0.12182
input.tfTP01,input.simfollTP01,0.87999
input.udelIndri,input.simfollTP01,0.99995
input.udelLucene,input.simfollTP01,0.00000
input.UDMicroComb1,input.simfollTP01,0.02356
input.UDMicroComb2,input.simfollTP01,0.25759
input.UDMicroIDF,input.simfollTP01,0.85034
input.UDMicroIDFD,input.simfollTP01,0.08945
input.uicir1,input.simfollTP01,0.01274
input.uicir2,input.simfollTP01,0.00366
input.UIowaS1,input.simfollTP01,0.42821
input.UIowaS2,input.simfollTP01,0.42811
input.UIowaS3,input.simfollTP01,0.47343
input.UIowaS4,input.simfollTP01,0.19951
input.uiucsf,input.simfollTP01,0.00000
input.uogTrLqea,input.simfollTP01,0.00039
input.uogTrLqeabd,input.simfollTP01,0.00010
input.uogTrLqeabdd,input.simfollTP01,0.00004
input.uogTrUB2,input.simfollTP01,0.00002
input.UTBase,input.simfollTP01,0.00016
input.UTBaseRTF,input.simfollTP01,0.00000
input.UTWngFuture,input.simfollTP01,0.00000
input.UTWngFutureQ,input.simfollTP01,0.00000
input.waterlooa1,input.simfollTP01,0.08946
input.waterlooa2,input.simfollTP01,0.30821
input.waterlooa3,input.simfollTP01,0.00523
input.waterlooa4,input.simfollTP01,0.07611
input.WESTfilext,input.simfollTP01,0.00413
input.WESTfilter,input.simfollTP01,0.01146
input.WESTrelint,input.simfollTP01,0.00000
input.WESTrlext,input.simfollTP01,0.00000
input.Wise2ndRun,input.simfollTP01,0.13114
input.WiseFifthRun,input.simfollTP01,0.70590
input.WiseFouthRun,input.simfollTP01,0.40637
input.WiseThirdRun,input.simfollTP01,0.13114
input.ya3,input.simfollTP01,0.00103
input.ya4,input.simfollTP01,0.02860
input.YNDXTPC1,input.simfollTP01,0.00090
input.YNDXTPC2,input.simfollTP01,0.00253
input.tfTP01,input.sylesNoRes,0.08948
input.udelIndri,input.sylesNoRes,0.12181
input.udelLucene,input.sylesNoRes,0.00000
input.UDMicroComb1,input.sylesNoRes,0.00014
input.UDMicroComb2,input.sylesNoRes,0.00738
input.UDMicroIDF,input.sylesNoRes,0.08259
input.UDMicroIDFD,input.sylesNoRes,0.00117
input.uicir1,input.sylesNoRes,0.00005
input.uicir2,input.sylesNoRes,0.00001
input.UIowaS1,input.sylesNoRes,0.01931
input.UIowaS2,input.sylesNoRes,0.01930
input.UIowaS3,input.sylesNoRes,0.02357
input.UIowaS4,input.sylesNoRes,0.00465
input.uiucsf,input.sylesNoRes,0.00000
input.uogTrLqea,input.sylesNoRes,0.00000
input.uogTrLqeabd,input.sylesNoRes,0.00000
input.uogTrLqeabdd,input.sylesNoRes,0.00000
input.uogTrUB2,input.sylesNoRes,0.00000
input.UTBase,input.sylesNoRes,0.00000
input.UTBaseRTF,input.sylesNoRes,0.00000
input.UTWngFuture,input.sylesNoRes,0.00000
input.UTWngFutureQ,input.sylesNoRes,0.00000
input.waterlooa1,input.sylesNoRes,0.87990
input.waterlooa2,input.sylesNoRes,0.59738
input.waterlooa3,input.sylesNoRes,0.21289
input.waterlooa4,input.sylesNoRes,0.82077
input.WESTfilext,input.sylesNoRes,0.00001
input.WESTfilter,input.sylesNoRes,0.00005
input.WESTrelint,input.sylesNoRes,0.00000
input.WESTrlext,input.sylesNoRes,0.00000
input.Wise2ndRun,input.sylesNoRes,0.97006
input.WiseFifthRun,input.sylesNoRes,0.24208
input.WiseFouthRun,input.sylesNoRes,0.01743
input.WiseThirdRun,input.sylesNoRes,0.97006
input.ya3,input.sylesNoRes,0.00000
input.ya4,input.sylesNoRes,0.00019
input.YNDXTPC1,input.sylesNoRes,0.00000
input.YNDXTPC2,input.sylesNoRes,0.00000
input.udelIndri,input.tfTP01,0.88004
input.udelLucene,input.tfTP01,0.00000
input.UDMicroComb1,input.tfTP01,0.03457
input.UDMicroComb2,input.tfTP01,0.32654
input.UDMicroIDF,input.tfTP01,0.96992
input.UDMicroIDFD,input.tfTP01,0.12178
input.uicir1,input.tfTP01,0.01928
input.uicir2,input.tfTP01,0.00587
input.UIowaS1,input.tfTP01,0.52134
input.UIowaS2,input.tfTP01,0.52123
input.UIowaS3,input.tfTP01,0.57144
input.UIowaS4,input.tfTP01,0.25764
input.uiucsf,input.tfTP01,0.00000
input.uogTrLqea,input.tfTP01,0.00068
input.uogTrLqeabd,input.tfTP01,0.00019
input.uogTrLqeabdd,input.tfTP01,0.00007
input.uogTrUB2,input.tfTP01,0.00004
input.UTBase,input.tfTP01,0.00029
input.UTBaseRTF,input.tfTP01,0.00000
input.UTWngFuture,input.tfTP01,0.00000
input.UTWngFutureQ,input.tfTP01,0.00000
input.waterlooa1,input.tfTP01,0.06442
input.waterlooa2,input.tfTP01,0.24201
input.waterlooa3,input.tfTP01,0.00324
input.waterlooa4,input.tfTP01,0.05427
input.WESTfilext,input.tfTP01,0.00658
input.WESTfilter,input.tfTP01,0.01743
input.WESTrelint,input.tfTP01,0.00000
input.WESTrlext,input.tfTP01,0.00000
input.Wise2ndRun,input.tfTP01,0.09679
input.WiseFifthRun,input.tfTP01,0.59726
input.WiseFouthRun,input.tfTP01,0.49693
input.WiseThirdRun,input.tfTP01,0.09679
input.ya3,input.tfTP01,0.00173
input.ya4,input.tfTP01,0.04156
input.YNDXTPC1,input.tfTP01,0.00152
input.YNDXTPC2,input.tfTP01,0.00413
input.udelLucene,input.udelIndri,0.00000
input.UDMicroComb1,input.udelIndri,0.02356
input.UDMicroComb2,input.udelIndri,0.25762
input.UDMicroIDF,input.udelIndri,0.85039
input.UDMicroIDFD,input.udelIndri,0.08946
input.uicir1,input.udelIndri,0.01274
input.uicir2,input.udelIndri,0.00366
input.UIowaS1,input.udelIndri,0.42824
input.UIowaS2,input.udelIndri,0.42814
input.UIowaS3,input.udelIndri,0.47346
input.UIowaS4,input.udelIndri,0.19953
input.uiucsf,input.udelIndri,0.00000
input.uogTrLqea,input.udelIndri,0.00039
input.uogTrLqeabd,input.udelIndri,0.00010
input.uogTrLqeabdd,input.udelIndri,0.00004
input.uogTrUB2,input.udelIndri,0.00002
input.UTBase,input.udelIndri,0.00016
input.UTBaseRTF,input.udelIndri,0.00000
input.UTWngFuture,input.udelIndri,0.00000
input.UTWngFutureQ,input.udelIndri,0.00000
input.waterlooa1,input.udelIndri,0.08945
input.waterlooa2,input.udelIndri,0.30818
input.waterlooa3,input.udelIndri,0.00522
input.waterlooa4,input.udelIndri,0.07610
input.WESTfilext,input.udelIndri,0.00413
input.WESTfilter,input.udelIndri,0.01146
input.WESTrelint,input.udelIndri,0.00000
input.WESTrlext,input.udelIndri,0.00000
input.Wise2ndRun,input.udelIndri,0.13112
input.WiseFifthRun,input.udelIndri,0.70586
input.WiseFouthRun,input.udelIndri,0.40640
input.WiseThirdRun,input.udelIndri,0.13112
input.ya3,input.udelIndri,0.00103
input.ya4,input.udelIndri,0.02861
input.YNDXTPC1,input.udelIndri,0.00090
input.YNDXTPC2,input.udelIndri,0.00253
input.UDMicroComb1,input.udelLucene,0.00002
input.UDMicroComb2,input.udelLucene,0.00000
input.UDMicroIDF,input.udelLucene,0.00000
input.UDMicroIDFD,input.udelLucene,0.00000
input.uicir1,input.udelLucene,0.00005
input.uicir2,input.udelLucene,0.00029
input.UIowaS1,input.udelLucene,0.00000
input.UIowaS2,input.udelLucene,0.00000
input.UIowaS3,input.udelLucene,0.00000
input.UIowaS4,input.udelLucene,0.00000
input.uiucsf,input.udelLucene,0.00152
input.uogTrLqea,input.udelLucene,0.00287
input.uogTrLqeabd,input.udelLucene,0.00824
input.uogTrLqeabdd,input.udelLucene,0.01571
input.uogTrUB2,input.udelLucene,0.02355
input.UTBase,input.udelLucene,0.00587
input.UTBaseRTF,input.udelLucene,0.08947
input.UTWngFuture,input.udelLucene,0.17426
input.UTWngFutureQ,input.udelLucene,0.45038
input.waterlooa1,input.udelLucene,0.00000
input.waterlooa2,input.udelLucene,0.00000
input.waterlooa3,input.udelLucene,0.00000
input.waterlooa4,input.udelLucene,0.00000
input.WESTfilext,input.udelLucene,0.00025
input.WESTfilter,input.udelLucene,0.00006
input.WESTrelint,input.udelLucene,0.59710
input.WESTrlext,input.udelLucene,0.59710
input.Wise2ndRun,input.udelLucene,0.00000
input.WiseFifthRun,input.udelLucene,0.00000
input.WiseFouthRun,input.udelLucene,0.00000
input.WiseThirdRun,input.udelLucene,0.00000
input.ya3,input.udelLucene,0.00117
input.ya4,input.udelLucene,0.00001
input.YNDXTPC1,input.udelLucene,0.00134
input.YNDXTPC2,input.udelLucene,0.00045
input.UDMicroComb2,input.UDMicroComb1,0.25755
input.UDMicroIDF,input.UDMicroComb1,0.03793
input.UDMicroIDFD,input.UDMicroComb1,0.57140
input.uicir1,input.UDMicroComb1,0.82064
input.uicir2,input.UDMicroComb1,0.52101
input.UIowaS1,input.UDMicroComb1,0.14101
input.UIowaS2,input.UDMicroComb1,0.14106
input.UIowaS3,input.UDMicroComb1,0.12177
input.UIowaS4,input.UDMicroComb1,0.32642
input.uiucsf,input.UDMicroComb1,0.00000
input.uogTrLqea,input.UDMicroComb1,0.19945
input.uogTrLqeabd,input.UDMicroComb1,0.10462
input.uogTrLqeabdd,input.UDMicroComb1,0.06442
input.uogTrUB2,input.UDMicroComb1,0.04546
input.UTBase,input.UDMicroComb1,0.13112
input.UTBaseRTF,input.UDMicroComb1,0.00000
input.UTWngFuture,input.UDMicroComb1,0.00000
input.UTWngFutureQ,input.UDMicroComb1,0.00045
input.waterlooa1,input.UDMicroComb1,0.00007
input.waterlooa2,input.UDMicroComb1,0.00103
input.waterlooa3,input.UDMicroComb1,0.00000
input.waterlooa4,input.UDMicroComb1,0.00005
input.WESTfilext,input.UDMicroComb1,0.54586
input.WESTfilter,input.UDMicroComb1,0.79167
input.WESTrelint,input.UDMicroComb1,0.00019
input.WESTrlext,input.UDMicroComb1,0.00019
input.Wise2ndRun,input.UDMicroComb1,0.00016
input.WiseFifthRun,input.UDMicroComb1,0.00825
input.WiseFouthRun,input.UDMicroComb1,0.15157
input.WiseThirdRun,input.UDMicroComb1,0.00016
input.ya3,input.UDMicroComb1,0.30810
input.ya4,input.UDMicroComb1,0.93989
input.YNDXTPC1,input.UDMicroComb1,0.29060
input.YNDXTPC2,input.UDMicroComb1,0.45024
input.UDMicroIDF,input.UDMicroComb2,0.34547
input.UDMicroIDFD,input.UDMicroComb2,0.57125
input.uicir1,input.UDMicroComb2,0.17417
input.uicir2,input.UDMicroComb2,0.07606
input.UIowaS1,input.UDMicroComb2,0.73398
input.UIowaS2,input.UDMicroComb2,0.73411
input.UIowaS3,input.UDMicroComb2,0.67801
input.UIowaS4,input.UDMicroComb2,0.88008
input.uiucsf,input.UDMicroComb2,0.00000
input.uogTrLqea,input.UDMicroComb2,0.01572
input.uogTrLqeabd,input.UDMicroComb2,0.00587
input.uogTrLqeabdd,input.UDMicroComb2,0.00287
input.uogTrUB2,input.UDMicroComb2,0.00173
input.UTBase,input.UDMicroComb2,0.00824
input.UTBaseRTF,input.UDMicroComb2,0.00000
input.UTWngFuture,input.UDMicroComb2,0.00000
input.UTWngFutureQ,input.UDMicroComb2,0.00000
input.waterlooa1,input.UDMicroComb2,0.00465
input.waterlooa2,input.UDMicroComb2,0.03147
input.waterlooa3,input.UDMicroComb2,0.00009
input.waterlooa4,input.UDMicroComb2,0.00366
input.WESTfilext,input.UDMicroComb2,0.08253
input.WESTfilter,input.UDMicroComb2,0.16261
input.WESTrelint,input.UDMicroComb2,0.00000
input.WESTrlext,input.UDMicroComb2,0.00000
input.Wise2ndRun,input.UDMicroComb2,0.00825
input.WiseFifthRun,input.UDMicroComb2,0.13118
input.WiseFouthRun,input.UDMicroComb2,0.76281
input.WiseThirdRun,input.UDMicroComb2,0.00825
input.ya3,input.UDMicroComb2,0.03144
input.ya4,input.UDMicroComb2,0.29060
input.YNDXTPC1,input.UDMicroComb2,0.02860
input.YNDXTPC2,input.UDMicroComb2,0.05913
input.UDMicroIDFD,input.UDMicroIDF,0.13114
input.uicir1,input.UDMicroIDF,0.02132
input.uicir2,input.UDMicroIDF,0.00658
input.UIowaS1,input.UDMicroIDF,0.54612
input.UIowaS2,input.UDMicroIDF,0.54601
input.UIowaS3,input.UDMicroIDF,0.59734
input.UIowaS4,input.UDMicroIDF,0.27383
input.uiucsf,input.UDMicroIDF,0.00000
input.uogTrLqea,input.UDMicroIDF,0.00078
input.uogTrLqeabd,input.UDMicroIDF,0.00022
input.uogTrLqeabdd,input.UDMicroIDF,0.00009
input.uogTrUB2,input.UDMicroIDF,0.00005
input.UTBase,input.UDMicroIDF,0.00034
input.UTBaseRTF,input.UDMicroIDF,0.00000
input.UTWngFuture,input.UDMicroIDF,0.00000
input.UTWngFutureQ,input.UDMicroIDF,0.00000
input.waterlooa1,input.UDMicroIDF,0.05917
input.waterlooa2,input.UDMicroIDF,0.22717
input.waterlooa3,input.UDMicroIDF,0.00287
input.waterlooa4,input.UDMicroIDF,0.04972
input.WESTfilext,input.UDMicroIDF,0.00737
input.WESTfilter,input.UDMicroIDF,0.01930
input.WESTrelint,input.UDMicroIDF,0.00000
input.WESTrlext,input.UDMicroIDF,0.00000
input.Wise2ndRun,input.UDMicroIDF,0.08945
input.WiseFifthRun,input.UDMicroIDF,0.57136
input.WiseFouthRun,input.UDMicroIDF,0.52112
input.WiseThirdRun,input.UDMicroIDF,0.08945
input.ya3,input.UDMicroIDF,0.00197
input.ya4,input.UDMicroIDF,0.04548
input.YNDXTPC1,input.UDMicroIDF,0.00173
input.YNDXTPC2,input.UDMicroIDF,0.00465
input.uicir1,input.UDMicroIDFD,0.42794
input.uicir2,input.UDMicroIDFD,0.22713
input.UIowaS1,input.UDMicroIDFD,0.36491
input.UIowaS2,input.UDMicroIDFD,0.36500
input.UIowaS3,input.UDMicroIDFD,0.32640
input.UIowaS4,input.UDMicroIDFD,0.67789
input.uiucsf,input.UDMicroIDFD,0.00000
input.uogTrLqea,input.UDMicroIDFD,0.06444
input.uogTrLqeabd,input.UDMicroIDFD,0.02861
input.uogTrLqeabdd,input.UDMicroIDFD,0.01573
input.uogTrUB2,input.UDMicroIDFD,0.01028
input.UTBase,input.UDMicroIDFD,0.03792
input.UTBaseRTF,input.UDMicroIDFD,0.00000
input.UTWngFuture,input.UDMicroIDFD,0.00000
input.UTWngFutureQ,input.UDMicroIDFD,0.00005
input.waterlooa1,input.UDMicroIDFD,0.00068
input.waterlooa2,input.UDMicroIDFD,0.00658
input.waterlooa3,input.UDMicroIDFD,0.00001
input.waterlooa4,input.UDMicroIDFD,0.00052
input.WESTfilext,input.UDMicroIDFD,0.24201
input.WESTfilter,input.UDMicroIDFD,0.40646
input.WESTrelint,input.UDMicroIDFD,0.00002
input.WESTrlext,input.UDMicroIDFD,0.00002
input.Wise2ndRun,input.UDMicroIDFD,0.00134
input.WiseFifthRun,input.UDMicroIDFD,0.03792
input.WiseFouthRun,input.UDMicroIDFD,0.38539
input.WiseThirdRun,input.UDMicroIDFD,0.00134
input.ya3,input.UDMicroIDFD,0.11292
input.ya4,input.UDMicroIDFD,0.62372
input.YNDXTPC1,input.UDMicroIDFD,0.10463
input.YNDXTPC2,input.UDMicroIDFD,0.18650
input.uicir2,input.uicir1,0.67809
input.UIowaS1,input.uicir1,0.08936
input.UIowaS2,input.uicir1,0.08940
input.UIowaS3,input.uicir1,0.07604
input.UIowaS4,input.uicir1,0.22702
input.uiucsf,input.uicir1,0.00000
input.uogTrLqea,input.uicir1,0.29078
input.uogTrLqeabd,input.uicir1,0.16268
input.uogTrLqeabdd,input.uicir1,0.10469
input.uogTrUB2,input.uicir1,0.07612
input.UTBase,input.uicir1,0.19951
input.UTBaseRTF,input.uicir1,0.00000
input.UTWngFuture,input.uicir1,0.00000
input.UTWngFutureQ,input.uicir1,0.00103
input.waterlooa1,input.uicir1,0.00003
input.waterlooa2,input.uicir1,0.00045
input.waterlooa3,input.uicir1,0.00000
input.waterlooa4,input.uicir1,0.00002
input.WESTfilext,input.uicir1,0.70599
input.WESTfilter,input.uicir1,0.97015
input.WESTrelint,input.uicir1,0.00045
input.WESTrlext,input.uicir1,0.00045
input.Wise2ndRun,input.uicir1,0.00006
input.WiseFifthRun,input.uicir1,0.00413
input.WiseFouthRun,input.uicir1,0.09677
input.WiseThirdRun,input.uicir1,0.00006
input.ya3,input.uicir1,0.42808
input.ya4,input.uicir1,0.76255
input.YNDXTPC1,input.uicir1,0.40649
input.YNDXTPC2,input.uicir1,0.59730
input.UIowaS1,input.uicir2,0.03453
input.UIowaS2,input.uicir2,0.03454
input.UIowaS3,input.uicir2,0.02858
input.UIowaS4,input.uicir2,0.10456
input.uiucsf,input.uicir2,0.00000
input.uogTrLqea,input.uicir2,0.52130
input.uogTrLqeabd,input.uicir2,0.32656
input.uogTrLqeabdd,input.uicir2,0.22726
input.uogTrUB2,input.uicir2,0.17428
input.UTBase,input.uicir2,0.38545
input.UTBaseRTF,input.uicir2,0.00000
input.UTWngFuture,input.uicir2,0.00000
input.UTWngFutureQ,input.uicir2,0.00413
input.waterlooa1,input.uicir2,0.00000
input.waterlooa2,input.uicir2,0.00009
input.waterlooa3,input.uicir2,0.00000
input.waterlooa4,input.uicir2,0.00000
input.WESTfilext,input.uicir2,0.96983
input.WESTfilter,input.uicir2,0.70569
input.WESTrelint,input.uicir2,0.00197
input.WESTrlext,input.uicir2,0.00197
input.Wise2ndRun,input.uicir2,0.00001
input.WiseFifthRun,input.uicir2,0.00103
input.WiseFouthRun,input.uicir2,0.03791
input.WiseThirdRun,input.uicir2,0.00001
input.ya3,input.uicir2,0.70586
input.ya4,input.uicir2,0.47325
input.YNDXTPC1,input.uicir2,0.67813
input.YNDXTPC2,input.uicir2,0.90986
input.UIowaS2,input.UIowaS1,0.99986
input.UIowaS3,input.UIowaS1,0.93994
input.UIowaS4,input.UIowaS1,0.62364
input.uiucsf,input.UIowaS1,0.00000
input.uogTrLqea,input.UIowaS1,0.00587
input.uogTrLqeabd,input.UIowaS1,0.00197
input.uogTrLqeabdd,input.UIowaS1,0.00090
input.uogTrUB2,input.UIowaS1,0.00052
input.UTBase,input.UIowaS1,0.00287
input.UTBaseRTF,input.UIowaS1,0.00000
input.UTWngFuture,input.UIowaS1,0.00000
input.UTWngFutureQ,input.UIowaS1,0.00000
input.waterlooa1,input.UIowaS1,0.01276
input.waterlooa2,input.UIowaS1,0.07010
input.waterlooa3,input.UIowaS1,0.00034
input.waterlooa4,input.UIowaS1,0.01029
input.WESTfilext,input.UIowaS1,0.03789
input.WESTfilter,input.UIowaS1,0.08253
input.WESTrelint,input.UIowaS1,0.00000
input.WESTrlext,input.UIowaS1,0.00000
input.Wise2ndRun,input.UIowaS1,0.02134
input.WiseFifthRun,input.UIowaS1,0.24215
input.WiseFouthRun,input.UIowaS1,0.96965
input.WiseThirdRun,input.UIowaS1,0.02134
input.ya3,input.UIowaS1,0.01273
input.ya4,input.UIowaS1,0.16252
input.YNDXTPC1,input.UIowaS1,0.01144
input.YNDXTPC2,input.UIowaS1,0.02594
input.UIowaS3,input.UIowaS2,0.93980
input.UIowaS4,input.UIowaS2,0.62376
input.uiucsf,input.UIowaS2,0.00000
input.uogTrLqea,input.UIowaS2,0.00587
input.uogTrLqeabd,input.UIowaS2,0.00197
input.uogTrLqeabdd,input.UIowaS2,0.00090
input.uogTrUB2,input.UIowaS2,0.00052
input.UTBase,input.UIowaS2,0.00287
input.UTBaseRTF,input.UIowaS2,0.00000
input.UTWngFuture,input.UIowaS2,0.00000
input.UTWngFutureQ,input.UIowaS2,0.00000
input.waterlooa1,input.UIowaS2,0.01275
input.waterlooa2,input.UIowaS2,0.07008
input.waterlooa3,input.UIowaS2,0.00034
input.waterlooa4,input.UIowaS2,0.01028
input.WESTfilext,input.UIowaS2,0.03791
input.WESTfilter,input.UIowaS2,0.08256
input.WESTrelint,input.UIowaS2,0.00000
input.WESTrlext,input.UIowaS2,0.00000
input.Wise2ndRun,input.UIowaS2,0.02133
input.WiseFifthRun,input.UIowaS2,0.24208
input.WiseFouthRun,input.UIowaS2,0.96979
input.WiseThirdRun,input.UIowaS2,0.02133
input.ya3,input.UIowaS2,0.01274
input.ya4,input.UIowaS2,0.16257
input.YNDXTPC1,input.UIowaS2,0.01145
input.YNDXTPC2,input.UIowaS2,0.02596
input.UIowaS4,input.UIowaS3,0.57136
input.uiucsf,input.UIowaS3,0.00000
input.uogTrLqea,input.UIowaS3,0.00465
input.uogTrLqeabd,input.UIowaS3,0.00152
input.uogTrLqeabdd,input.UIowaS3,0.00068
input.uogTrUB2,input.UIowaS3,0.00039
input.UTBase,input.UIowaS3,0.00224
input.UTBaseRTF,input.UIowaS3,0.00000
input.UTWngFuture,input.UIowaS3,0.00000
input.UTWngFutureQ,input.UIowaS3,0.00000
input.waterlooa1,input.UIowaS3,0.01573
input.waterlooa2,input.UIowaS3,0.08258
input.waterlooa3,input.UIowaS3,0.00045
input.waterlooa4,input.UIowaS3,0.01275
input.WESTfilext,input.UIowaS3,0.03145
input.WESTfilter,input.UIowaS3,0.07006
input.WESTrelint,input.UIowaS3,0.00000
input.WESTrlext,input.UIowaS3,0.00000
input.Wise2ndRun,input.UIowaS3,0.02598
input.WiseFifthRun,input.UIowaS3,0.27383
input.WiseFouthRun,input.UIowaS3,0.90972
input.WiseThirdRun,input.UIowaS3,0.02598
input.ya3,input.UIowaS3,0.01027
input.ya4,input.UIowaS3,0.14103
input.YNDXTPC1,input.UIowaS3,0.00921
input.YNDXTPC2,input.UIowaS3,0.02131
input.uiucsf,input.UIowaS4,0.00000
input.uogTrLqea,input.UIowaS4,0.02355
input.uogTrLqeabd,input.UIowaS4,0.00921
input.uogTrLqeabdd,input.UIowaS4,0.00465
input.uogTrUB2,input.UIowaS4,0.00287
input.UTBase,input.UIowaS4,0.01274
input.UTBaseRTF,input.UIowaS4,0.00000
input.UTWngFuture,input.UIowaS4,0.00000
input.UTWngFutureQ,input.UIowaS4,0.00001
input.waterlooa1,input.UIowaS4,0.00287
input.waterlooa2,input.UIowaS4,0.02134
input.waterlooa3,input.UIowaS4,0.00005
input.waterlooa4,input.UIowaS4,0.00224
input.WESTfilext,input.UIowaS4,0.11289
input.WESTfilter,input.UIowaS4,0.21295
input.WESTrelint,input.UIowaS4,0.00000
input.WESTrlext,input.UIowaS4,0.00000
input.Wise2ndRun,input.UIowaS4,0.00523
input.WiseFifthRun,input.UIowaS4,0.09685
input.WiseFouthRun,input.UIowaS4,0.65080
input.WiseThirdRun,input.UIowaS4,0.00523
input.ya3,input.UIowaS4,0.04544
input.ya4,input.UIowaS4,0.36497
input.YNDXTPC1,input.UIowaS4,0.04154
input.YNDXTPC2,input.UIowaS4,0.08250
input.uogTrLqea,input.uiucsf,0.00000
input.uogTrLqeabd,input.uiucsf,0.00000
input.uogTrLqeabdd,input.uiucsf,0.00000
input.uogTrUB2,input.uiucsf,0.00000
input.UTBase,input.uiucsf,0.00000
input.UTBaseRTF,input.uiucsf,0.14106
input.UTWngFuture,input.uiucsf,0.07008
input.UTWngFutureQ,input.uiucsf,0.00009
input.waterlooa1,input.uiucsf,0.00000
input.waterlooa2,input.uiucsf,0.00000
input.waterlooa3,input.uiucsf,0.00000
input.waterlooa4,input.uiucsf,0.00000
input.WESTfilext,input.uiucsf,0.00000
input.WESTfilter,input.uiucsf,0.00000
input.WESTrelint,input.uiucsf,0.00022
input.WESTrlext,input.uiucsf,0.00022
input.Wise2ndRun,input.uiucsf,0.00000
input.WiseFifthRun,input.uiucsf,0.00000
input.WiseFouthRun,input.uiucsf,0.00000
input.WiseThirdRun,input.uiucsf,0.00000
input.ya3,input.uiucsf,0.00000
input.ya4,input.uiucsf,0.00000
input.YNDXTPC1,input.uiucsf,0.00000
input.YNDXTPC2,input.uiucsf,0.00000
input.uogTrLqeabd,input.uogTrLqea,0.73407
input.uogTrLqeabdd,input.uogTrLqea,0.57132
input.uogTrUB2,input.uogTrLqea,0.47322
input.UTBase,input.uogTrLqea,0.82077
input.UTBaseRTF,input.uogTrLqea,0.00000
input.UTWngFuture,input.uogTrLqea,0.00001
input.UTWngFutureQ,input.uogTrLqea,0.02596
input.waterlooa1,input.uogTrLqea,0.00000
input.waterlooa2,input.uogTrLqea,0.00000
input.waterlooa3,input.uogTrLqea,0.00000
input.waterlooa4,input.uogTrLqea,0.00000
input.WESTfilext,input.uogTrLqea,0.49704
input.WESTfilter,input.uogTrLqea,0.30821
input.WESTrelint,input.uogTrLqea,0.01416
input.WESTrlext,input.uogTrLqea,0.01416
input.Wise2ndRun,input.uogTrLqea,0.00000
input.WiseFifthRun,input.uogTrLqea,0.00009
input.WiseFouthRun,input.uogTrLqea,0.00659
input.WiseThirdRun,input.uogTrLqea,0.00000
input.ya3,input.uogTrLqea,0.79184
input.ya4,input.uogTrLqea,0.17429
input.YNDXTPC1,input.uogTrLqea,0.82095
input.YNDXTPC2,input.uogTrLqea,0.59742
input.uogTrLqeabdd,input.uogTrLqeabd,0.82090
input.uogTrUB2,input.uogTrLqeabd,0.70578
input.UTBase,input.uogTrLqeabd,0.90990
input.UTBaseRTF,input.uogTrLqeabd,0.00001
input.UTWngFuture,input.uogTrLqeabd,0.00006
input.UTWngFutureQ,input.uogTrLqeabd,0.05914
input.waterlooa1,input.uogTrLqeabd,0.00000
input.waterlooa2,input.uogTrLqeabd,0.00000
input.waterlooa3,input.uogTrLqeabd,0.00000
input.waterlooa4,input.uogTrLqeabd,0.00000
input.WESTfilext,input.uogTrLqeabd,0.30826
input.WESTfilter,input.uogTrLqeabd,0.17424
input.WESTrelint,input.uogTrLqeabd,0.03457
input.WESTrlext,input.uogTrLqeabd,0.03457
input.Wise2ndRun,input.uogTrLqeabd,0.00000
input.WiseFifthRun,input.uogTrLqeabd,0.00002
input.WiseFouthRun,input.uogTrLqeabd,0.00224
input.WiseThirdRun,input.uogTrLqeabd,0.00000
input.ya3,input.uogTrLqeabd,0.54609
input.ya4,input.uogTrLqeabd,0.08946
input.YNDXTPC1,input.uogTrLqeabd,0.57136
input.YNDXTPC2,input.uogTrLqeabd,0.38548
input.uogTrUB2,input.uogTrLqeabdd,0.87986
input.UTBase,input.uogTrLqeabdd,0.73420
input.UTBaseRTF,input.uogTrLqeabdd,0.00004
input.UTWngFuture,input.uogTrLqeabdd,0.00016
input.UTWngFutureQ,input.uogTrLqeabdd,0.09676
input.waterlooa1,input.uogTrLqeabdd,0.00000
input.waterlooa2,input.uogTrLqeabdd,0.00000
input.waterlooa3,input.uogTrLqeabdd,0.00000
input.waterlooa4,input.uogTrLqeabdd,0.00000
input.WESTfilext,input.uogTrLqeabdd,0.21304
input.WESTfilter,input.uogTrLqeabdd,0.11295
input.WESTrelint,input.uogTrLqeabdd,0.05916
input.WESTrlext,input.uogTrLqeabdd,0.05916
input.Wise2ndRun,input.uogTrLqeabdd,0.00000
input.WiseFifthRun,input.uogTrLqeabdd,0.00001
input.WiseFouthRun,input.uogTrLqeabdd,0.00103
input.WiseThirdRun,input.uogTrLqeabdd,0.00000
input.ya3,input.uogTrLqeabdd,0.40653
input.ya4,input.uogTrLqeabdd,0.05427
input.YNDXTPC1,input.uogTrLqeabdd,0.42811
input.YNDXTPC2,input.uogTrLqeabdd,0.27386
input.UTBase,input.uogTrUB2,0.62364
input.UTBaseRTF,input.uogTrUB2,0.00007
input.UTWngFuture,input.uogTrUB2,0.00029
input.UTWngFutureQ,input.uogTrUB2,0.13114
input.waterlooa1,input.uogTrUB2,0.00000
input.waterlooa2,input.uogTrUB2,0.00000
input.waterlooa3,input.uogTrUB2,0.00000
input.waterlooa4,input.uogTrUB2,0.00000
input.WESTfilext,input.uogTrUB2,0.16259
input.WESTfilter,input.uogTrUB2,0.08252
input.WESTrelint,input.uogTrUB2,0.08259
input.WESTrlext,input.uogTrUB2,0.08259
input.Wise2ndRun,input.uogTrUB2,0.00000
input.WiseFifthRun,input.uogTrUB2,0.00000
input.WiseFouthRun,input.uogTrUB2,0.00059
input.WiseThirdRun,input.uogTrUB2,0.00000
input.ya3,input.uogTrUB2,0.32651
input.ya4,input.uogTrUB2,0.03791
input.YNDXTPC1,input.uogTrUB2,0.34538
input.YNDXTPC2,input.uogTrUB2,0.21299
input.UTBaseRTF,input.UTBase,0.00001
input.UTWngFuture,input.UTBase,0.00004
input.UTWngFutureQ,input.UTBase,0.04546
input.waterlooa1,input.UTBase,0.00000
input.waterlooa2,input.UTBase,0.00000
input.waterlooa3,input.UTBase,0.00000
input.waterlooa4,input.UTBase,0.00000
input.WESTfilext,input.UTBase,0.36509
input.WESTfilter,input.UTBase,0.21293
input.WESTrelint,input.UTBase,0.02598
input.WESTrlext,input.UTBase,0.02598
input.Wise2ndRun,input.UTBase,0.00000
input.WiseFifthRun,input.UTBase,0.00003
input.WiseFouthRun,input.UTBase,0.00324
input.WiseThirdRun,input.UTBase,0.00000
input.ya3,input.UTBase,0.62380
input.ya4,input.UTBase,0.11295
input.YNDXTPC1,input.UTBase,0.65063
input.YNDXTPC2,input.UTBase,0.45044
input.UTWngFuture,input.UTBaseRTF,0.73420
input.UTWngFutureQ,input.UTBaseRTF,0.01417
input.waterlooa1,input.UTBaseRTF,0.00000
input.waterlooa2,input.UTBaseRTF,0.00000
input.waterlooa3,input.UTBaseRTF,0.00000
input.waterlooa4,input.UTBaseRTF,0.00000
input.WESTfilext,input.UTBaseRTF,0.00000
input.WESTfilter,input.UTBaseRTF,0.00000
input.WESTrelint,input.UTBaseRTF,0.02596
input.WESTrlext,input.UTBaseRTF,0.02596
input.Wise2ndRun,input.UTBaseRTF,0.00000
input.WiseFifthRun,input.UTBaseRTF,0.00000
input.WiseFouthRun,input.UTBaseRTF,0.00000
input.WiseThirdRun,input.UTBaseRTF,0.00000
input.ya3,input.UTBaseRTF,0.00000
input.ya4,input.UTBaseRTF,0.00000
input.YNDXTPC1,input.UTBaseRTF,0.00000
input.YNDXTPC2,input.UTBaseRTF,0.00000
input.UTWngFutureQ,input.UTWngFuture,0.03456
input.waterlooa1,input.UTWngFuture,0.00000
input.waterlooa2,input.UTWngFuture,0.00000
input.waterlooa3,input.UTWngFuture,0.00000
input.waterlooa4,input.UTWngFuture,0.00000
input.WESTfilext,input.UTWngFuture,0.00000
input.WESTfilter,input.UTWngFuture,0.00000
input.WESTrelint,input.UTWngFuture,0.05913
input.WESTrlext,input.UTWngFuture,0.05913
input.Wise2ndRun,input.UTWngFuture,0.00000
input.WiseFifthRun,input.UTWngFuture,0.00000
input.WiseFouthRun,input.UTWngFuture,0.00000
input.WiseThirdRun,input.UTWngFuture,0.00000
input.ya3,input.UTWngFuture,0.00000
input.ya4,input.UTWngFuture,0.00000
input.YNDXTPC1,input.UTWngFuture,0.00000
input.YNDXTPC2,input.UTWngFuture,0.00000
input.waterlooa1,input.UTWngFutureQ,0.00000
input.waterlooa2,input.UTWngFutureQ,0.00000
input.waterlooa3,input.UTWngFutureQ,0.00000
input.waterlooa4,input.UTWngFutureQ,0.00000
input.WESTfilext,input.UTWngFutureQ,0.00366
input.WESTfilter,input.UTWngFutureQ,0.00117
input.WESTrelint,input.UTWngFutureQ,0.82103
input.WESTrlext,input.UTWngFutureQ,0.82103
input.Wise2ndRun,input.UTWngFutureQ,0.00000
input.WiseFifthRun,input.UTWngFutureQ,0.00000
input.WiseFouthRun,input.UTWngFutureQ,0.00000
input.WiseThirdRun,input.UTWngFutureQ,0.00000
input.ya3,input.UTWngFutureQ,0.01275
input.ya4,input.UTWngFutureQ,0.00034
input.YNDXTPC1,input.UTWngFutureQ,0.01416
input.YNDXTPC2,input.UTWngFutureQ,0.00587
input.waterlooa2,input.waterlooa1,0.49697
input.waterlooa3,input.waterlooa1,0.27371
input.waterlooa4,input.waterlooa1,0.93985
input.WESTfilext,input.waterlooa1,0.00000
input.WESTfilter,input.waterlooa1,0.00002
input.WESTrelint,input.waterlooa1,0.00000
input.WESTrlext,input.waterlooa1,0.00000
input.Wise2ndRun,input.waterlooa1,0.85039
input.WiseFifthRun,input.waterlooa1,0.18654
input.WiseFouthRun,input.waterlooa1,0.01145
input.WiseThirdRun,input.waterlooa1,0.85039
input.ya3,input.waterlooa1,0.00000
input.ya4,input.waterlooa1,0.00010
input.YNDXTPC1,input.waterlooa1,0.00000
input.YNDXTPC2,input.waterlooa1,0.00000
input.waterlooa3,input.waterlooa2,0.07609
input.waterlooa4,input.waterlooa2,0.45041
input.WESTfilext,input.waterlooa2,0.00010
input.WESTfilter,input.waterlooa2,0.00039
input.WESTrelint,input.waterlooa2,0.00000
input.WESTrlext,input.waterlooa2,0.00000
input.Wise2ndRun,input.waterlooa2,0.62368
input.WiseFifthRun,input.waterlooa2,0.52112
input.WiseFouthRun,input.waterlooa2,0.06442
input.WiseThirdRun,input.waterlooa2,0.62368
input.ya3,input.waterlooa2,0.00002
input.ya4,input.waterlooa2,0.00134
input.YNDXTPC1,input.waterlooa2,0.00001
input.YNDXTPC2,input.waterlooa2,0.00005
input.waterlooa4,input.waterlooa3,0.30816
input.WESTfilext,input.waterlooa3,0.00000
input.WESTfilter,input.waterlooa3,0.00000
input.WESTrelint,input.waterlooa3,0.00000
input.WESTrlext,input.waterlooa3,0.00000
input.Wise2ndRun,input.waterlooa3,0.19943
input.WiseFifthRun,input.waterlooa3,0.01572
input.WiseFouthRun,input.waterlooa3,0.00029
input.WiseThirdRun,input.waterlooa3,0.19943
input.ya3,input.waterlooa3,0.00000
input.ya4,input.waterlooa3,0.00000
input.YNDXTPC1,input.waterlooa3,0.00000
input.YNDXTPC2,input.waterlooa3,0.00000
input.WESTfilext,input.waterlooa4,0.00000
input.WESTfilter,input.waterlooa4,0.00002
input.WESTrelint,input.waterlooa4,0.00000
input.WESTrlext,input.waterlooa4,0.00000
input.Wise2ndRun,input.waterlooa4,0.79171
input.WiseFifthRun,input.waterlooa4,0.16261
input.WiseFouthRun,input.waterlooa4,0.00921
input.WiseThirdRun,input.waterlooa4,0.79171
input.ya3,input.waterlooa4,0.00000
input.ya4,input.waterlooa4,0.00007
input.YNDXTPC1,input.waterlooa4,0.00000
input.YNDXTPC2,input.waterlooa4,0.00000
input.WESTfilter,input.WESTfilext,0.73398
input.WESTrelint,input.WESTfilext,0.00173
input.WESTrlext,input.WESTfilext,0.00173
input.Wise2ndRun,input.WESTfilext,0.00001
input.WiseFifthRun,input.WESTfilext,0.00117
input.WiseFouthRun,input.WESTfilext,0.04155
input.WiseThirdRun,input.WESTfilext,0.00001
input.ya3,input.WESTfilext,0.67797
input.ya4,input.WESTfilext,0.49690
input.YNDXTPC1,input.WESTfilext,0.65067
input.YNDXTPC2,input.WESTfilext,0.87995
input.WESTrelint,input.WESTfilter,0.00052
input.WESTrlext,input.WESTfilter,0.00052
input.Wise2ndRun,input.WESTfilter,0.00005
input.WiseFifthRun,input.WESTfilter,0.00366
input.WiseFouthRun,input.WESTfilter,0.08948
input.WiseThirdRun,input.WESTfilter,0.00005
input.ya3,input.WESTfilter,0.45021
input.ya4,input.WESTfilter,0.73420
input.YNDXTPC1,input.WESTfilter,0.42798
input.YNDXTPC2,input.WESTfilter,0.62352
input.WESTrlext,input.WESTrelint,1.00000
input.Wise2ndRun,input.WESTrelint,0.00000
input.WiseFifthRun,input.WESTrelint,0.00000
input.WiseFouthRun,input.WESTrelint,0.00000
input.WiseThirdRun,input.WESTrelint,0.00000
input.ya3,input.WESTrelint,0.00659
input.ya4,input.WESTrelint,0.00014
input.YNDXTPC1,input.WESTrelint,0.00737
input.YNDXTPC2,input.WESTrelint,0.00287
input.Wise2ndRun,input.WESTrlext,0.00000
input.WiseFifthRun,input.WESTrlext,0.00000
input.WiseFouthRun,input.WESTrlext,0.00000
input.WiseThirdRun,input.WESTrlext,0.00000
input.ya3,input.WESTrlext,0.00659
input.ya4,input.WESTrlext,0.00014
input.YNDXTPC1,input.WESTrlext,0.00737
input.YNDXTPC2,input.WESTrlext,0.00287
input.WiseFifthRun,input.Wise2ndRun,0.25752
input.WiseFouthRun,input.Wise2ndRun,0.01929
input.WiseThirdRun,input.Wise2ndRun,1.00000
input.ya3,input.Wise2ndRun,0.00000
input.ya4,input.Wise2ndRun,0.00022
input.YNDXTPC1,input.Wise2ndRun,0.00000
input.YNDXTPC2,input.Wise2ndRun,0.00001
input.WiseFouthRun,input.WiseFifthRun,0.22717
input.WiseThirdRun,input.WiseFifthRun,0.25752
input.ya3,input.WiseFifthRun,0.00025
input.ya4,input.WiseFifthRun,0.01028
input.YNDXTPC1,input.WiseFifthRun,0.00022
input.YNDXTPC2,input.WiseFifthRun,0.00068
input.WiseThirdRun,input.WiseFouthRun,0.01929
input.ya3,input.WiseFouthRun,0.01416
input.ya4,input.WiseFouthRun,0.17428
input.YNDXTPC1,input.WiseFouthRun,0.01275
input.YNDXTPC2,input.WiseFouthRun,0.02860
input.ya3,input.WiseThirdRun,0.00000
input.ya4,input.WiseThirdRun,0.00022
input.YNDXTPC1,input.WiseThirdRun,0.00000
input.YNDXTPC2,input.WiseThirdRun,0.00001
input.ya4,input.ya3,0.27368
input.YNDXTPC1,input.ya3,0.97002
input.YNDXTPC2,input.ya3,0.79163
input.YNDXTPC1,input.ya4,0.25755
input.YNDXTPC2,input.ya4,0.40630
input.YNDXTPC2,input.YNDXTPC1,0.76281
