input.2,input.1,0.67339
input.3,input.1,0.67339
input.4,input.1,0.52022
input.balanceRun,input.1,0.01293
input.baseline,input.1,0.31166
input.baseline1,input.1,0.00000
input.baseline2,input.1,0.00079
input.baselineBM25,input.1,0.00000
input.Basic,input.1,0.21359
input.basicWISTUD,input.1,0.72334
input.ciirRun1,input.1,0.64104
input.ciirRun2,input.1,0.57942
input.ciirRun3,input.1,0.90107
input.ciirRun4,input.1,0.36407
input.clarity1,input.1,0.37787
input.clarity2,input.1,0.89870
input.clarity3,input.1,0.70227
input.clarity4,input.1,0.83001
input.COMMITbase,input.1,0.03445
input.COMMITexp,input.1,0.00586
input.COMMITfilter,input.1,0.00358
input.COMMITlinks,input.1,0.00744
input.cyfrun1,input.1,0.66617
input.cyfrun2,input.1,0.00110
input.dbpWISTUD,input.1,0.00000
input.DFReeKLIM,input.1,0.00000
input.DFReeKLIM30,input.1,0.75291
input.DFReeKLIMDC,input.1,0.00032
input.DFReeKLIMRA,input.1,0.00053
input.dutirLmFb,input.1,0.02595
input.dutirMixFb,input.1,0.03218
input.dutirMixSp,input.1,0.00903
input.dutirTfidfFb,input.1,0.90741
input.EMAX,input.1,0.00000
input.FASILKOM01,input.1,0.35056
input.FASILKOM02,input.1,0.62417
input.FASILKOM03,input.1,0.12812
input.FASILKOM04,input.1,0.76719
input.FDUNLP,input.1,0.99871
input.FDUNLP2,input.1,0.00507
input.Google1GNO,input.1,0.95993
input.gus,input.1,0.00023
input.gust,input.1,0.00046
input.gustc,input.1,0.00046
input.gut,input.1,0.00144
input.hitWId,input.1,0.00001
input.hitWIt,input.1,0.00001
input.ICTNET11MBR1,input.1,0.00000
input.ICTNET11MBR2,input.1,0.00134
input.ICTNET11MBR3,input.1,0.00000
input.ICTNET11MBR4,input.1,0.00000
input.IDEAACTQE,input.1,0.29452
input.IDEABASIC,input.1,0.36953
input.IDEABASICACT,input.1,0.36953
input.IDEABASICQE,input.1,0.28851
input.ikmRun1,input.1,0.04264
input.InL2c1,input.1,0.03979
input.iritfd1,input.1,0.03286
input.iritfd2,input.1,0.16531
input.IRSIGoogle1G,input.1,0.71954
input.IRSIGoogle2G,input.1,0.91636
input.isiFD,input.1,0.40926
input.isiFDL,input.1,0.75295
input.isiFDRM,input.1,0.92234
input.isiFDRML,input.1,0.75667
input.kanopeRun,input.1,0.00000
input.KAUSTBase,input.1,0.00934
input.KAUSTExp,input.1,0.00314
input.KAUSTExpRrnk,input.1,0.07787
input.KAUSTRerank,input.1,0.11381
input.LJQO10,input.1,0.79157
input.LJQO5,input.1,0.18457
input.LMOP10,input.1,0.01799
input.LMOP5,input.1,0.00000
input.LThresh,input.1,0.00470
input.manualWISTUD,input.1,0.12207
input.melblt,input.1,0.01866
input.MONASH1NEW,input.1,0.27518
input.MONASH2NEW,input.1,0.05597
input.MorpheusRun1,input.1,0.00000
input.mulnewWISTUD,input.1,0.53243
input.myRun,input.1,0.11639
input.myrun2,input.1,0.58151
input.myrun3,input.1,0.56896
input.Nestor,input.1,0.00451
input.NestorS,input.1,0.00307
input.normal,input.1,0.04037
input.nQCRIwoTag,input.1,0.00237
input.nQCRIwTag,input.1,0.00465
input.omarRun,input.1,0.00014
input.PKUICST,input.1,0.00229
input.PKUICST2,input.1,0.53699
input.PKUICST3,input.1,0.00002
input.PKUICST4,input.1,0.00000
input.PL2Bo1SDExt,input.1,0.00000
input.PL2NoQENoDM,input.1,0.01597
input.PL2NoQeSd,input.1,0.01065
input.PL2NoQeSdExt,input.1,0.00000
input.PRISrun1,input.1,0.00092
input.PRISrun2,input.1,0.00000
input.PRISrun3,input.1,0.00316
input.PRISrun4,input.1,0.01630
input.QCRIwoTagOrg,input.1,0.00237
input.QCRIwTagOrg,input.1,0.00465
input.qHtagBaseRun,input.1,0.00000
input.qRefLThresh,input.1,0.00244
input.refBalRun,input.1,0.00627
input.refRelRun,input.1,0.05439
input.relevanceRun,input.1,0.19070
input.RFD,input.1,0.66964
input.ri,input.1,0.51027
input.rit,input.1,0.58770
input.rit3,input.1,0.04326
input.RMITAR,input.1,0.25578
input.RMITM,input.1,0.42663
input.RMITMR,input.1,0.33780
input.RMITMRR,input.1,0.88360
input.Rocchio,input.1,0.58511
input.RTB,input.1,0.00000
input.run1,input.1,0.08301
input.run1a,input.1,0.00000
input.run1fix,input.1,0.37516
input.run2,input.1,0.00527
input.run2a,input.1,0.00000
input.run3,input.1,0.00005
input.run3a,input.1,0.00000
input.run4,input.1,0.00139
input.run4a,input.1,0.00000
input.RunAll,input.1,0.00095
input.RunFut,input.1,0.00088
input.runNeMIS,input.1,0.00000
input.runNeMISext,input.1,0.00000
input.RunPure,input.1,0.00154
input.scurtuRun1,input.1,0.00010
input.sielrun1,input.1,0.00001
input.sielrun2,input.1,0.00014
input.sielrun3,input.1,0.00057
input.sielrun4,input.1,0.00012
input.SienaCL1B,input.1,0.11896
input.SienaCL31,input.1,0.10228
input.SienaCL342,input.1,0.15928
input.SienaCLbase,input.1,0.00642
input.simfoll,input.1,0.12470
input.simfollTP01,input.1,0.61414
input.sylesNoRes,input.1,0.92808
input.tfTP01,input.1,0.64854
input.udelIndri,input.1,0.04392
input.udelLucene,input.1,0.00000
input.UDMicroComb1,input.1,0.00013
input.UDMicroComb2,input.1,0.04431
input.UDMicroIDF,input.1,0.17347
input.UDMicroIDFD,input.1,0.00401
input.uicir1,input.1,0.00000
input.uicir2,input.1,0.00003
input.UIowaS1,input.1,0.00322
input.UIowaS2,input.1,0.00779
input.UIowaS3,input.1,0.00860
input.UIowaS4,input.1,0.59075
input.uiucsf,input.1,0.00000
input.uogTrLqea,input.1,0.00502
input.uogTrLqeabd,input.1,0.00260
input.uogTrLqeabdd,input.1,0.00126
input.uogTrUB2,input.1,0.00023
input.UTBase,input.1,0.00239
input.UTBaseRTF,input.1,0.00000
input.UTWngFuture,input.1,0.07782
input.UTWngFutureQ,input.1,0.21835
input.waterlooa1,input.1,0.24224
input.waterlooa2,input.1,0.10590
input.waterlooa3,input.1,0.62041
input.waterlooa4,input.1,0.33590
input.WESTfilext,input.1,0.00033
input.WESTfilter,input.1,0.00292
input.WESTrelint,input.1,0.00000
input.WESTrlext,input.1,0.00000
input.Wise2ndRun,input.1,0.66122
input.WiseFifthRun,input.1,0.07479
input.WiseFouthRun,input.1,0.15150
input.WiseThirdRun,input.1,0.66122
input.ya3,input.1,0.00000
input.ya4,input.1,0.00000
input.YNDXTPC1,input.1,0.00001
input.YNDXTPC2,input.1,0.00003
input.3,input.2,1.00000
input.4,input.2,0.82470
input.balanceRun,input.2,0.00365
input.baseline,input.2,0.15179
input.baseline1,input.2,0.00000
input.baseline2,input.2,0.00016
input.baselineBM25,input.2,0.00000
input.Basic,input.2,0.09586
input.basicWISTUD,input.2,0.94618
input.ciirRun1,input.2,0.37468
input.ciirRun2,input.2,0.89440
input.ciirRun3,input.2,0.58520
input.ciirRun4,input.2,0.18381
input.clarity1,input.2,0.64528
input.clarity2,input.2,0.76860
input.clarity3,input.2,0.96869
input.clarity4,input.2,0.52465
input.COMMITbase,input.2,0.09041
input.COMMITexp,input.2,0.00149
input.COMMITfilter,input.2,0.00086
input.COMMITlinks,input.2,0.00195
input.cyfrun1,input.2,0.99209
input.cyfrun2,input.2,0.00023
input.dbpWISTUD,input.2,0.00001
input.DFReeKLIM,input.2,0.00000
input.DFReeKLIM30,input.2,0.91504
input.DFReeKLIMDC,input.2,0.00150
input.DFReeKLIMRA,input.2,0.00232
input.dutirLmFb,input.2,0.07101
input.dutirMixFb,input.2,0.08531
input.dutirMixSp,input.2,0.02857
input.dutirTfidfFb,input.2,0.59071
input.EMAX,input.2,0.00000
input.FASILKOM01,input.2,0.17542
input.FASILKOM02,input.2,0.36206
input.FASILKOM03,input.2,0.05201
input.FASILKOM04,input.2,0.47303
input.FDUNLP,input.2,0.67221
input.FDUNLP2,input.2,0.00126
input.Google1GNO,input.2,0.71044
input.gus,input.2,0.00004
input.gust,input.2,0.00009
input.gustc,input.2,0.00009
input.gut,input.2,0.00031
input.hitWId,input.2,0.00004
input.hitWIt,input.2,0.00003
input.ICTNET11MBR1,input.2,0.00000
input.ICTNET11MBR2,input.2,0.00534
input.ICTNET11MBR3,input.2,0.00000
input.ICTNET11MBR4,input.2,0.00000
input.IDEAACTQE,input.2,0.53082
input.IDEABASIC,input.2,0.63418
input.IDEABASICACT,input.2,0.63418
input.IDEABASICQE,input.2,0.52224
input.ikmRun1,input.2,0.01434
input.InL2c1,input.2,0.01323
input.iritfd1,input.2,0.08685
input.iritfd2,input.2,0.33408
input.IRSIGoogle1G,input.2,0.95022
input.IRSIGoogle2G,input.2,0.59853
input.isiFD,input.2,0.21251
input.isiFDL,input.2,0.46158
input.isiFDRM,input.2,0.74593
input.isiFDRML,input.2,0.91110
input.kanopeRun,input.2,0.00000
input.KAUSTBase,input.2,0.00252
input.KAUSTExp,input.2,0.00074
input.KAUSTExpRrnk,input.2,0.02891
input.KAUSTRerank,input.2,0.04520
input.LJQO10,input.2,0.87507
input.LJQO5,input.2,0.08041
input.LMOP10,input.2,0.00532
input.LMOP5,input.2,0.00000
input.LThresh,input.2,0.00116
input.manualWISTUD,input.2,0.26074
input.melblt,input.2,0.00554
input.MONASH1NEW,input.2,0.13036
input.MONASH2NEW,input.2,0.01966
input.MorpheusRun1,input.2,0.00000
input.mulnewWISTUD,input.2,0.83929
input.myRun,input.2,0.04641
input.myrun2,input.2,0.33071
input.myrun3,input.2,0.32165
input.Nestor,input.2,0.00111
input.NestorS,input.2,0.00072
input.normal,input.2,0.01346
input.nQCRIwoTag,input.2,0.00054
input.nQCRIwTag,input.2,0.00115
input.omarRun,input.2,0.00002
input.PKUICST,input.2,0.00859
input.PKUICST2,input.2,0.84471
input.PKUICST3,input.2,0.00013
input.PKUICST4,input.2,0.00000
input.PL2Bo1SDExt,input.2,0.00000
input.PL2NoQENoDM,input.2,0.00464
input.PL2NoQeSd,input.2,0.00293
input.PL2NoQeSdExt,input.2,0.00000
input.PRISrun1,input.2,0.00384
input.PRISrun2,input.2,0.00000
input.PRISrun3,input.2,0.01141
input.PRISrun4,input.2,0.04762
input.QCRIwoTagOrg,input.2,0.00054
input.QCRIwTagOrg,input.2,0.00115
input.qHtagBaseRun,input.2,0.00000
input.qRefLThresh,input.2,0.00056
input.refBalRun,input.2,0.00161
input.refRelRun,input.2,0.01901
input.relevanceRun,input.2,0.08363
input.RFD,input.2,0.39636
input.ri,input.2,0.81272
input.rit,input.2,0.33521
input.rit3,input.2,0.01458
input.RMITAR,input.2,0.47466
input.RMITM,input.2,0.70880
input.RMITMR,input.2,0.59125
input.RMITMRR,input.2,0.57009
input.Rocchio,input.2,0.33333
input.RTB,input.2,0.00000
input.run1,input.2,0.03116
input.run1a,input.2,0.00000
input.run1fix,input.2,0.64168
input.run2,input.2,0.01786
input.run2a,input.2,0.00000
input.run3,input.2,0.00029
input.run3a,input.2,0.00000
input.run4,input.2,0.00551
input.run4a,input.2,0.00000
input.RunAll,input.2,0.00019
input.RunFut,input.2,0.00018
input.runNeMIS,input.2,0.00000
input.runNeMISext,input.2,0.00000
input.RunPure,input.2,0.00033
input.scurtuRun1,input.2,0.00002
input.sielrun1,input.2,0.00000
input.sielrun2,input.2,0.00002
input.sielrun3,input.2,0.00011
input.sielrun4,input.2,0.00002
input.SienaCL1B,input.2,0.04763
input.SienaCL31,input.2,0.03984
input.SienaCL342,input.2,0.06740
input.SienaCLbase,input.2,0.00165
input.simfoll,input.2,0.26535
input.simfollTP01,input.2,0.93411
input.sylesNoRes,input.2,0.60882
input.tfTP01,input.2,0.97265
input.udelIndri,input.2,0.01483
input.udelLucene,input.2,0.00000
input.UDMicroComb1,input.2,0.00002
input.UDMicroComb2,input.2,0.01499
input.UDMicroIDF,input.2,0.07464
input.UDMicroIDFD,input.2,0.00097
input.uicir1,input.2,0.00000
input.uicir2,input.2,0.00000
input.UIowaS1,input.2,0.00076
input.UIowaS2,input.2,0.00205
input.UIowaS3,input.2,0.00229
input.UIowaS4,input.2,0.33744
input.uiucsf,input.2,0.00000
input.uogTrLqea,input.2,0.00125
input.uogTrLqeabd,input.2,0.00060
input.uogTrLqeabdd,input.2,0.00026
input.uogTrUB2,input.2,0.00004
input.UTBase,input.2,0.00054
input.UTBaseRTF,input.2,0.00000
input.UTWngFuture,input.2,0.02889
input.UTWngFutureQ,input.2,0.09845
input.waterlooa1,input.2,0.11163
input.waterlooa2,input.2,0.04151
input.waterlooa3,input.2,0.35926
input.waterlooa4,input.2,0.16642
input.WESTfilext,input.2,0.00006
input.WESTfilter,input.2,0.00068
input.WESTrelint,input.2,0.00000
input.WESTrlext,input.2,0.00000
input.Wise2ndRun,input.2,0.98666
input.WiseFifthRun,input.2,0.02758
input.WiseFouthRun,input.2,0.06349
input.WiseThirdRun,input.2,0.98666
input.ya3,input.2,0.00000
input.ya4,input.2,0.00000
input.YNDXTPC1,input.2,0.00000
input.YNDXTPC2,input.2,0.00000
input.4,input.3,0.82470
input.balanceRun,input.3,0.00365
input.baseline,input.3,0.15179
input.baseline1,input.3,0.00000
input.baseline2,input.3,0.00016
input.baselineBM25,input.3,0.00000
input.Basic,input.3,0.09586
input.basicWISTUD,input.3,0.94618
input.ciirRun1,input.3,0.37468
input.ciirRun2,input.3,0.89440
input.ciirRun3,input.3,0.58520
input.ciirRun4,input.3,0.18381
input.clarity1,input.3,0.64528
input.clarity2,input.3,0.76860
input.clarity3,input.3,0.96869
input.clarity4,input.3,0.52465
input.COMMITbase,input.3,0.09041
input.COMMITexp,input.3,0.00149
input.COMMITfilter,input.3,0.00086
input.COMMITlinks,input.3,0.00195
input.cyfrun1,input.3,0.99209
input.cyfrun2,input.3,0.00023
input.dbpWISTUD,input.3,0.00001
input.DFReeKLIM,input.3,0.00000
input.DFReeKLIM30,input.3,0.91504
input.DFReeKLIMDC,input.3,0.00150
input.DFReeKLIMRA,input.3,0.00232
input.dutirLmFb,input.3,0.07101
input.dutirMixFb,input.3,0.08531
input.dutirMixSp,input.3,0.02857
input.dutirTfidfFb,input.3,0.59071
input.EMAX,input.3,0.00000
input.FASILKOM01,input.3,0.17542
input.FASILKOM02,input.3,0.36206
input.FASILKOM03,input.3,0.05201
input.FASILKOM04,input.3,0.47303
input.FDUNLP,input.3,0.67221
input.FDUNLP2,input.3,0.00126
input.Google1GNO,input.3,0.71044
input.gus,input.3,0.00004
input.gust,input.3,0.00009
input.gustc,input.3,0.00009
input.gut,input.3,0.00031
input.hitWId,input.3,0.00004
input.hitWIt,input.3,0.00003
input.ICTNET11MBR1,input.3,0.00000
input.ICTNET11MBR2,input.3,0.00534
input.ICTNET11MBR3,input.3,0.00000
input.ICTNET11MBR4,input.3,0.00000
input.IDEAACTQE,input.3,0.53082
input.IDEABASIC,input.3,0.63418
input.IDEABASICACT,input.3,0.63418
input.IDEABASICQE,input.3,0.52224
input.ikmRun1,input.3,0.01434
input.InL2c1,input.3,0.01323
input.iritfd1,input.3,0.08685
input.iritfd2,input.3,0.33408
input.IRSIGoogle1G,input.3,0.95022
input.IRSIGoogle2G,input.3,0.59853
input.isiFD,input.3,0.21251
input.isiFDL,input.3,0.46158
input.isiFDRM,input.3,0.74593
input.isiFDRML,input.3,0.91110
input.kanopeRun,input.3,0.00000
input.KAUSTBase,input.3,0.00252
input.KAUSTExp,input.3,0.00074
input.KAUSTExpRrnk,input.3,0.02891
input.KAUSTRerank,input.3,0.04520
input.LJQO10,input.3,0.87507
input.LJQO5,input.3,0.08041
input.LMOP10,input.3,0.00532
input.LMOP5,input.3,0.00000
input.LThresh,input.3,0.00116
input.manualWISTUD,input.3,0.26074
input.melblt,input.3,0.00554
input.MONASH1NEW,input.3,0.13036
input.MONASH2NEW,input.3,0.01966
input.MorpheusRun1,input.3,0.00000
input.mulnewWISTUD,input.3,0.83929
input.myRun,input.3,0.04641
input.myrun2,input.3,0.33071
input.myrun3,input.3,0.32165
input.Nestor,input.3,0.00111
input.NestorS,input.3,0.00072
input.normal,input.3,0.01346
input.nQCRIwoTag,input.3,0.00054
input.nQCRIwTag,input.3,0.00115
input.omarRun,input.3,0.00002
input.PKUICST,input.3,0.00859
input.PKUICST2,input.3,0.84471
input.PKUICST3,input.3,0.00013
input.PKUICST4,input.3,0.00000
input.PL2Bo1SDExt,input.3,0.00000
input.PL2NoQENoDM,input.3,0.00464
input.PL2NoQeSd,input.3,0.00293
input.PL2NoQeSdExt,input.3,0.00000
input.PRISrun1,input.3,0.00384
input.PRISrun2,input.3,0.00000
input.PRISrun3,input.3,0.01141
input.PRISrun4,input.3,0.04762
input.QCRIwoTagOrg,input.3,0.00054
input.QCRIwTagOrg,input.3,0.00115
input.qHtagBaseRun,input.3,0.00000
input.qRefLThresh,input.3,0.00056
input.refBalRun,input.3,0.00161
input.refRelRun,input.3,0.01901
input.relevanceRun,input.3,0.08363
input.RFD,input.3,0.39636
input.ri,input.3,0.81272
input.rit,input.3,0.33521
input.rit3,input.3,0.01458
input.RMITAR,input.3,0.47466
input.RMITM,input.3,0.70880
input.RMITMR,input.3,0.59125
input.RMITMRR,input.3,0.57009
input.Rocchio,input.3,0.33333
input.RTB,input.3,0.00000
input.run1,input.3,0.03116
input.run1a,input.3,0.00000
input.run1fix,input.3,0.64168
input.run2,input.3,0.01786
input.run2a,input.3,0.00000
input.run3,input.3,0.00029
input.run3a,input.3,0.00000
input.run4,input.3,0.00551
input.run4a,input.3,0.00000
input.RunAll,input.3,0.00019
input.RunFut,input.3,0.00018
input.runNeMIS,input.3,0.00000
input.runNeMISext,input.3,0.00000
input.RunPure,input.3,0.00033
input.scurtuRun1,input.3,0.00002
input.sielrun1,input.3,0.00000
input.sielrun2,input.3,0.00002
input.sielrun3,input.3,0.00011
input.sielrun4,input.3,0.00002
input.SienaCL1B,input.3,0.04763
input.SienaCL31,input.3,0.03984
input.SienaCL342,input.3,0.06740
input.SienaCLbase,input.3,0.00165
input.simfoll,input.3,0.26535
input.simfollTP01,input.3,0.93411
input.sylesNoRes,input.3,0.60882
input.tfTP01,input.3,0.97265
input.udelIndri,input.3,0.01483
input.udelLucene,input.3,0.00000
input.UDMicroComb1,input.3,0.00002
input.UDMicroComb2,input.3,0.01499
input.UDMicroIDF,input.3,0.07464
input.UDMicroIDFD,input.3,0.00097
input.uicir1,input.3,0.00000
input.uicir2,input.3,0.00000
input.UIowaS1,input.3,0.00076
input.UIowaS2,input.3,0.00205
input.UIowaS3,input.3,0.00229
input.UIowaS4,input.3,0.33744
input.uiucsf,input.3,0.00000
input.uogTrLqea,input.3,0.00125
input.uogTrLqeabd,input.3,0.00060
input.uogTrLqeabdd,input.3,0.00026
input.uogTrUB2,input.3,0.00004
input.UTBase,input.3,0.00054
input.UTBaseRTF,input.3,0.00000
input.UTWngFuture,input.3,0.02889
input.UTWngFutureQ,input.3,0.09845
input.waterlooa1,input.3,0.11163
input.waterlooa2,input.3,0.04151
input.waterlooa3,input.3,0.35926
input.waterlooa4,input.3,0.16642
input.WESTfilext,input.3,0.00006
input.WESTfilter,input.3,0.00068
input.WESTrelint,input.3,0.00000
input.WESTrlext,input.3,0.00000
input.Wise2ndRun,input.3,0.98666
input.WiseFifthRun,input.3,0.02758
input.WiseFouthRun,input.3,0.06349
input.WiseThirdRun,input.3,0.98666
input.ya3,input.3,0.00000
input.ya4,input.3,0.00000
input.YNDXTPC1,input.3,0.00000
input.YNDXTPC2,input.3,0.00000
input.balanceRun,input.4,0.00176
input.baseline,input.4,0.09797
input.baseline1,input.4,0.00000
input.baseline2,input.4,0.00006
input.baselineBM25,input.4,0.00000
input.Basic,input.4,0.05919
input.basicWISTUD,input.4,0.77258
input.ciirRun1,input.4,0.26733
input.ciirRun2,input.4,0.92927
input.ciirRun3,input.4,0.44290
input.ciirRun4,input.4,0.12099
input.clarity1,input.4,0.81124
input.clarity2,input.4,0.60606
input.clarity3,input.4,0.79429
input.clarity4,input.4,0.39106
input.COMMITbase,input.4,0.14110
input.COMMITexp,input.4,0.00068
input.COMMITfilter,input.4,0.00038
input.COMMITlinks,input.4,0.00090
input.cyfrun1,input.4,0.83243
input.cyfrun2,input.4,0.00009
input.dbpWISTUD,input.4,0.00003
input.DFReeKLIM,input.4,0.00000
input.DFReeKLIM30,input.4,0.74277
input.DFReeKLIMDC,input.4,0.00315
input.DFReeKLIMRA,input.4,0.00474
input.dutirLmFb,input.4,0.11322
input.dutirMixFb,input.4,0.13382
input.dutirMixSp,input.4,0.04909
input.dutirTfidfFb,input.4,0.44767
input.EMAX,input.4,0.00000
input.FASILKOM01,input.4,0.11491
input.FASILKOM02,input.4,0.25723
input.FASILKOM03,input.4,0.03042
input.FASILKOM04,input.4,0.34770
input.FDUNLP,input.4,0.51918
input.FDUNLP2,input.4,0.00057
input.Google1GNO,input.4,0.55334
input.gus,input.4,0.00002
input.gust,input.4,0.00003
input.gustc,input.4,0.00003
input.gut,input.4,0.00013
input.hitWId,input.4,0.00010
input.hitWIt,input.4,0.00009
input.ICTNET11MBR1,input.4,0.00000
input.ICTNET11MBR2,input.4,0.01034
input.ICTNET11MBR3,input.4,0.00001
input.ICTNET11MBR4,input.4,0.00000
input.IDEAACTQE,input.4,0.68529
input.IDEABASIC,input.4,0.79922
input.IDEABASICACT,input.4,0.79922
input.IDEABASICQE,input.4,0.67566
input.ikmRun1,input.4,0.00758
input.InL2c1,input.4,0.00696
input.iritfd1,input.4,0.13602
input.iritfd2,input.4,0.45662
input.IRSIGoogle1G,input.4,0.77647
input.IRSIGoogle2G,input.4,0.45445
input.isiFD,input.4,0.14205
input.isiFDL,input.4,0.33819
input.isiFDRM,input.4,0.58540
input.isiFDRML,input.4,0.73902
input.kanopeRun,input.4,0.00000
input.KAUSTBase,input.4,0.00119
input.KAUSTExp,input.4,0.00032
input.KAUSTExpRrnk,input.4,0.01612
input.KAUSTRerank,input.4,0.02613
input.LJQO10,input.4,0.70489
input.LJQO5,input.4,0.04886
input.LMOP10,input.4,0.00262
input.LMOP5,input.4,0.00000
input.LThresh,input.4,0.00052
input.manualWISTUD,input.4,0.36645
input.melblt,input.4,0.00274
input.MONASH1NEW,input.4,0.08288
input.MONASH2NEW,input.4,0.01064
input.MorpheusRun1,input.4,0.00000
input.mulnewWISTUD,input.4,0.98508
input.myRun,input.4,0.02689
input.myrun2,input.4,0.23241
input.myrun3,input.4,0.22529
input.Nestor,input.4,0.00050
input.NestorS,input.4,0.00031
input.normal,input.4,0.00708
input.nQCRIwoTag,input.4,0.00023
input.nQCRIwTag,input.4,0.00051
input.omarRun,input.4,0.00001
input.PKUICST,input.4,0.01612
input.PKUICST2,input.4,0.97955
input.PKUICST3,input.4,0.00031
input.PKUICST4,input.4,0.00000
input.PL2Bo1SDExt,input.4,0.00000
input.PL2NoQENoDM,input.4,0.00227
input.PL2NoQeSd,input.4,0.00139
input.PL2NoQeSdExt,input.4,0.00000
input.PRISrun1,input.4,0.00759
input.PRISrun2,input.4,0.00000
input.PRISrun3,input.4,0.02098
input.PRISrun4,input.4,0.07854
input.QCRIwoTagOrg,input.4,0.00023
input.QCRIwTagOrg,input.4,0.00051
input.qHtagBaseRun,input.4,0.00000
input.qRefLThresh,input.4,0.00024
input.refBalRun,input.4,0.00073
input.refRelRun,input.4,0.01027
input.relevanceRun,input.4,0.05100
input.RFD,input.4,0.28478
input.ri,input.4,0.98770
input.rit,input.4,0.23595
input.rit3,input.4,0.00772
input.RMITAR,input.4,0.62172
input.RMITM,input.4,0.87921
input.RMITMR,input.4,0.75236
input.RMITMRR,input.4,0.42987
input.Rocchio,input.4,0.23447
input.RTB,input.4,0.00000
input.run1,input.4,0.01748
input.run1a,input.4,0.00000
input.run1fix,input.4,0.80735
input.run2,input.4,0.03180
input.run2a,input.4,0.00000
input.run3,input.4,0.00066
input.run3a,input.4,0.00000
input.run4,input.4,0.01065
input.run4a,input.4,0.00000
input.RunAll,input.4,0.00008
input.RunFut,input.4,0.00007
input.runNeMIS,input.4,0.00000
input.runNeMISext,input.4,0.00000
input.RunPure,input.4,0.00014
input.scurtuRun1,input.4,0.00001
input.sielrun1,input.4,0.00000
input.sielrun2,input.4,0.00001
input.sielrun3,input.4,0.00004
input.sielrun4,input.4,0.00001
input.SienaCL1B,input.4,0.02765
input.SienaCL31,input.4,0.02279
input.SienaCL342,input.4,0.04032
input.SienaCLbase,input.4,0.00076
input.simfoll,input.4,0.37221
input.simfollTP01,input.4,0.88959
input.sylesNoRes,input.4,0.46340
input.tfTP01,input.4,0.85149
input.udelIndri,input.4,0.00786
input.udelLucene,input.4,0.00000
input.UDMicroComb1,input.4,0.00001
input.UDMicroComb2,input.4,0.00795
input.UDMicroIDF,input.4,0.04505
input.UDMicroIDFD,input.4,0.00043
input.uicir1,input.4,0.00000
input.uicir2,input.4,0.00000
input.UIowaS1,input.4,0.00033
input.UIowaS2,input.4,0.00095
input.UIowaS3,input.4,0.00107
input.UIowaS4,input.4,0.23770
input.uiucsf,input.4,0.00000
input.uogTrLqea,input.4,0.00056
input.uogTrLqeabd,input.4,0.00026
input.uogTrLqeabdd,input.4,0.00011
input.uogTrUB2,input.4,0.00002
input.UTBase,input.4,0.00023
input.UTBaseRTF,input.4,0.00000
input.UTWngFuture,input.4,0.01611
input.UTWngFutureQ,input.4,0.06094
input.waterlooa1,input.4,0.06993
input.waterlooa2,input.4,0.02383
input.waterlooa3,input.4,0.25501
input.waterlooa4,input.4,0.10843
input.WESTfilext,input.4,0.00002
input.WESTfilter,input.4,0.00030
input.WESTrelint,input.4,0.00000
input.WESTrlext,input.4,0.00000
input.Wise2ndRun,input.4,0.83775
input.WiseFifthRun,input.4,0.01532
input.WiseFouthRun,input.4,0.03778
input.WiseThirdRun,input.4,0.83775
input.ya3,input.4,0.00000
input.ya4,input.4,0.00000
input.YNDXTPC1,input.4,0.00000
input.YNDXTPC2,input.4,0.00000
input.baseline,input.balanceRun,0.14050
input.baseline1,input.balanceRun,0.00024
input.baseline2,input.balanceRun,0.38456
input.baselineBM25,input.balanceRun,0.00187
input.Basic,input.balanceRun,0.21427
input.basicWISTUD,input.balanceRun,0.00452
input.ciirRun1,input.balanceRun,0.04344
input.ciirRun2,input.balanceRun,0.00237
input.ciirRun3,input.balanceRun,0.01821
input.ciirRun4,input.balanceRun,0.11455
input.clarity1,input.balanceRun,0.00076
input.clarity2,input.balanceRun,0.00898
input.clarity3,input.balanceRun,0.00413
input.clarity4,input.balanceRun,0.02315
input.COMMITbase,input.balanceRun,0.00000
input.COMMITexp,input.balanceRun,0.78743
input.COMMITfilter,input.balanceRun,0.66934
input.COMMITlinks,input.balanceRun,0.84859
input.cyfrun1,input.balanceRun,0.00353
input.cyfrun2,input.balanceRun,0.43590
input.dbpWISTUD,input.balanceRun,0.00000
input.DFReeKLIM,input.balanceRun,0.00000
input.DFReeKLIM30,input.balanceRun,0.00510
input.DFReeKLIMDC,input.balanceRun,0.00000
input.DFReeKLIMRA,input.balanceRun,0.00000
input.dutirLmFb,input.balanceRun,0.00000
input.dutirMixFb,input.balanceRun,0.00000
input.dutirMixSp,input.balanceRun,0.00000
input.dutirTfidfFb,input.balanceRun,0.01782
input.EMAX,input.balanceRun,0.00000
input.FASILKOM01,input.balanceRun,0.12062
input.FASILKOM02,input.balanceRun,0.04596
input.FASILKOM03,input.balanceRun,0.33497
input.FASILKOM04,input.balanceRun,0.02855
input.FDUNLP,input.balanceRun,0.01299
input.FDUNLP2,input.balanceRun,0.75123
input.Google1GNO,input.balanceRun,0.01122
input.gus,input.balanceRun,0.23222
input.gust,input.balanceRun,0.31032
input.gustc,input.balanceRun,0.31032
input.gut,input.balanceRun,0.48338
input.hitWId,input.balanceRun,0.00000
input.hitWIt,input.balanceRun,0.00000
input.ICTNET11MBR1,input.balanceRun,0.00000
input.ICTNET11MBR2,input.balanceRun,0.00000
input.ICTNET11MBR3,input.balanceRun,0.00000
input.ICTNET11MBR4,input.balanceRun,0.00000
input.IDEAACTQE,input.balanceRun,0.00041
input.IDEABASIC,input.balanceRun,0.00072
input.IDEABASICACT,input.balanceRun,0.00072
input.IDEABASICQE,input.balanceRun,0.00039
input.ikmRun1,input.balanceRun,0.64661
input.InL2c1,input.balanceRun,0.66738
input.iritfd1,input.balanceRun,0.00000
input.iritfd2,input.balanceRun,0.00011
input.IRSIGoogle1G,input.balanceRun,0.00444
input.IRSIGoogle2G,input.balanceRun,0.01728
input.isiFD,input.balanceRun,0.09682
input.isiFDL,input.balanceRun,0.02994
input.isiFDRM,input.balanceRun,0.00979
input.isiFDRML,input.balanceRun,0.00518
input.kanopeRun,input.balanceRun,0.00000
input.KAUSTBase,input.balanceRun,0.90959
input.KAUSTExp,input.balanceRun,0.63989
input.KAUSTExpRrnk,input.balanceRun,0.46998
input.KAUSTRerank,input.balanceRun,0.36578
input.LJQO10,input.balanceRun,0.00596
input.LJQO5,input.balanceRun,0.24650
input.LMOP10,input.balanceRun,0.90457
input.LMOP5,input.balanceRun,0.02569
input.LThresh,input.balanceRun,0.73308
input.manualWISTUD,input.balanceRun,0.00006
input.melblt,input.balanceRun,0.89384
input.MONASH1NEW,input.balanceRun,0.16317
input.MONASH2NEW,input.balanceRun,0.56568
input.MorpheusRun1,input.balanceRun,0.00000
input.mulnewWISTUD,input.balanceRun,0.00187
input.myRun,input.balanceRun,0.35989
input.myrun2,input.balanceRun,0.05305
input.myrun3,input.balanceRun,0.05535
input.Nestor,input.balanceRun,0.72289
input.NestorS,input.balanceRun,0.63511
input.normal,input.balanceRun,0.66300
input.nQCRIwoTag,input.balanceRun,0.57946
input.nQCRIwTag,input.balanceRun,0.73038
input.omarRun,input.balanceRun,0.18477
input.PKUICST,input.balanceRun,0.00000
input.PKUICST2,input.balanceRun,0.00192
input.PKUICST3,input.balanceRun,0.00000
input.PKUICST4,input.balanceRun,0.00000
input.PL2Bo1SDExt,input.balanceRun,0.00000
input.PL2NoQENoDM,input.balanceRun,0.93943
input.PL2NoQeSd,input.balanceRun,0.94561
input.PL2NoQeSdExt,input.balanceRun,0.00000
input.PRISrun1,input.balanceRun,0.00000
input.PRISrun2,input.balanceRun,0.00000
input.PRISrun3,input.balanceRun,0.00000
input.PRISrun4,input.balanceRun,0.00000
input.QCRIwoTagOrg,input.balanceRun,0.57946
input.QCRIwTagOrg,input.balanceRun,0.73038
input.qHtagBaseRun,input.balanceRun,0.03738
input.qRefLThresh,input.balanceRun,0.58594
input.refBalRun,input.balanceRun,0.80444
input.refRelRun,input.balanceRun,0.57416
input.relevanceRun,input.balanceRun,0.23913
input.RFD,input.balanceRun,0.03949
input.ri,input.balanceRun,0.00167
input.rit,input.balanceRun,0.05195
input.rit3,input.balanceRun,0.64233
input.RMITAR,input.balanceRun,0.00029
input.RMITM,input.balanceRun,0.00104
input.RMITMR,input.balanceRun,0.00057
input.RMITMRR,input.balanceRun,0.01932
input.Rocchio,input.balanceRun,0.05241
input.RTB,input.balanceRun,0.00000
input.run1,input.balanceRun,0.45193
input.run1a,input.balanceRun,0.00001
input.run1fix,input.balanceRun,0.00074
input.run2,input.balanceRun,0.00000
input.run2a,input.balanceRun,0.00004
input.run3,input.balanceRun,0.00000
input.run3a,input.balanceRun,0.00195
input.run4,input.balanceRun,0.00000
input.run4a,input.balanceRun,0.00142
input.RunAll,input.balanceRun,0.41256
input.RunFut,input.balanceRun,0.39983
input.runNeMIS,input.balanceRun,0.01520
input.runNeMISext,input.balanceRun,0.03689
input.RunPure,input.balanceRun,0.49561
input.scurtuRun1,input.balanceRun,0.16200
input.sielrun1,input.balanceRun,0.05848
input.sielrun2,input.balanceRun,0.18644
input.sielrun3,input.balanceRun,0.33686
input.sielrun4,input.balanceRun,0.17645
input.SienaCL1B,input.balanceRun,0.35418
input.SienaCL31,input.balanceRun,0.39434
input.SienaCL342,input.balanceRun,0.28095
input.SienaCLbase,input.balanceRun,0.81055
input.simfoll,input.balanceRun,0.00006
input.simfollTP01,input.balanceRun,0.00279
input.sylesNoRes,input.balanceRun,0.01660
input.tfTP01,input.balanceRun,0.00327
input.udelIndri,input.balanceRun,0.63780
input.udelLucene,input.balanceRun,0.00000
input.UDMicroComb1,input.balanceRun,0.18216
input.UDMicroComb2,input.balanceRun,0.63511
input.UDMicroIDF,input.balanceRun,0.26079
input.UDMicroIDFD,input.balanceRun,0.69502
input.uicir1,input.balanceRun,0.01607
input.uicir2,input.balanceRun,0.09227
input.UIowaS1,input.balanceRun,0.64558
input.UIowaS2,input.balanceRun,0.86073
input.UIowaS3,input.balanceRun,0.88704
input.UIowaS4,input.balanceRun,0.05142
input.uiucsf,input.balanceRun,0.00000
input.uogTrLqea,input.balanceRun,0.74869
input.uogTrLqeabd,input.balanceRun,0.59932
input.uogTrLqeabdd,input.balanceRun,0.45922
input.uogTrUB2,input.balanceRun,0.23166
input.UTBase,input.balanceRun,0.58159
input.UTBaseRTF,input.balanceRun,0.00000
input.UTWngFuture,input.balanceRun,0.47017
input.UTWngFutureQ,input.balanceRun,0.20957
input.waterlooa1,input.balanceRun,0.18808
input.waterlooa2,input.balanceRun,0.38496
input.waterlooa3,input.balanceRun,0.04655
input.waterlooa4,input.balanceRun,0.12766
input.WESTfilext,input.balanceRun,0.26924
input.WESTfilter,input.balanceRun,0.62400
input.WESTrelint,input.balanceRun,0.01100
input.WESTrlext,input.balanceRun,0.00330
input.Wise2ndRun,input.balanceRun,0.00346
input.WiseFifthRun,input.balanceRun,0.48148
input.WiseFouthRun,input.balanceRun,0.29307
input.WiseThirdRun,input.balanceRun,0.00346
input.ya3,input.balanceRun,0.01282
input.ya4,input.balanceRun,0.02159
input.YNDXTPC1,input.balanceRun,0.05925
input.YNDXTPC2,input.balanceRun,0.09017
input.baseline1,input.baseline,0.00000
input.baseline2,input.baseline,0.01911
input.baselineBM25,input.baseline,0.00000
input.Basic,input.baseline,0.81653
input.basicWISTUD,input.baseline,0.17202
input.ciirRun1,input.baseline,0.58540
input.ciirRun2,input.baseline,0.11735
input.ciirRun3,input.baseline,0.37484
input.ciirRun4,input.baseline,0.91707
input.clarity1,input.baseline,0.05828
input.clarity2,input.baseline,0.25468
input.clarity3,input.baseline,0.16332
input.clarity4,input.baseline,0.42542
input.COMMITbase,input.baseline,0.00177
input.COMMITexp,input.baseline,0.08123
input.COMMITfilter,input.baseline,0.05730
input.COMMITlinks,input.baseline,0.09594
input.cyfrun1,input.baseline,0.14897
input.cyfrun2,input.baseline,0.02425
input.dbpWISTUD,input.baseline,0.00000
input.DFReeKLIM,input.baseline,0.00000
input.DFReeKLIM30,input.baseline,0.18465
input.DFReeKLIMDC,input.baseline,0.00000
input.DFReeKLIMRA,input.baseline,0.00001
input.dutirLmFb,input.baseline,0.00120
input.dutirMixFb,input.baseline,0.00161
input.dutirMixSp,input.baseline,0.00029
input.dutirTfidfFb,input.baseline,0.37055
input.EMAX,input.baseline,0.00000
input.FASILKOM01,input.baseline,0.93763
input.FASILKOM02,input.baseline,0.60181
input.FASILKOM03,input.baseline,0.61020
input.FASILKOM04,input.baseline,0.47418
input.FDUNLP,input.baseline,0.31243
input.FDUNLP2,input.baseline,0.07330
input.Google1GNO,input.baseline,0.28824
input.gus,input.baseline,0.00762
input.gust,input.baseline,0.01283
input.gustc,input.baseline,0.01283
input.gut,input.baseline,0.02964
input.hitWId,input.baseline,0.00000
input.hitWIt,input.baseline,0.00000
input.ICTNET11MBR1,input.baseline,0.00000
input.ICTNET11MBR2,input.baseline,0.00002
input.ICTNET11MBR3,input.baseline,0.00000
input.ICTNET11MBR4,input.baseline,0.00000
input.IDEAACTQE,input.baseline,0.03940
input.IDEABASIC,input.baseline,0.05625
input.IDEABASICACT,input.baseline,0.05625
input.IDEABASICQE,input.baseline,0.03816
input.ikmRun1,input.baseline,0.30989
input.InL2c1,input.baseline,0.29640
input.iritfd1,input.baseline,0.00166
input.iritfd2,input.baseline,0.01643
input.IRSIGoogle1G,input.baseline,0.17043
input.IRSIGoogle2G,input.baseline,0.36455
input.isiFD,input.baseline,0.85201
input.isiFDL,input.baseline,0.48580
input.isiFDRM,input.baseline,0.26733
input.isiFDRML,input.baseline,0.18630
input.kanopeRun,input.baseline,0.00000
input.KAUSTBase,input.baseline,0.11240
input.KAUSTExp,input.baseline,0.05216
input.KAUSTExpRrnk,input.baseline,0.45240
input.KAUSTRerank,input.baseline,0.56900
input.LJQO10,input.baseline,0.20195
input.LJQO5,input.baseline,0.75272
input.LMOP10,input.baseline,0.17572
input.LMOP5,input.baseline,0.00021
input.LThresh,input.baseline,0.06953
input.manualWISTUD,input.baseline,0.01053
input.melblt,input.baseline,0.18009
input.MONASH1NEW,input.baseline,0.93668
input.MONASH2NEW,input.baseline,0.36838
input.MorpheusRun1,input.baseline,0.00000
input.mulnewWISTUD,input.baseline,0.10183
input.myRun,input.baseline,0.57660
input.myrun2,input.baseline,0.64511
input.myrun3,input.baseline,0.65837
input.Nestor,input.baseline,0.06747
input.NestorS,input.baseline,0.05136
input.normal,input.baseline,0.29920
input.nQCRIwoTag,input.baseline,0.04255
input.nQCRIwTag,input.baseline,0.06898
input.omarRun,input.baseline,0.00511
input.PKUICST,input.baseline,0.00005
input.PKUICST2,input.baseline,0.10329
input.PKUICST3,input.baseline,0.00000
input.PKUICST4,input.baseline,0.00000
input.PL2Bo1SDExt,input.baseline,0.00000
input.PL2NoQENoDM,input.baseline,0.16213
input.PL2NoQeSd,input.baseline,0.12304
input.PL2NoQeSdExt,input.baseline,0.00000
input.PRISrun1,input.baseline,0.00002
input.PRISrun2,input.baseline,0.00000
input.PRISrun3,input.baseline,0.00007
input.PRISrun4,input.baseline,0.00064
input.QCRIwoTagOrg,input.baseline,0.04255
input.QCRIwTagOrg,input.baseline,0.06898
input.qHtagBaseRun,input.baseline,0.00038
input.qRefLThresh,input.baseline,0.04352
input.refBalRun,input.baseline,0.08515
input.refRelRun,input.baseline,0.36177
input.relevanceRun,input.baseline,0.76664
input.RFD,input.baseline,0.55847
input.ri,input.baseline,0.09489
input.rit,input.baseline,0.63865
input.rit3,input.baseline,0.31274
input.RMITAR,input.baseline,0.03170
input.RMITM,input.baseline,0.07081
input.RMITMR,input.baseline,0.04881
input.RMITMRR,input.baseline,0.38685
input.Rocchio,input.baseline,0.64134
input.RTB,input.baseline,0.00000
input.run1,input.baseline,0.47046
input.run1a,input.baseline,0.00000
input.run1fix,input.baseline,0.05762
input.run2,input.baseline,0.00014
input.run2a,input.baseline,0.00000
input.run3,input.baseline,0.00000
input.run3a,input.baseline,0.00000
input.run4,input.baseline,0.00003
input.run4a,input.baseline,0.00000
input.RunAll,input.baseline,0.02183
input.RunFut,input.baseline,0.02057
input.runNeMIS,input.baseline,0.00010
input.runNeMISext,input.baseline,0.00037
input.RunPure,input.baseline,0.03114
input.scurtuRun1,input.baseline,0.00408
input.sielrun1,input.baseline,0.00076
input.sielrun2,input.baseline,0.00519
input.sielrun3,input.baseline,0.01492
input.sielrun4,input.baseline,0.00472
input.SienaCL1B,input.baseline,0.58409
input.SienaCL31,input.baseline,0.53384
input.SienaCL342,input.baseline,0.69229
input.SienaCLbase,input.baseline,0.08659
input.simfoll,input.baseline,0.01086
input.simfollTP01,input.baseline,0.12954
input.sylesNoRes,input.baseline,0.35679
input.tfTP01,input.baseline,0.14223
input.udelIndri,input.baseline,0.31579
input.udelLucene,input.baseline,0.00000
input.UDMicroComb1,input.baseline,0.00498
input.UDMicroComb2,input.baseline,0.31761
input.UDMicroIDF,input.baseline,0.72679
input.UDMicroIDFD,input.baseline,0.06204
input.uicir1,input.baseline,0.00010
input.uicir2,input.baseline,0.00159
input.UIowaS1,input.baseline,0.05313
input.UIowaS2,input.baseline,0.09907
input.UIowaS3,input.baseline,0.10610
input.UIowaS4,input.baseline,0.63550
input.uiucsf,input.baseline,0.00000
input.uogTrLqea,input.baseline,0.07277
input.uogTrLqeabd,input.baseline,0.04557
input.uogTrLqeabdd,input.baseline,0.02682
input.uogTrUB2,input.baseline,0.00758
input.UTBase,input.baseline,0.04287
input.UTBaseRTF,input.baseline,0.00000
input.UTWngFuture,input.baseline,0.45222
input.UTWngFutureQ,input.baseline,0.82652
input.waterlooa1,input.baseline,0.87474
input.waterlooa2,input.baseline,0.54509
input.waterlooa3,input.baseline,0.60552
input.waterlooa4,input.baseline,0.96055
input.WESTfilext,input.baseline,0.00992
input.WESTfilter,input.baseline,0.04952
input.WESTrelint,input.baseline,0.00006
input.WESTrlext,input.baseline,0.00001
input.Wise2ndRun,input.baseline,0.14707
input.WiseFifthRun,input.baseline,0.44130
input.WiseFouthRun,input.baseline,0.67265
input.WiseThirdRun,input.baseline,0.14707
input.ya3,input.baseline,0.00007
input.ya4,input.baseline,0.00016
input.YNDXTPC1,input.baseline,0.00078
input.YNDXTPC2,input.baseline,0.00153
input.baseline2,input.baseline1,0.00511
input.baselineBM25,input.baseline1,0.57591
input.Basic,input.baseline1,0.00000
input.basicWISTUD,input.baseline1,0.00000
input.ciirRun1,input.baseline1,0.00000
input.ciirRun2,input.baseline1,0.00000
input.ciirRun3,input.baseline1,0.00000
input.ciirRun4,input.baseline1,0.00000
input.clarity1,input.baseline1,0.00000
input.clarity2,input.baseline1,0.00000
input.clarity3,input.baseline1,0.00000
input.clarity4,input.baseline1,0.00000
input.COMMITbase,input.baseline1,0.00000
input.COMMITexp,input.baseline1,0.00067
input.COMMITfilter,input.baseline1,0.00118
input.COMMITlinks,input.baseline1,0.00050
input.cyfrun1,input.baseline1,0.00000
input.cyfrun2,input.baseline1,0.00384
input.dbpWISTUD,input.baseline1,0.00000
input.DFReeKLIM,input.baseline1,0.00000
input.DFReeKLIM30,input.baseline1,0.00000
input.DFReeKLIMDC,input.baseline1,0.00000
input.DFReeKLIMRA,input.baseline1,0.00000
input.dutirLmFb,input.baseline1,0.00000
input.dutirMixFb,input.baseline1,0.00000
input.dutirMixSp,input.baseline1,0.00000
input.dutirTfidfFb,input.baseline1,0.00000
input.EMAX,input.baseline1,0.22023
input.FASILKOM01,input.baseline1,0.00000
input.FASILKOM02,input.baseline1,0.00000
input.FASILKOM03,input.baseline1,0.00000
input.FASILKOM04,input.baseline1,0.00000
input.FDUNLP,input.baseline1,0.00000
input.FDUNLP2,input.baseline1,0.00080
input.Google1GNO,input.baseline1,0.00000
input.gus,input.baseline1,0.01332
input.gust,input.baseline1,0.00793
input.gustc,input.baseline1,0.00793
input.gut,input.baseline1,0.00299
input.hitWId,input.baseline1,0.00000
input.hitWIt,input.baseline1,0.00000
input.ICTNET11MBR1,input.baseline1,0.00000
input.ICTNET11MBR2,input.baseline1,0.00000
input.ICTNET11MBR3,input.baseline1,0.00000
input.ICTNET11MBR4,input.baseline1,0.00000
input.IDEAACTQE,input.baseline1,0.00000
input.IDEABASIC,input.baseline1,0.00000
input.IDEABASICACT,input.baseline1,0.00000
input.IDEABASICQE,input.baseline1,0.00000
input.ikmRun1,input.baseline1,0.00004
input.InL2c1,input.baseline1,0.00004
input.iritfd1,input.baseline1,0.00000
input.iritfd2,input.baseline1,0.00000
input.IRSIGoogle1G,input.baseline1,0.00000
input.IRSIGoogle2G,input.baseline1,0.00000
input.isiFD,input.baseline1,0.00000
input.isiFDL,input.baseline1,0.00000
input.isiFDRM,input.baseline1,0.00000
input.isiFDRML,input.baseline1,0.00000
input.kanopeRun,input.baseline1,0.06444
input.KAUSTBase,input.baseline1,0.00038
input.KAUSTExp,input.baseline1,0.00137
input.KAUSTExpRrnk,input.baseline1,0.00001
input.KAUSTRerank,input.baseline1,0.00000
input.LJQO10,input.baseline1,0.00000
input.LJQO5,input.baseline1,0.00000
input.LMOP10,input.baseline1,0.00015
input.LMOP5,input.baseline1,0.15017
input.LThresh,input.baseline1,0.00087
input.manualWISTUD,input.baseline1,0.00000
input.melblt,input.baseline1,0.00014
input.MONASH1NEW,input.baseline1,0.00000
input.MONASH2NEW,input.baseline1,0.00002
input.MorpheusRun1,input.baseline1,0.02118
input.mulnewWISTUD,input.baseline1,0.00000
input.myRun,input.baseline1,0.00000
input.myrun2,input.baseline1,0.00000
input.myrun3,input.baseline1,0.00000
input.Nestor,input.baseline1,0.00092
input.NestorS,input.baseline1,0.00140
input.normal,input.baseline1,0.00004
input.nQCRIwoTag,input.baseline1,0.00184
input.nQCRIwTag,input.baseline1,0.00088
input.omarRun,input.baseline1,0.01910
input.PKUICST,input.baseline1,0.00000
input.PKUICST2,input.baseline1,0.00000
input.PKUICST3,input.baseline1,0.00000
input.PKUICST4,input.baseline1,0.00000
input.PL2Bo1SDExt,input.baseline1,0.00452
input.PL2NoQENoDM,input.baseline1,0.00018
input.PL2NoQeSd,input.baseline1,0.00032
input.PL2NoQeSdExt,input.baseline1,0.00427
input.PRISrun1,input.baseline1,0.00000
input.PRISrun2,input.baseline1,0.00000
input.PRISrun3,input.baseline1,0.00000
input.PRISrun4,input.baseline1,0.00000
input.QCRIwoTagOrg,input.baseline1,0.00184
input.QCRIwTagOrg,input.baseline1,0.00088
input.qHtagBaseRun,input.baseline1,0.11225
input.qRefLThresh,input.baseline1,0.00178
input.refBalRun,input.baseline1,0.00062
input.refRelRun,input.baseline1,0.00002
input.relevanceRun,input.baseline1,0.00000
input.RFD,input.baseline1,0.00000
input.ri,input.baseline1,0.00000
input.rit,input.baseline1,0.00000
input.rit3,input.baseline1,0.00004
input.RMITAR,input.baseline1,0.00000
input.RMITM,input.baseline1,0.00000
input.RMITMR,input.baseline1,0.00000
input.RMITMRR,input.baseline1,0.00000
input.Rocchio,input.baseline1,0.00000
input.RTB,input.baseline1,0.00057
input.run1,input.baseline1,0.00001
input.run1a,input.baseline1,0.37442
input.run1fix,input.baseline1,0.00000
input.run2,input.baseline1,0.00000
input.run2a,input.baseline1,0.67671
input.run3,input.baseline1,0.00000
input.run3a,input.baseline1,0.56722
input.run4,input.baseline1,0.00000
input.run4a,input.baseline1,0.63213
input.RunAll,input.baseline1,0.00437
input.RunFut,input.baseline1,0.00469
input.runNeMIS,input.baseline1,0.21420
input.runNeMISext,input.baseline1,0.11346
input.RunPure,input.baseline1,0.00280
input.scurtuRun1,input.baseline1,0.02312
input.sielrun1,input.baseline1,0.07546
input.sielrun2,input.baseline1,0.01884
input.sielrun3,input.baseline1,0.00674
input.sielrun4,input.baseline1,0.02045
input.SienaCL1B,input.baseline1,0.00000
input.SienaCL31,input.baseline1,0.00001
input.SienaCL342,input.baseline1,0.00000
input.SienaCLbase,input.baseline1,0.00060
input.simfoll,input.baseline1,0.00000
input.simfollTP01,input.baseline1,0.00000
input.sylesNoRes,input.baseline1,0.00000
input.tfTP01,input.baseline1,0.00000
input.udelIndri,input.baseline1,0.00003
input.udelLucene,input.baseline1,0.07083
input.UDMicroComb1,input.baseline1,0.01951
input.UDMicroComb2,input.baseline1,0.00003
input.UDMicroIDF,input.baseline1,0.00000
input.UDMicroIDFD,input.baseline1,0.00105
input.uicir1,input.baseline1,0.20680
input.uicir2,input.baseline1,0.04701
input.UIowaS1,input.baseline1,0.00133
input.UIowaS2,input.baseline1,0.00048
input.UIowaS3,input.baseline1,0.00042
input.UIowaS4,input.baseline1,0.00000
input.uiucsf,input.baseline1,0.00004
input.uogTrLqea,input.baseline1,0.00081
input.uogTrLqeabd,input.baseline1,0.00166
input.uogTrLqeabdd,input.baseline1,0.00339
input.uogTrUB2,input.baseline1,0.01337
input.UTBase,input.baseline1,0.00182
input.UTBaseRTF,input.baseline1,0.00978
input.UTWngFuture,input.baseline1,0.00001
input.UTWngFutureQ,input.baseline1,0.00000
input.waterlooa1,input.baseline1,0.00000
input.waterlooa2,input.baseline1,0.00001
input.waterlooa3,input.baseline1,0.00000
input.waterlooa4,input.baseline1,0.00000
input.WESTfilext,input.baseline1,0.01032
input.WESTfilter,input.baseline1,0.00147
input.WESTrelint,input.baseline1,0.25970
input.WESTrlext,input.baseline1,0.46424
input.Wise2ndRun,input.baseline1,0.00000
input.WiseFifthRun,input.baseline1,0.00001
input.WiseFouthRun,input.baseline1,0.00000
input.WiseThirdRun,input.baseline1,0.00000
input.ya3,input.baseline1,0.23754
input.ya4,input.baseline1,0.16998
input.YNDXTPC1,input.baseline1,0.07452
input.YNDXTPC2,input.baseline1,0.04823
input.baselineBM25,input.baseline2,0.02503
input.Basic,input.baseline2,0.03473
input.basicWISTUD,input.baseline2,0.00021
input.ciirRun1,input.baseline2,0.00387
input.ciirRun2,input.baseline2,0.00009
input.ciirRun3,input.baseline2,0.00123
input.ciirRun4,input.baseline2,0.01438
input.clarity1,input.baseline2,0.00002
input.clarity2,input.baseline2,0.00050
input.clarity3,input.baseline2,0.00019
input.clarity4,input.baseline2,0.00169
input.COMMITbase,input.baseline2,0.00000
input.COMMITexp,input.baseline2,0.54859
input.COMMITfilter,input.baseline2,0.65815
input.COMMITlinks,input.baseline2,0.49739
input.cyfrun1,input.baseline2,0.00015
input.cyfrun2,input.baseline2,0.92798
input.dbpWISTUD,input.baseline2,0.00000
input.DFReeKLIM,input.baseline2,0.00000
input.DFReeKLIM30,input.baseline2,0.00024
input.DFReeKLIMDC,input.baseline2,0.00000
input.DFReeKLIMRA,input.baseline2,0.00000
input.dutirLmFb,input.baseline2,0.00000
input.dutirMixFb,input.baseline2,0.00000
input.dutirMixSp,input.baseline2,0.00000
input.dutirTfidfFb,input.baseline2,0.00120
input.EMAX,input.baseline2,0.00006
input.FASILKOM01,input.baseline2,0.01545
input.FASILKOM02,input.baseline2,0.00417
input.FASILKOM03,input.baseline2,0.06670
input.FASILKOM04,input.baseline2,0.00222
input.FDUNLP,input.baseline2,0.00080
input.FDUNLP2,input.baseline2,0.58061
input.Google1GNO,input.baseline2,0.00066
input.gus,input.baseline2,0.74507
input.gust,input.baseline2,0.88468
input.gustc,input.baseline2,0.88468
input.gut,input.baseline2,0.86608
input.hitWId,input.baseline2,0.00000
input.hitWIt,input.baseline2,0.00000
input.ICTNET11MBR1,input.baseline2,0.00000
input.ICTNET11MBR2,input.baseline2,0.00000
input.ICTNET11MBR3,input.baseline2,0.00000
input.ICTNET11MBR4,input.baseline2,0.00000
input.IDEAACTQE,input.baseline2,0.00001
input.IDEABASIC,input.baseline2,0.00002
input.IDEABASICACT,input.baseline2,0.00002
input.IDEABASICQE,input.baseline2,0.00001
input.ikmRun1,input.baseline2,0.18418
input.InL2c1,input.baseline2,0.19385
input.iritfd1,input.baseline2,0.00000
input.iritfd2,input.baseline2,0.00000
input.IRSIGoogle1G,input.baseline2,0.00020
input.IRSIGoogle2G,input.baseline2,0.00115
input.isiFD,input.baseline2,0.01141
input.isiFDL,input.baseline2,0.00236
input.isiFDRM,input.baseline2,0.00056
input.isiFDRML,input.baseline2,0.00025
input.kanopeRun,input.baseline2,0.00000
input.KAUSTBase,input.baseline2,0.44967
input.KAUSTExp,input.baseline2,0.68793
input.KAUSTExpRrnk,input.baseline2,0.11138
input.KAUSTRerank,input.baseline2,0.07608
input.LJQO10,input.baseline2,0.00030
input.LJQO5,input.baseline2,0.04252
input.LMOP10,input.baseline2,0.32246
input.LMOP5,input.baseline2,0.17341
input.LThresh,input.baseline2,0.59716
input.manualWISTUD,input.baseline2,0.00000
input.melblt,input.baseline2,0.31588
input.MONASH1NEW,input.baseline2,0.02357
input.MONASH2NEW,input.baseline2,0.14876
input.MorpheusRun1,input.baseline2,0.00000
input.mulnewWISTUD,input.baseline2,0.00007
input.myRun,input.baseline2,0.07425
input.myrun2,input.baseline2,0.00505
input.myrun3,input.baseline2,0.00534
input.Nestor,input.baseline2,0.60660
input.NestorS,input.baseline2,0.69286
input.normal,input.baseline2,0.19179
input.nQCRIwoTag,input.baseline2,0.75250
input.nQCRIwTag,input.baseline2,0.59965
input.omarRun,input.baseline2,0.64790
input.PKUICST,input.baseline2,0.00000
input.PKUICST2,input.baseline2,0.00007
input.PKUICST3,input.baseline2,0.00000
input.PKUICST4,input.baseline2,0.00000
input.PL2Bo1SDExt,input.baseline2,0.00000
input.PL2NoQENoDM,input.baseline2,0.34440
input.PL2NoQeSd,input.baseline2,0.42296
input.PL2NoQeSdExt,input.baseline2,0.00000
input.PRISrun1,input.baseline2,0.00000
input.PRISrun2,input.baseline2,0.00000
input.PRISrun3,input.baseline2,0.00000
input.PRISrun4,input.baseline2,0.00000
input.QCRIwoTagOrg,input.baseline2,0.75250
input.QCRIwTagOrg,input.baseline2,0.59965
input.qHtagBaseRun,input.baseline2,0.22547
input.qRefLThresh,input.baseline2,0.74534
input.refBalRun,input.baseline2,0.53400
input.refRelRun,input.baseline2,0.15230
input.relevanceRun,input.baseline2,0.04069
input.RFD,input.baseline2,0.00341
input.ri,input.baseline2,0.00006
input.rit,input.baseline2,0.00491
input.rit3,input.baseline2,0.18221
input.RMITAR,input.baseline2,0.00001
input.RMITM,input.baseline2,0.00003
input.RMITMR,input.baseline2,0.00002
input.RMITMRR,input.baseline2,0.00133
input.Rocchio,input.baseline2,0.00497
input.RTB,input.baseline2,0.00000
input.run1,input.baseline2,0.10486
input.run1a,input.baseline2,0.00023
input.run1fix,input.baseline2,0.00002
input.run2,input.baseline2,0.00000
input.run2a,input.baseline2,0.00129
input.run3,input.baseline2,0.00000
input.run3a,input.baseline2,0.02587
input.run4,input.baseline2,0.00000
input.run4a,input.baseline2,0.02026
input.RunAll,input.baseline2,0.96003
input.RunFut,input.baseline2,0.97798
input.runNeMIS,input.baseline2,0.11920
input.runNeMISext,input.baseline2,0.22344
input.RunPure,input.baseline2,0.85079
input.scurtuRun1,input.baseline2,0.59691
input.sielrun1,input.baseline2,0.30651
input.sielrun2,input.baseline2,0.65151
input.sielrun3,input.baseline2,0.92760
input.sielrun4,input.baseline2,0.62963
input.SienaCL1B,input.baseline2,0.07249
input.SienaCL31,input.baseline2,0.08520
input.SienaCL342,input.baseline2,0.05145
input.SienaCLbase,input.baseline2,0.52883
input.simfoll,input.baseline2,0.00000
input.simfollTP01,input.baseline2,0.00011
input.sylesNoRes,input.baseline2,0.00109
input.tfTP01,input.baseline2,0.00014
input.udelIndri,input.baseline2,0.18015
input.udelLucene,input.baseline2,0.00000
input.UDMicroComb1,input.baseline2,0.64220
input.UDMicroComb2,input.baseline2,0.17893
input.UDMicroIDF,input.baseline2,0.04615
input.UDMicroIDFD,input.baseline2,0.63303
input.uicir1,input.baseline2,0.12409
input.uicir2,input.baseline2,0.41563
input.UIowaS1,input.baseline2,0.68209
input.UIowaS2,input.baseline2,0.48764
input.UIowaS3,input.baseline2,0.46694
input.UIowaS4,input.baseline2,0.00484
input.uiucsf,input.baseline2,0.00000
input.uogTrLqea,input.baseline2,0.58290
input.uogTrLqeabd,input.baseline2,0.73074
input.uogTrLqeabdd,input.baseline2,0.89705
input.uogTrUB2,input.baseline2,0.74399
input.UTBase,input.baseline2,0.75014
input.UTBaseRTF,input.baseline2,0.00000
input.UTWngFuture,input.baseline2,0.11145
input.UTWngFutureQ,input.baseline2,0.03365
input.waterlooa1,input.baseline2,0.02883
input.waterlooa2,input.baseline2,0.08215
input.waterlooa3,input.baseline2,0.00424
input.waterlooa4,input.baseline2,0.01672
input.WESTfilext,input.baseline2,0.81398
input.WESTfilter,input.baseline2,0.70445
input.WESTrelint,input.baseline2,0.09430
input.WESTrlext,input.baseline2,0.03861
input.Wise2ndRun,input.baseline2,0.00015
input.WiseFifthRun,input.baseline2,0.11561
input.WiseFouthRun,input.baseline2,0.05474
input.WiseThirdRun,input.baseline2,0.00015
input.ya3,input.baseline2,0.10543
input.ya4,input.baseline2,0.15329
input.YNDXTPC1,input.baseline2,0.30923
input.YNDXTPC2,input.baseline2,0.40940
input.Basic,input.baselineBM25,0.00001
input.basicWISTUD,input.baselineBM25,0.00000
input.ciirRun1,input.baselineBM25,0.00000
input.ciirRun2,input.baselineBM25,0.00000
input.ciirRun3,input.baselineBM25,0.00000
input.ciirRun4,input.baselineBM25,0.00000
input.clarity1,input.baselineBM25,0.00000
input.clarity2,input.baselineBM25,0.00000
input.clarity3,input.baselineBM25,0.00000
input.clarity4,input.baselineBM25,0.00000
input.COMMITbase,input.baselineBM25,0.00000
input.COMMITexp,input.baselineBM25,0.00450
input.COMMITfilter,input.baselineBM25,0.00729
input.COMMITlinks,input.baselineBM25,0.00351
input.cyfrun1,input.baselineBM25,0.00000
input.cyfrun2,input.baselineBM25,0.01974
input.dbpWISTUD,input.baselineBM25,0.00000
input.DFReeKLIM,input.baselineBM25,0.00000
input.DFReeKLIM30,input.baselineBM25,0.00000
input.DFReeKLIMDC,input.baselineBM25,0.00000
input.DFReeKLIMRA,input.baselineBM25,0.00000
input.dutirLmFb,input.baselineBM25,0.00000
input.dutirMixFb,input.baselineBM25,0.00000
input.dutirMixSp,input.baselineBM25,0.00000
input.dutirTfidfFb,input.baselineBM25,0.00000
input.EMAX,input.baselineBM25,0.07422
input.FASILKOM01,input.baselineBM25,0.00000
input.FASILKOM02,input.baselineBM25,0.00000
input.FASILKOM03,input.baselineBM25,0.00005
input.FASILKOM04,input.baselineBM25,0.00000
input.FDUNLP,input.baselineBM25,0.00000
input.FDUNLP2,input.baselineBM25,0.00522
input.Google1GNO,input.baselineBM25,0.00000
input.gus,input.baselineBM25,0.05540
input.gust,input.baselineBM25,0.03610
input.gustc,input.baselineBM25,0.03610
input.gut,input.baselineBM25,0.01597
input.hitWId,input.baselineBM25,0.00000
input.hitWIt,input.baselineBM25,0.00000
input.ICTNET11MBR1,input.baselineBM25,0.00000
input.ICTNET11MBR2,input.baselineBM25,0.00000
input.ICTNET11MBR3,input.baselineBM25,0.00000
input.ICTNET11MBR4,input.baselineBM25,0.00000
input.IDEAACTQE,input.baselineBM25,0.00000
input.IDEABASIC,input.baselineBM25,0.00000
input.IDEABASICACT,input.baselineBM25,0.00000
input.IDEABASICQE,input.baselineBM25,0.00000
input.ikmRun1,input.baselineBM25,0.00036
input.InL2c1,input.baselineBM25,0.00040
input.iritfd1,input.baselineBM25,0.00000
input.iritfd2,input.baselineBM25,0.00000
input.IRSIGoogle1G,input.baselineBM25,0.00000
input.IRSIGoogle2G,input.baselineBM25,0.00000
input.isiFD,input.baselineBM25,0.00000
input.isiFDL,input.baselineBM25,0.00000
input.isiFDRM,input.baselineBM25,0.00000
input.isiFDRML,input.baselineBM25,0.00000
input.kanopeRun,input.baselineBM25,0.01602
input.KAUSTBase,input.baselineBM25,0.00273
input.KAUSTExp,input.baselineBM25,0.00823
input.KAUSTExpRrnk,input.baselineBM25,0.00013
input.KAUSTRerank,input.baselineBM25,0.00006
input.LJQO10,input.baselineBM25,0.00000
input.LJQO5,input.baselineBM25,0.00002
input.LMOP10,input.baselineBM25,0.00124
input.LMOP5,input.baselineBM25,0.37910
input.LThresh,input.baselineBM25,0.00562
input.manualWISTUD,input.baselineBM25,0.00000
input.melblt,input.baselineBM25,0.00118
input.MONASH1NEW,input.baselineBM25,0.00001
input.MONASH2NEW,input.baselineBM25,0.00023
input.MorpheusRun1,input.baselineBM25,0.00418
input.mulnewWISTUD,input.baselineBM25,0.00000
input.myRun,input.baselineBM25,0.00006
input.myrun2,input.baselineBM25,0.00000
input.myrun3,input.baselineBM25,0.00000
input.Nestor,input.baselineBM25,0.00585
input.NestorS,input.baselineBM25,0.00839
input.normal,input.baselineBM25,0.00039
input.nQCRIwoTag,input.baselineBM25,0.01058
input.nQCRIwTag,input.baselineBM25,0.00568
input.omarRun,input.baselineBM25,0.07439
input.PKUICST,input.baselineBM25,0.00000
input.PKUICST2,input.baselineBM25,0.00000
input.PKUICST3,input.baselineBM25,0.00000
input.PKUICST4,input.baselineBM25,0.00000
input.PL2Bo1SDExt,input.baselineBM25,0.00068
input.PL2NoQENoDM,input.baselineBM25,0.00144
input.PL2NoQeSd,input.baselineBM25,0.00235
input.PL2NoQeSdExt,input.baselineBM25,0.00063
input.PRISrun1,input.baselineBM25,0.00000
input.PRISrun2,input.baselineBM25,0.00000
input.PRISrun3,input.baselineBM25,0.00000
input.PRISrun4,input.baselineBM25,0.00000
input.QCRIwoTagOrg,input.baselineBM25,0.01058
input.QCRIwTagOrg,input.baselineBM25,0.00568
input.qHtagBaseRun,input.baselineBM25,0.30358
input.qRefLThresh,input.baselineBM25,0.01030
input.refBalRun,input.baselineBM25,0.00420
input.refRelRun,input.baselineBM25,0.00024
input.relevanceRun,input.baselineBM25,0.00002
input.RFD,input.baselineBM25,0.00000
input.ri,input.baselineBM25,0.00000
input.rit,input.baselineBM25,0.00000
input.rit3,input.baselineBM25,0.00035
input.RMITAR,input.baselineBM25,0.00000
input.RMITM,input.baselineBM25,0.00000
input.RMITMR,input.baselineBM25,0.00000
input.RMITMRR,input.baselineBM25,0.00000
input.Rocchio,input.baselineBM25,0.00000
input.RTB,input.baselineBM25,0.00006
input.run1,input.baselineBM25,0.00011
input.run1a,input.baselineBM25,0.14773
input.run1fix,input.baselineBM25,0.00000
input.run2,input.baselineBM25,0.00000
input.run2a,input.baselineBM25,0.32890
input.run3,input.baselineBM25,0.00000
input.run3a,input.baselineBM25,0.98980
input.run4,input.baselineBM25,0.00000
input.run4a,input.baselineBM25,0.93573
input.RunAll,input.baselineBM25,0.02196
input.RunFut,input.baselineBM25,0.02330
input.runNeMIS,input.baselineBM25,0.49478
input.runNeMISext,input.baselineBM25,0.30609
input.RunPure,input.baselineBM25,0.01514
input.scurtuRun1,input.baselineBM25,0.08689
input.sielrun1,input.baselineBM25,0.22310
input.sielrun2,input.baselineBM25,0.07358
input.sielrun3,input.baselineBM25,0.03155
input.sielrun4,input.baselineBM25,0.07864
input.SienaCL1B,input.baselineBM25,0.00005
input.SienaCL31,input.baselineBM25,0.00007
input.SienaCL342,input.baselineBM25,0.00003
input.SienaCLbase,input.baselineBM25,0.00410
input.simfoll,input.baselineBM25,0.00000
input.simfollTP01,input.baselineBM25,0.00000
input.sylesNoRes,input.baselineBM25,0.00000
input.tfTP01,input.baselineBM25,0.00000
input.udelIndri,input.baselineBM25,0.00034
input.udelLucene,input.baselineBM25,0.01799
input.UDMicroComb1,input.baselineBM25,0.07569
input.UDMicroComb2,input.baselineBM25,0.00034
input.UDMicroIDF,input.baselineBM25,0.00002
input.UDMicroIDFD,input.baselineBM25,0.00656
input.uicir1,input.baselineBM25,0.48203
input.uicir2,input.baselineBM25,0.15362
input.UIowaS1,input.baselineBM25,0.00804
input.UIowaS2,input.baselineBM25,0.00334
input.UIowaS3,input.baselineBM25,0.00299
input.UIowaS4,input.baselineBM25,0.00000
input.uiucsf,input.baselineBM25,0.00000
input.uogTrLqea,input.baselineBM25,0.00527
input.uogTrLqeabd,input.baselineBM25,0.00974
input.uogTrLqeabdd,input.baselineBM25,0.01778
input.uogTrUB2,input.baselineBM25,0.05558
input.UTBase,input.baselineBM25,0.01049
input.UTBaseRTF,input.baselineBM25,0.00167
input.UTWngFuture,input.baselineBM25,0.00013
input.UTWngFutureQ,input.baselineBM25,0.00001
input.waterlooa1,input.baselineBM25,0.00001
input.waterlooa2,input.baselineBM25,0.00007
input.waterlooa3,input.baselineBM25,0.00000
input.waterlooa4,input.baselineBM25,0.00000
input.WESTfilext,input.baselineBM25,0.04490
input.WESTfilter,input.baselineBM25,0.00879
input.WESTrelint,input.baselineBM25,0.57022
input.WESTrlext,input.baselineBM25,0.86303
input.Wise2ndRun,input.baselineBM25,0.00000
input.WiseFifthRun,input.baselineBM25,0.00014
input.WiseFouthRun,input.baselineBM25,0.00003
input.WiseThirdRun,input.baselineBM25,0.00000
input.ya3,input.baselineBM25,0.53408
input.ya4,input.baselineBM25,0.41628
input.YNDXTPC1,input.baselineBM25,0.22093
input.YNDXTPC2,input.baselineBM25,0.15680
input.basicWISTUD,input.Basic,0.11010
input.ciirRun1,input.Basic,0.43685
input.ciirRun2,input.Basic,0.07218
input.ciirRun3,input.Basic,0.26295
input.ciirRun4,input.Basic,0.73677
input.clarity1,input.Basic,0.03354
input.clarity2,input.Basic,0.17035
input.clarity3,input.Basic,0.10395
input.clarity4,input.Basic,0.30344
input.COMMITbase,input.Basic,0.00078
input.COMMITexp,input.Basic,0.13064
input.COMMITfilter,input.Basic,0.09512
input.COMMITlinks,input.Basic,0.15191
input.cyfrun1,input.Basic,0.09390
input.cyfrun2,input.Basic,0.04327
input.dbpWISTUD,input.Basic,0.00000
input.DFReeKLIM,input.Basic,0.00000
input.DFReeKLIM30,input.Basic,0.11910
input.DFReeKLIMDC,input.Basic,0.00000
input.DFReeKLIMRA,input.Basic,0.00000
input.dutirLmFb,input.Basic,0.00052
input.dutirMixFb,input.Basic,0.00071
input.dutirMixSp,input.Basic,0.00012
input.dutirTfidfFb,input.Basic,0.25955
input.EMAX,input.Basic,0.00000
input.FASILKOM01,input.Basic,0.75636
input.FASILKOM02,input.Basic,0.45096
input.FASILKOM03,input.Basic,0.78119
input.FASILKOM04,input.Basic,0.34327
input.FDUNLP,input.Basic,0.21418
input.FDUNLP2,input.Basic,0.11901
input.Google1GNO,input.Basic,0.19566
input.gus,input.Basic,0.01483
input.gust,input.Basic,0.02404
input.gustc,input.Basic,0.02404
input.gut,input.Basic,0.05204
input.hitWId,input.Basic,0.00000
input.hitWIt,input.Basic,0.00000
input.ICTNET11MBR1,input.Basic,0.00000
input.ICTNET11MBR2,input.Basic,0.00001
input.ICTNET11MBR3,input.Basic,0.00000
input.ICTNET11MBR4,input.Basic,0.00000
input.IDEAACTQE,input.Basic,0.02190
input.IDEABASIC,input.Basic,0.03226
input.IDEABASICACT,input.Basic,0.03226
input.IDEABASICQE,input.Basic,0.02116
input.ikmRun1,input.Basic,0.43337
input.InL2c1,input.Basic,0.41669
input.iritfd1,input.Basic,0.00073
input.iritfd2,input.Basic,0.00851
input.IRSIGoogle1G,input.Basic,0.10897
input.IRSIGoogle2G,input.Basic,0.25481
input.isiFD,input.Basic,0.67553
input.isiFDL,input.Basic,0.35288
input.isiFDRM,input.Basic,0.17984
input.isiFDRML,input.Basic,0.12028
input.kanopeRun,input.Basic,0.00000
input.KAUSTBase,input.Basic,0.17527
input.KAUSTExp,input.Basic,0.08731
input.KAUSTExpRrnk,input.Basic,0.60348
input.KAUSTRerank,input.Basic,0.73573
input.LJQO10,input.Basic,0.13154
input.LJQO5,input.Basic,0.93383
input.LMOP10,input.Basic,0.26185
input.LMOP5,input.Basic,0.00052
input.LThresh,input.Basic,0.11343
input.manualWISTUD,input.Basic,0.00527
input.melblt,input.Basic,0.26766
input.MONASH1NEW,input.Basic,0.87874
input.MONASH2NEW,input.Basic,0.50446
input.MorpheusRun1,input.Basic,0.00000
input.mulnewWISTUD,input.Basic,0.06175
input.myRun,input.Basic,0.74417
input.myrun2,input.Basic,0.48857
input.myrun3,input.Basic,0.50020
input.Nestor,input.Basic,0.11038
input.NestorS,input.Basic,0.08608
input.normal,input.Basic,0.42016
input.nQCRIwoTag,input.Basic,0.07248
input.nQCRIwTag,input.Basic,0.11262
input.omarRun,input.Basic,0.01023
input.PKUICST,input.Basic,0.00002
input.PKUICST2,input.Basic,0.06272
input.PKUICST3,input.Basic,0.00000
input.PKUICST4,input.Basic,0.00000
input.PL2Bo1SDExt,input.Basic,0.00000
input.PL2NoQENoDM,input.Basic,0.24364
input.PL2NoQeSd,input.Basic,0.19015
input.PL2NoQeSdExt,input.Basic,0.00000
input.PRISrun1,input.Basic,0.00001
input.PRISrun2,input.Basic,0.00000
input.PRISrun3,input.Basic,0.00003
input.PRISrun4,input.Basic,0.00027
input.QCRIwoTagOrg,input.Basic,0.07248
input.QCRIwTagOrg,input.Basic,0.11262
input.qHtagBaseRun,input.Basic,0.00089
input.qRefLThresh,input.Basic,0.07399
input.refBalRun,input.Basic,0.13635
input.refRelRun,input.Basic,0.49652
input.relevanceRun,input.Basic,0.94837
input.RFD,input.Basic,0.41385
input.ri,input.Basic,0.05715
input.rit,input.Basic,0.48293
input.rit3,input.Basic,0.43688
input.RMITAR,input.Basic,0.01730
input.RMITM,input.Basic,0.04148
input.RMITMR,input.Basic,0.02764
input.RMITMRR,input.Basic,0.27249
input.Rocchio,input.Basic,0.48528
input.RTB,input.Basic,0.00000
input.run1,input.Basic,0.62433
input.run1a,input.Basic,0.00000
input.run1fix,input.Basic,0.03312
input.run2,input.Basic,0.00005
input.run2a,input.Basic,0.00000
input.run3,input.Basic,0.00000
input.run3a,input.Basic,0.00001
input.run4,input.Basic,0.00001
input.run4a,input.Basic,0.00001
input.RunAll,input.Basic,0.03927
input.RunFut,input.Basic,0.03718
input.runNeMIS,input.Basic,0.00024
input.runNeMISext,input.Basic,0.00087
input.RunPure,input.Basic,0.05444
input.scurtuRun1,input.Basic,0.00828
input.sielrun1,input.Basic,0.00172
input.sielrun2,input.Basic,0.01037
input.sielrun3,input.Basic,0.02764
input.sielrun4,input.Basic,0.00950
input.SienaCL1B,input.Basic,0.75245
input.SienaCL31,input.Basic,0.69644
input.SienaCL342,input.Basic,0.86994
input.SienaCLbase,input.Basic,0.13844
input.simfoll,input.Basic,0.00545
input.simfollTP01,input.Basic,0.08047
input.sylesNoRes,input.Basic,0.24870
input.tfTP01,input.Basic,0.08921
input.udelIndri,input.Basic,0.44063
input.udelLucene,input.Basic,0.00000
input.UDMicroComb1,input.Basic,0.00999
input.UDMicroComb2,input.Basic,0.44286
input.UDMicroIDF,input.Basic,0.90656
input.UDMicroIDFD,input.Basic,0.10227
input.uicir1,input.Basic,0.00026
input.uicir2,input.Basic,0.00344
input.UIowaS1,input.Basic,0.08879
input.UIowaS2,input.Basic,0.15638
input.UIowaS3,input.Basic,0.16637
input.UIowaS4,input.Basic,0.48017
input.uiucsf,input.Basic,0.00000
input.uogTrLqea,input.Basic,0.11822
input.uogTrLqeabd,input.Basic,0.07718
input.uogTrLqeabdd,input.Basic,0.04747
input.uogTrUB2,input.Basic,0.01477
input.UTBase,input.Basic,0.07298
input.UTBaseRTF,input.Basic,0.00000
input.UTWngFuture,input.Basic,0.60327
input.UTWngFutureQ,input.Basic,0.98975
input.waterlooa1,input.Basic,0.94071
input.waterlooa2,input.Basic,0.70907
input.waterlooa3,input.Basic,0.45416
input.waterlooa4,input.Basic,0.77834
input.WESTfilext,input.Basic,0.01894
input.WESTfilter,input.Basic,0.08325
input.WESTrelint,input.Basic,0.00015
input.WESTrlext,input.Basic,0.00003
input.Wise2ndRun,input.Basic,0.09257
input.WiseFifthRun,input.Basic,0.59059
input.WiseFouthRun,input.Basic,0.84892
input.WiseThirdRun,input.Basic,0.09257
input.ya3,input.Basic,0.00019
input.ya4,input.Basic,0.00040
input.YNDXTPC1,input.Basic,0.00176
input.YNDXTPC2,input.Basic,0.00332
input.ciirRun1,input.basicWISTUD,0.41208
input.ciirRun2,input.basicWISTUD,0.84130
input.ciirRun3,input.basicWISTUD,0.63243
input.ciirRun4,input.basicWISTUD,0.20708
input.clarity1,input.basicWISTUD,0.59762
input.clarity2,input.basicWISTUD,0.82066
input.clarity3,input.basicWISTUD,0.97746
input.clarity4,input.basicWISTUD,0.56957
input.COMMITbase,input.basicWISTUD,0.07829
input.COMMITexp,input.basicWISTUD,0.00188
input.COMMITfilter,input.basicWISTUD,0.00109
input.COMMITlinks,input.basicWISTUD,0.00244
input.cyfrun1,input.basicWISTUD,0.93829
input.cyfrun2,input.basicWISTUD,0.00030
input.dbpWISTUD,input.basicWISTUD,0.00001
input.DFReeKLIM,input.basicWISTUD,0.00000
input.DFReeKLIM30,input.basicWISTUD,0.96874
input.DFReeKLIMDC,input.basicWISTUD,0.00119
input.DFReeKLIMRA,input.basicWISTUD,0.00185
input.dutirLmFb,input.basicWISTUD,0.06108
input.dutirMixFb,input.basicWISTUD,0.07374
input.dutirMixSp,input.basicWISTUD,0.02402
input.dutirTfidfFb,input.basicWISTUD,0.63814
input.EMAX,input.basicWISTUD,0.00000
input.FASILKOM01,input.basicWISTUD,0.19792
input.FASILKOM02,input.basicWISTUD,0.39870
input.FASILKOM03,input.basicWISTUD,0.06072
input.FASILKOM04,input.basicWISTUD,0.51566
input.FDUNLP,input.basicWISTUD,0.72213
input.FDUNLP2,input.basicWISTUD,0.00160
input.Google1GNO,input.basicWISTUD,0.76131
input.gus,input.basicWISTUD,0.00005
input.gust,input.basicWISTUD,0.00012
input.gustc,input.basicWISTUD,0.00012
input.gut,input.basicWISTUD,0.00040
input.hitWId,input.basicWISTUD,0.00003
input.hitWIt,input.basicWISTUD,0.00003
input.ICTNET11MBR1,input.basicWISTUD,0.00000
input.ICTNET11MBR2,input.basicWISTUD,0.00433
input.ICTNET11MBR3,input.basicWISTUD,0.00000
input.ICTNET11MBR4,input.basicWISTUD,0.00000
input.IDEAACTQE,input.basicWISTUD,0.48752
input.IDEABASIC,input.basicWISTUD,0.58688
input.IDEABASICACT,input.basicWISTUD,0.58688
input.IDEABASICQE,input.basicWISTUD,0.47932
input.ikmRun1,input.basicWISTUD,0.01726
input.InL2c1,input.basicWISTUD,0.01596
input.iritfd1,input.basicWISTUD,0.07511
input.iritfd2,input.basicWISTUD,0.30140
input.IRSIGoogle1G,input.basicWISTUD,0.99595
input.IRSIGoogle2G,input.basicWISTUD,0.64623
input.isiFD,input.basicWISTUD,0.23832
input.isiFDL,input.basicWISTUD,0.50366
input.isiFDRM,input.basicWISTUD,0.79756
input.isiFDRML,input.basicWISTUD,0.96479
input.kanopeRun,input.basicWISTUD,0.00000
input.KAUSTBase,input.basicWISTUD,0.00314
input.KAUSTExp,input.basicWISTUD,0.00094
input.KAUSTExpRrnk,input.basicWISTUD,0.03425
input.KAUSTRerank,input.basicWISTUD,0.05296
input.LJQO10,input.basicWISTUD,0.92851
input.LJQO5,input.basicWISTUD,0.09280
input.LMOP10,input.basicWISTUD,0.00653
input.LMOP5,input.basicWISTUD,0.00000
input.LThresh,input.basicWISTUD,0.00147
input.manualWISTUD,input.basicWISTUD,0.23320
input.melblt,input.basicWISTUD,0.00681
input.MONASH1NEW,input.basicWISTUD,0.14840
input.MONASH2NEW,input.basicWISTUD,0.02350
input.MorpheusRun1,input.basicWISTUD,0.00000
input.mulnewWISTUD,input.basicWISTUD,0.78692
input.myRun,input.basicWISTUD,0.05434
input.myrun2,input.basicWISTUD,0.36537
input.myrun3,input.basicWISTUD,0.35570
input.Nestor,input.basicWISTUD,0.00140
input.NestorS,input.basicWISTUD,0.00092
input.normal,input.basicWISTUD,0.01622
input.nQCRIwoTag,input.basicWISTUD,0.00069
input.nQCRIwTag,input.basicWISTUD,0.00145
input.omarRun,input.basicWISTUD,0.00003
input.PKUICST,input.basicWISTUD,0.00703
input.PKUICST2,input.basicWISTUD,0.79226
input.PKUICST3,input.basicWISTUD,0.00010
input.PKUICST4,input.basicWISTUD,0.00000
input.PL2Bo1SDExt,input.basicWISTUD,0.00000
input.PL2NoQENoDM,input.basicWISTUD,0.00572
input.PL2NoQeSd,input.basicWISTUD,0.00364
input.PL2NoQeSdExt,input.basicWISTUD,0.00000
input.PRISrun1,input.basicWISTUD,0.00309
input.PRISrun2,input.basicWISTUD,0.00000
input.PRISrun3,input.basicWISTUD,0.00939
input.PRISrun4,input.basicWISTUD,0.04054
input.QCRIwoTagOrg,input.basicWISTUD,0.00069
input.QCRIwTagOrg,input.basicWISTUD,0.00145
input.qHtagBaseRun,input.basicWISTUD,0.00000
input.qRefLThresh,input.basicWISTUD,0.00071
input.refBalRun,input.basicWISTUD,0.00202
input.refRelRun,input.basicWISTUD,0.02274
input.relevanceRun,input.basicWISTUD,0.09641
input.RFD,input.basicWISTUD,0.43502
input.ri,input.basicWISTUD,0.76081
input.rit,input.basicWISTUD,0.37017
input.rit3,input.basicWISTUD,0.01754
input.RMITAR,input.basicWISTUD,0.43397
input.RMITM,input.basicWISTUD,0.65923
input.RMITMR,input.basicWISTUD,0.54549
input.RMITMRR,input.basicWISTUD,0.61679
input.Rocchio,input.basicWISTUD,0.36816
input.RTB,input.basicWISTUD,0.00000
input.run1,input.basicWISTUD,0.03684
input.run1a,input.basicWISTUD,0.00000
input.run1fix,input.basicWISTUD,0.59414
input.run2,input.basicWISTUD,0.01485
input.run2a,input.basicWISTUD,0.00000
input.run3,input.basicWISTUD,0.00022
input.run3a,input.basicWISTUD,0.00000
input.run4,input.basicWISTUD,0.00447
input.run4a,input.basicWISTUD,0.00000
input.RunAll,input.basicWISTUD,0.00025
input.RunFut,input.basicWISTUD,0.00023
input.runNeMIS,input.basicWISTUD,0.00000
input.runNeMISext,input.basicWISTUD,0.00000
input.RunPure,input.basicWISTUD,0.00043
input.scurtuRun1,input.basicWISTUD,0.00002
input.sielrun1,input.basicWISTUD,0.00000
input.sielrun2,input.basicWISTUD,0.00003
input.sielrun3,input.basicWISTUD,0.00014
input.sielrun4,input.basicWISTUD,0.00003
input.SienaCL1B,input.basicWISTUD,0.05573
input.SienaCL31,input.basicWISTUD,0.04682
input.SienaCL342,input.basicWISTUD,0.07815
input.SienaCLbase,input.basicWISTUD,0.00207
input.simfoll,input.basicWISTUD,0.23747
input.simfollTP01,input.basicWISTUD,0.88063
input.sylesNoRes,input.basicWISTUD,0.65686
input.tfTP01,input.basicWISTUD,0.91892
input.udelIndri,input.basicWISTUD,0.01784
input.udelLucene,input.basicWISTUD,0.00000
input.UDMicroComb1,input.basicWISTUD,0.00003
input.UDMicroComb2,input.basicWISTUD,0.01802
input.UDMicroIDF,input.basicWISTUD,0.08632
input.UDMicroIDFD,input.basicWISTUD,0.00123
input.uicir1,input.basicWISTUD,0.00000
input.uicir2,input.basicWISTUD,0.00001
input.UIowaS1,input.basicWISTUD,0.00097
input.UIowaS2,input.basicWISTUD,0.00257
input.UIowaS3,input.basicWISTUD,0.00287
input.UIowaS4,input.basicWISTUD,0.37253
input.uiucsf,input.basicWISTUD,0.00000
input.uogTrLqea,input.basicWISTUD,0.00158
input.uogTrLqeabd,input.basicWISTUD,0.00077
input.uogTrLqeabdd,input.basicWISTUD,0.00034
input.uogTrUB2,input.basicWISTUD,0.00005
input.UTBase,input.basicWISTUD,0.00070
input.UTBaseRTF,input.basicWISTUD,0.00000
input.UTWngFuture,input.basicWISTUD,0.03422
input.UTWngFutureQ,input.basicWISTUD,0.11298
input.waterlooa1,input.basicWISTUD,0.12766
input.waterlooa2,input.basicWISTUD,0.04874
input.waterlooa3,input.basicWISTUD,0.39573
input.waterlooa4,input.basicWISTUD,0.18808
input.WESTfilext,input.basicWISTUD,0.00008
input.WESTfilter,input.basicWISTUD,0.00087
input.WESTrelint,input.basicWISTUD,0.00000
input.WESTrlext,input.basicWISTUD,0.00000
input.Wise2ndRun,input.basicWISTUD,0.93288
input.WiseFifthRun,input.basicWISTUD,0.03270
input.WiseFouthRun,input.basicWISTUD,0.07373
input.WiseThirdRun,input.basicWISTUD,0.93288
input.ya3,input.basicWISTUD,0.00000
input.ya4,input.basicWISTUD,0.00000
input.YNDXTPC1,input.basicWISTUD,0.00000
input.YNDXTPC2,input.basicWISTUD,0.00001
input.ciirRun2,input.ciirRun1,0.30750
input.ciirRun3,input.ciirRun1,0.73240
input.ciirRun4,input.ciirRun1,0.65893
input.clarity1,input.ciirRun1,0.17764
input.clarity2,input.ciirRun1,0.55282
input.clarity3,input.ciirRun1,0.39616
input.clarity4,input.ciirRun1,0.80139
input.COMMITbase,input.ciirRun1,0.00985
input.COMMITexp,input.ciirRun1,0.02207
input.COMMITfilter,input.ciirRun1,0.01443
input.COMMITlinks,input.ciirRun1,0.02708
input.cyfrun1,input.ciirRun1,0.36937
input.cyfrun2,input.ciirRun1,0.00513
input.dbpWISTUD,input.ciirRun1,0.00000
input.DFReeKLIM,input.ciirRun1,0.00000
input.DFReeKLIM30,input.ciirRun1,0.43477
input.DFReeKLIMDC,input.ciirRun1,0.00005
input.DFReeKLIMRA,input.ciirRun1,0.00008
input.dutirLmFb,input.ciirRun1,0.00708
input.dutirMixFb,input.ciirRun1,0.00910
input.dutirMixSp,input.ciirRun1,0.00209
input.dutirTfidfFb,input.ciirRun1,0.72639
input.EMAX,input.ciirRun1,0.00000
input.FASILKOM01,input.ciirRun1,0.64032
input.FASILKOM02,input.ciirRun1,0.98108
input.FASILKOM03,input.ciirRun1,0.29129
input.FASILKOM04,input.ciirRun1,0.86486
input.FDUNLP,input.ciirRun1,0.64220
input.FDUNLP2,input.ciirRun1,0.01947
input.Google1GNO,input.ciirRun1,0.60552
input.gus,input.ciirRun1,0.00131
input.gust,input.ciirRun1,0.00241
input.gustc,input.ciirRun1,0.00241
input.gut,input.ciirRun1,0.00652
input.hitWId,input.ciirRun1,0.00000
input.hitWIt,input.ciirRun1,0.00000
input.ICTNET11MBR1,input.ciirRun1,0.00000
input.ICTNET11MBR2,input.ciirRun1,0.00024
input.ICTNET11MBR3,input.ciirRun1,0.00000
input.ICTNET11MBR4,input.ciirRun1,0.00000
input.IDEAACTQE,input.ciirRun1,0.12990
input.IDEABASIC,input.ciirRun1,0.17269
input.IDEABASICACT,input.ciirRun1,0.17269
input.IDEABASICQE,input.ciirRun1,0.12660
input.ikmRun1,input.ciirRun1,0.11853
input.InL2c1,input.ciirRun1,0.11190
input.iritfd1,input.ciirRun1,0.00932
input.iritfd2,input.ciirRun1,0.06379
input.IRSIGoogle1G,input.ciirRun1,0.40919
input.IRSIGoogle2G,input.ciirRun1,0.71793
input.isiFD,input.ciirRun1,0.71963
input.isiFDL,input.ciirRun1,0.87959
input.isiFDRM,input.ciirRun1,0.57294
input.isiFDRML,input.ciirRun1,0.43769
input.kanopeRun,input.ciirRun1,0.00000
input.KAUSTBase,input.ciirRun1,0.03292
input.KAUSTExp,input.ciirRun1,0.01287
input.KAUSTExpRrnk,input.ciirRun1,0.19465
input.KAUSTRerank,input.ciirRun1,0.26484
input.LJQO10,input.ciirRun1,0.46508
input.LJQO5,input.ciirRun1,0.38948
input.LMOP10,input.ciirRun1,0.05749
input.LMOP5,input.ciirRun1,0.00002
input.LThresh,input.ciirRun1,0.01825
input.manualWISTUD,input.ciirRun1,0.04418
input.melblt,input.ciirRun1,0.05930
input.MONASH1NEW,input.ciirRun1,0.53200
input.MONASH2NEW,input.ciirRun1,0.14845
input.MorpheusRun1,input.ciirRun1,0.00000
input.mulnewWISTUD,input.ciirRun1,0.27547
input.myRun,input.ciirRun1,0.26965
input.myrun2,input.ciirRun1,0.93231
input.myrun3,input.ciirRun1,0.91769
input.Nestor,input.ciirRun1,0.01759
input.NestorS,input.ciirRun1,0.01263
input.normal,input.ciirRun1,0.11327
input.nQCRIwoTag,input.ciirRun1,0.01006
input.nQCRIwTag,input.ciirRun1,0.01808
input.omarRun,input.ciirRun1,0.00082
input.PKUICST,input.ciirRun1,0.00044
input.PKUICST2,input.ciirRun1,0.27854
input.PKUICST3,input.ciirRun1,0.00000
input.PKUICST4,input.ciirRun1,0.00000
input.PL2Bo1SDExt,input.ciirRun1,0.00000
input.PL2NoQENoDM,input.ciirRun1,0.05196
input.PL2NoQeSd,input.ciirRun1,0.03683
input.PL2NoQeSdExt,input.ciirRun1,0.00000
input.PRISrun1,input.ciirRun1,0.00016
input.PRISrun2,input.ciirRun1,0.00000
input.PRISrun3,input.ciirRun1,0.00063
input.PRISrun4,input.ciirRun1,0.00412
input.QCRIwoTagOrg,input.ciirRun1,0.01006
input.QCRIwTagOrg,input.ciirRun1,0.01808
input.qHtagBaseRun,input.ciirRun1,0.00004
input.qRefLThresh,input.ciirRun1,0.01034
input.refBalRun,input.ciirRun1,0.02339
input.refRelRun,input.ciirRun1,0.14498
input.relevanceRun,input.ciirRun1,0.39963
input.RFD,input.ciirRun1,0.96841
input.ri,input.ciirRun1,0.26074
input.rit,input.ciirRun1,0.93948
input.rit3,input.ciirRun1,0.11995
input.RMITAR,input.ciirRun1,0.10901
input.RMITM,input.ciirRun1,0.20723
input.RMITMR,input.ciirRun1,0.15422
input.RMITMRR,input.ciirRun1,0.74910
input.Rocchio,input.ciirRun1,0.93649
input.RTB,input.ciirRun1,0.00000
input.run1,input.ciirRun1,0.20507
input.run1a,input.ciirRun1,0.00000
input.run1fix,input.ciirRun1,0.17603
input.run2,input.ciirRun1,0.00113
input.run2a,input.ciirRun1,0.00000
input.run3,input.ciirRun1,0.00001
input.run3a,input.ciirRun1,0.00000
input.run4,input.ciirRun1,0.00025
input.run4a,input.ciirRun1,0.00000
input.RunAll,input.ciirRun1,0.00453
input.RunFut,input.ciirRun1,0.00422
input.runNeMIS,input.ciirRun1,0.00001
input.runNeMISext,input.ciirRun1,0.00004
input.RunPure,input.ciirRun1,0.00692
input.scurtuRun1,input.ciirRun1,0.00063
input.sielrun1,input.ciirRun1,0.00009
input.sielrun2,input.ciirRun1,0.00084
input.sielrun3,input.ciirRun1,0.00288
input.sielrun4,input.ciirRun1,0.00075
input.SienaCL1B,input.ciirRun1,0.27442
input.SienaCL31,input.ciirRun1,0.24294
input.SienaCL342,input.ciirRun1,0.34657
input.SienaCLbase,input.ciirRun1,0.02387
input.simfoll,input.ciirRun1,0.04533
input.simfollTP01,input.ciirRun1,0.33184
input.sylesNoRes,input.ciirRun1,0.70693
input.tfTP01,input.ciirRun1,0.35651
input.udelIndri,input.ciirRun1,0.12146
input.udelLucene,input.ciirRun1,0.00000
input.UDMicroComb1,input.ciirRun1,0.00080
input.UDMicroComb2,input.ciirRun1,0.12237
input.UDMicroIDF,input.ciirRun1,0.37084
input.UDMicroIDFD,input.ciirRun1,0.01589
input.uicir1,input.ciirRun1,0.00001
input.uicir2,input.ciirRun1,0.00021
input.UIowaS1,input.ciirRun1,0.01316
input.UIowaS2,input.ciirRun1,0.02817
input.UIowaS3,input.ciirRun1,0.03066
input.UIowaS4,input.ciirRun1,0.94300
input.uiucsf,input.ciirRun1,0.00000
input.uogTrLqea,input.ciirRun1,0.01929
input.uogTrLqeabd,input.ciirRun1,0.01093
input.uogTrLqeabdd,input.ciirRun1,0.00579
input.uogTrUB2,input.ciirRun1,0.00130
input.UTBase,input.ciirRun1,0.01015
input.UTBaseRTF,input.ciirRun1,0.00000
input.UTWngFuture,input.ciirRun1,0.19455
input.UTWngFutureQ,input.ciirRun1,0.44446
input.waterlooa1,input.ciirRun1,0.48196
input.waterlooa2,input.ciirRun1,0.24988
input.waterlooa3,input.ciirRun1,0.97684
input.waterlooa4,input.ciirRun1,0.61986
input.WESTfilext,input.ciirRun1,0.00178
input.WESTfilter,input.ciirRun1,0.01209
input.WESTrelint,input.ciirRun1,0.00001
input.WESTrlext,input.ciirRun1,0.00000
input.Wise2ndRun,input.ciirRun1,0.36575
input.WiseFifthRun,input.ciirRun1,0.18834
input.WiseFouthRun,input.ciirRun1,0.33303
input.WiseThirdRun,input.ciirRun1,0.36575
input.ya3,input.ciirRun1,0.00001
input.ya4,input.ciirRun1,0.00002
input.YNDXTPC1,input.ciirRun1,0.00009
input.YNDXTPC2,input.ciirRun1,0.00020
input.ciirRun3,input.ciirRun2,0.49743
input.ciirRun4,input.ciirRun2,0.14378
input.clarity1,input.ciirRun2,0.74322
input.clarity2,input.ciirRun2,0.66943
input.clarity3,input.ciirRun2,0.86345
input.clarity4,input.ciirRun2,0.44194
input.COMMITbase,input.ciirRun2,0.11864
input.COMMITexp,input.ciirRun2,0.00093
input.COMMITfilter,input.ciirRun2,0.00053
input.COMMITlinks,input.ciirRun2,0.00123
input.cyfrun1,input.ciirRun2,0.90225
input.cyfrun2,input.ciirRun2,0.00013
input.dbpWISTUD,input.ciirRun2,0.00002
input.DFReeKLIM,input.ciirRun2,0.00000
input.DFReeKLIM30,input.ciirRun2,0.81078
input.DFReeKLIMDC,input.ciirRun2,0.00235
input.DFReeKLIMRA,input.ciirRun2,0.00358
input.dutirLmFb,input.ciirRun2,0.09439
input.dutirMixFb,input.ciirRun2,0.11229
input.dutirMixSp,input.ciirRun2,0.03973
input.dutirTfidfFb,input.ciirRun2,0.50251
input.EMAX,input.ciirRun2,0.00000
input.FASILKOM01,input.ciirRun2,0.13682
input.FASILKOM02,input.ciirRun2,0.29640
input.FASILKOM03,input.ciirRun2,0.03792
input.FASILKOM04,input.ciirRun2,0.39517
input.FDUNLP,input.ciirRun2,0.57832
input.FDUNLP2,input.ciirRun2,0.00079
input.Google1GNO,input.ciirRun2,0.61427
input.gus,input.ciirRun2,0.00002
input.gust,input.ciirRun2,0.00005
input.gustc,input.ciirRun2,0.00005
input.gut,input.ciirRun2,0.00018
input.hitWId,input.ciirRun2,0.00007
input.hitWIt,input.ciirRun2,0.00006
input.ICTNET11MBR1,input.ciirRun2,0.00000
input.ICTNET11MBR2,input.ciirRun2,0.00798
input.ICTNET11MBR3,input.ciirRun2,0.00000
input.ICTNET11MBR4,input.ciirRun2,0.00000
input.IDEAACTQE,input.ciirRun2,0.62129
input.IDEABASIC,input.ciirRun2,0.73150
input.IDEABASICACT,input.ciirRun2,0.73150
input.IDEABASICQE,input.ciirRun2,0.61204
input.ikmRun1,input.ciirRun2,0.00984
input.InL2c1,input.ciirRun2,0.00905
input.iritfd1,input.ciirRun2,0.11421
input.iritfd2,input.ciirRun2,0.40473
input.IRSIGoogle1G,input.ciirRun2,0.84527
input.IRSIGoogle2G,input.ciirRun2,0.50974
input.isiFD,input.ciirRun2,0.16776
input.isiFDL,input.ciirRun2,0.38486
input.isiFDRM,input.ciirRun2,0.64786
input.isiFDRML,input.ciirRun2,0.80694
input.kanopeRun,input.ciirRun2,0.00000
input.KAUSTBase,input.ciirRun2,0.00161
input.KAUSTExp,input.ciirRun2,0.00045
input.KAUSTExpRrnk,input.ciirRun2,0.02048
input.KAUSTRerank,input.ciirRun2,0.03272
input.LJQO10,input.ciirRun2,0.77185
input.LJQO5,input.ciirRun2,0.05997
input.LMOP10,input.ciirRun2,0.00350
input.LMOP5,input.ciirRun2,0.00000
input.LThresh,input.ciirRun2,0.00072
input.manualWISTUD,input.ciirRun2,0.32124
input.melblt,input.ciirRun2,0.00366
input.MONASH1NEW,input.ciirRun2,0.09988
input.MONASH2NEW,input.ciirRun2,0.01368
input.MorpheusRun1,input.ciirRun2,0.00000
input.mulnewWISTUD,input.ciirRun2,0.94414
input.myRun,input.ciirRun2,0.03364
input.myrun2,input.ciirRun2,0.26898
input.myrun3,input.ciirRun2,0.26109
input.Nestor,input.ciirRun2,0.00069
input.NestorS,input.ciirRun2,0.00044
input.normal,input.ciirRun2,0.00921
input.nQCRIwoTag,input.ciirRun2,0.00033
input.nQCRIwTag,input.ciirRun2,0.00071
input.omarRun,input.ciirRun2,0.00001
input.PKUICST,input.ciirRun2,0.01259
input.PKUICST2,input.ciirRun2,0.94965
input.PKUICST3,input.ciirRun2,0.00022
input.PKUICST4,input.ciirRun2,0.00000
input.PL2Bo1SDExt,input.ciirRun2,0.00000
input.PL2NoQENoDM,input.ciirRun2,0.00304
input.PL2NoQeSd,input.ciirRun2,0.00188
input.PL2NoQeSdExt,input.ciirRun2,0.00000
input.PRISrun1,input.ciirRun2,0.00581
input.PRISrun2,input.ciirRun2,0.00000
input.PRISrun3,input.ciirRun2,0.01652
input.PRISrun4,input.ciirRun2,0.06460
input.QCRIwoTagOrg,input.ciirRun2,0.00033
input.QCRIwTagOrg,input.ciirRun2,0.00071
input.qHtagBaseRun,input.ciirRun2,0.00000
input.qRefLThresh,input.ciirRun2,0.00034
input.refBalRun,input.ciirRun2,0.00101
input.refRelRun,input.ciirRun2,0.01321
input.relevanceRun,input.ciirRun2,0.06250
input.RFD,input.ciirRun2,0.32666
input.ri,input.ciirRun2,0.91703
input.rit,input.ciirRun2,0.27290
input.rit3,input.ciirRun2,0.01001
input.RMITAR,input.ciirRun2,0.56044
input.RMITM,input.ciirRun2,0.80976
input.RMITMR,input.ciirRun2,0.68600
input.RMITMRR,input.ciirRun2,0.48352
input.Rocchio,input.ciirRun2,0.27126
input.RTB,input.ciirRun2,0.00000
input.run1,input.ciirRun2,0.02215
input.run1a,input.ciirRun2,0.00000
input.run1fix,input.ciirRun2,0.73943
input.run2,input.ciirRun2,0.02537
input.run2a,input.ciirRun2,0.00000
input.run3,input.ciirRun2,0.00047
input.run3a,input.ciirRun2,0.00000
input.run4,input.ciirRun2,0.00823
input.run4a,input.ciirRun2,0.00000
input.RunAll,input.ciirRun2,0.00011
input.RunFut,input.ciirRun2,0.00010
input.runNeMIS,input.ciirRun2,0.00000
input.runNeMISext,input.ciirRun2,0.00000
input.RunPure,input.ciirRun2,0.00020
input.scurtuRun1,input.ciirRun2,0.00001
input.sielrun1,input.ciirRun2,0.00000
input.sielrun2,input.ciirRun2,0.00001
input.sielrun3,input.ciirRun2,0.00006
input.sielrun4,input.ciirRun2,0.00001
input.SienaCL1B,input.ciirRun2,0.03457
input.SienaCL31,input.ciirRun2,0.02866
input.SienaCL342,input.ciirRun2,0.04979
input.SienaCLbase,input.ciirRun2,0.00104
input.simfoll,input.ciirRun2,0.32654
input.simfollTP01,input.ciirRun2,0.96008
input.sylesNoRes,input.ciirRun2,0.51926
input.tfTP01,input.ciirRun2,0.92158
input.udelIndri,input.ciirRun2,0.01020
input.udelLucene,input.ciirRun2,0.00000
input.UDMicroComb1,input.ciirRun2,0.00001
input.UDMicroComb2,input.ciirRun2,0.01031
input.UDMicroIDF,input.ciirRun2,0.05544
input.UDMicroIDFD,input.ciirRun2,0.00060
input.uicir1,input.ciirRun2,0.00000
input.uicir2,input.ciirRun2,0.00000
input.UIowaS1,input.ciirRun2,0.00047
input.UIowaS2,input.ciirRun2,0.00130
input.UIowaS3,input.ciirRun2,0.00146
input.UIowaS4,input.ciirRun2,0.27484
input.uiucsf,input.ciirRun2,0.00000
input.uogTrLqea,input.ciirRun2,0.00078
input.uogTrLqeabd,input.ciirRun2,0.00036
input.uogTrLqeabdd,input.ciirRun2,0.00016
input.uogTrUB2,input.ciirRun2,0.00002
input.UTBase,input.ciirRun2,0.00033
input.UTBaseRTF,input.ciirRun2,0.00000
input.UTWngFuture,input.ciirRun2,0.02047
input.UTWngFutureQ,input.ciirRun2,0.07424
input.waterlooa1,input.ciirRun2,0.08478
input.waterlooa2,input.ciirRun2,0.02992
input.waterlooa3,input.ciirRun2,0.29395
input.waterlooa4,input.ciirRun2,0.12939
input.WESTfilext,input.ciirRun2,0.00003
input.WESTfilter,input.ciirRun2,0.00042
input.WESTrelint,input.ciirRun2,0.00000
input.WESTrlext,input.ciirRun2,0.00000
input.Wise2ndRun,input.ciirRun2,0.90765
input.WiseFifthRun,input.ciirRun2,0.01949
input.WiseFouthRun,input.ciirRun2,0.04676
input.WiseThirdRun,input.ciirRun2,0.90765
input.ya3,input.ciirRun2,0.00000
input.ya4,input.ciirRun2,0.00000
input.YNDXTPC1,input.ciirRun2,0.00000
input.YNDXTPC2,input.ciirRun2,0.00000
input.ciirRun4,input.ciirRun3,0.43344
input.clarity1,input.ciirRun3,0.31435
input.clarity2,input.ciirRun3,0.80134
input.clarity3,input.ciirRun3,0.61246
input.clarity4,input.ciirRun3,0.92798
input.COMMITbase,input.ciirRun3,0.02515
input.COMMITexp,input.ciirRun3,0.00851
input.COMMITfilter,input.ciirRun3,0.00530
input.COMMITlinks,input.ciirRun3,0.01070
input.cyfrun1,input.ciirRun3,0.57840
input.cyfrun2,input.ciirRun3,0.00169
input.dbpWISTUD,input.ciirRun3,0.00000
input.DFReeKLIM,input.ciirRun3,0.00000
input.DFReeKLIM30,input.ciirRun3,0.66057
input.DFReeKLIMDC,input.ciirRun3,0.00020
input.DFReeKLIMRA,input.ciirRun3,0.00033
input.dutirLmFb,input.ciirRun3,0.01871
input.dutirMixFb,input.ciirRun3,0.02342
input.dutirMixSp,input.ciirRun3,0.00624
input.dutirTfidfFb,input.ciirRun3,0.99361
input.EMAX,input.ciirRun3,0.00000
input.FASILKOM01,input.ciirRun3,0.41841
input.FASILKOM02,input.ciirRun3,0.71463
input.FASILKOM03,input.ciirRun3,0.16234
input.FASILKOM04,input.ciirRun3,0.86364
input.FDUNLP,input.ciirRun3,0.90235
input.FDUNLP2,input.ciirRun3,0.00740
input.Google1GNO,input.ciirRun3,0.86143
input.gus,input.ciirRun3,0.00038
input.gust,input.ciirRun3,0.00074
input.gustc,input.ciirRun3,0.00074
input.gut,input.ciirRun3,0.00220
input.hitWId,input.ciirRun3,0.00000
input.hitWIt,input.ciirRun3,0.00000
input.ICTNET11MBR1,input.ciirRun3,0.00000
input.ICTNET11MBR2,input.ciirRun3,0.00086
input.ICTNET11MBR3,input.ciirRun3,0.00000
input.ICTNET11MBR4,input.ciirRun3,0.00000
input.IDEAACTQE,input.ciirRun3,0.24097
input.IDEABASIC,input.ciirRun3,0.30694
input.IDEABASICACT,input.ciirRun3,0.30694
input.IDEABASICQE,input.ciirRun3,0.23574
input.ikmRun1,input.ciirRun3,0.05705
input.InL2c1,input.ciirRun3,0.05341
input.iritfd1,input.ciirRun3,0.02394
input.iritfd2,input.ciirRun3,0.13060
input.IRSIGoogle1G,input.ciirRun3,0.62882
input.IRSIGoogle2G,input.ciirRun3,0.98461
input.isiFD,input.ciirRun3,0.48338
input.isiFDL,input.ciirRun3,0.84897
input.isiFDRM,input.ciirRun3,0.82447
input.isiFDRML,input.ciirRun3,0.66417
input.kanopeRun,input.ciirRun3,0.00000
input.KAUSTBase,input.ciirRun3,0.01333
input.KAUSTExp,input.ciirRun3,0.00467
input.KAUSTExpRrnk,input.ciirRun3,0.10124
input.KAUSTRerank,input.ciirRun3,0.14513
input.LJQO10,input.ciirRun3,0.69758
input.LJQO5,input.ciirRun3,0.22917
input.LMOP10,input.ciirRun3,0.02499
input.LMOP5,input.ciirRun3,0.00000
input.LThresh,input.ciirRun3,0.00688
input.manualWISTUD,input.ciirRun3,0.09483
input.melblt,input.ciirRun3,0.02589
input.MONASH1NEW,input.ciirRun3,0.33360
input.MONASH2NEW,input.ciirRun3,0.07395
input.MorpheusRun1,input.ciirRun3,0.00000
input.mulnewWISTUD,input.ciirRun3,0.45409
input.myRun,input.ciirRun3,0.14823
input.myrun2,input.ciirRun3,0.66947
input.myrun3,input.ciirRun3,0.65612
input.Nestor,input.ciirRun3,0.00661
input.NestorS,input.ciirRun3,0.00457
input.normal,input.ciirRun3,0.05415
input.nQCRIwoTag,input.ciirRun3,0.00355
input.nQCRIwTag,input.ciirRun3,0.00681
input.omarRun,input.ciirRun3,0.00023
input.PKUICST,input.ciirRun3,0.00151
input.PKUICST2,input.ciirRun3,0.45828
input.PKUICST3,input.ciirRun3,0.00001
input.PKUICST4,input.ciirRun3,0.00000
input.PL2Bo1SDExt,input.ciirRun3,0.00000
input.PL2NoQENoDM,input.ciirRun3,0.02229
input.PL2NoQeSd,input.ciirRun3,0.01512
input.PL2NoQeSdExt,input.ciirRun3,0.00000
input.PRISrun1,input.ciirRun3,0.00059
input.PRISrun2,input.ciirRun3,0.00000
input.PRISrun3,input.ciirRun3,0.00210
input.PRISrun4,input.ciirRun3,0.01152
input.QCRIwoTagOrg,input.ciirRun3,0.00355
input.QCRIwTagOrg,input.ciirRun3,0.00681
input.qHtagBaseRun,input.ciirRun3,0.00001
input.qRefLThresh,input.ciirRun3,0.00366
input.refBalRun,input.ciirRun3,0.00908
input.refRelRun,input.ciirRun3,0.07195
input.relevanceRun,input.ciirRun3,0.23633
input.RFD,input.ciirRun3,0.76240
input.ri,input.ciirRun3,0.43379
input.rit,input.ciirRun3,0.67605
input.rit3,input.ciirRun3,0.05784
input.RMITAR,input.ciirRun3,0.20741
input.RMITM,input.ciirRun3,0.35795
input.RMITMR,input.ciirRun3,0.27888
input.RMITMRR,input.ciirRun3,0.98237
input.Rocchio,input.ciirRun3,0.67330
input.RTB,input.ciirRun3,0.00000
input.run1,input.ciirRun3,0.10758
input.run1a,input.ciirRun3,0.00000
input.run1fix,input.ciirRun3,0.31194
input.run2,input.ciirRun3,0.00357
input.run2a,input.ciirRun3,0.00000
input.run3,input.ciirRun3,0.00003
input.run3a,input.ciirRun3,0.00000
input.run4,input.ciirRun3,0.00090
input.run4a,input.ciirRun3,0.00000
input.RunAll,input.ciirRun3,0.00147
input.RunFut,input.ciirRun3,0.00136
input.runNeMIS,input.ciirRun3,0.00000
input.runNeMISext,input.ciirRun3,0.00001
input.RunPure,input.ciirRun3,0.00234
input.scurtuRun1,input.ciirRun3,0.00017
input.sielrun1,input.ciirRun3,0.00002
input.sielrun2,input.ciirRun3,0.00023
input.sielrun3,input.ciirRun3,0.00089
input.sielrun4,input.ciirRun3,0.00020
input.SienaCL1B,input.ciirRun3,0.15133
input.SienaCL31,input.ciirRun3,0.13115
input.SienaCL342,input.ciirRun3,0.19942
input.SienaCLbase,input.ciirRun3,0.00929
input.simfoll,input.ciirRun3,0.09698
input.simfollTP01,input.ciirRun3,0.52969
input.sylesNoRes,input.ciirRun3,0.97284
input.tfTP01,input.ciirRun3,0.56185
input.udelIndri,input.ciirRun3,0.05868
input.udelLucene,input.ciirRun3,0.00000
input.UDMicroComb1,input.ciirRun3,0.00022
input.UDMicroComb2,input.ciirRun3,0.05918
input.UDMicroIDF,input.ciirRun3,0.21615
input.UDMicroIDFD,input.ciirRun3,0.00590
input.uicir1,input.ciirRun3,0.00000
input.uicir2,input.ciirRun3,0.00005
input.UIowaS1,input.ciirRun3,0.00478
input.UIowaS2,input.ciirRun3,0.01119
input.UIowaS3,input.ciirRun3,0.01230
input.UIowaS4,input.ciirRun3,0.67929
input.uiucsf,input.ciirRun3,0.00000
input.uogTrLqea,input.ciirRun3,0.00732
input.uogTrLqeabd,input.ciirRun3,0.00389
input.uogTrLqeabdd,input.ciirRun3,0.00193
input.uogTrUB2,input.ciirRun3,0.00037
input.UTBase,input.ciirRun3,0.00359
input.UTBaseRTF,input.ciirRun3,0.00000
input.UTWngFuture,input.ciirRun3,0.10118
input.UTWngFutureQ,input.ciirRun3,0.26846
input.waterlooa1,input.ciirRun3,0.29598
input.waterlooa2,input.ciirRun3,0.13555
input.waterlooa3,input.ciirRun3,0.71067
input.waterlooa4,input.ciirRun3,0.40204
input.WESTfilext,input.ciirRun3,0.00053
input.WESTfilter,input.ciirRun3,0.00435
input.WESTrelint,input.ciirRun3,0.00000
input.WESTrlext,input.ciirRun3,0.00000
input.Wise2ndRun,input.ciirRun3,0.57375
input.WiseFifthRun,input.ciirRun3,0.09743
input.WiseFouthRun,input.ciirRun3,0.19021
input.WiseThirdRun,input.ciirRun3,0.57375
input.ya3,input.ciirRun3,0.00000
input.ya4,input.ciirRun3,0.00000
input.YNDXTPC1,input.ciirRun3,0.00002
input.YNDXTPC2,input.ciirRun3,0.00005
input.clarity1,input.ciirRun4,0.07354
input.clarity2,input.ciirRun4,0.30070
input.clarity3,input.ciirRun4,0.19709
input.clarity4,input.ciirRun4,0.48835
input.COMMITbase,input.ciirRun4,0.00251
input.COMMITexp,input.ciirRun4,0.06465
input.COMMITfilter,input.ciirRun4,0.04495
input.COMMITlinks,input.ciirRun4,0.07690
input.cyfrun1,input.ciirRun4,0.18056
input.cyfrun2,input.ciirRun4,0.01841
input.dbpWISTUD,input.ciirRun4,0.00000
input.DFReeKLIM,input.ciirRun4,0.00000
input.DFReeKLIM30,input.ciirRun4,0.22154
input.DFReeKLIMDC,input.ciirRun4,0.00001
input.DFReeKLIMRA,input.ciirRun4,0.00001
input.dutirLmFb,input.ciirRun4,0.00172
input.dutirMixFb,input.ciirRun4,0.00229
input.dutirMixSp,input.ciirRun4,0.00043
input.dutirTfidfFb,input.ciirRun4,0.42875
input.EMAX,input.ciirRun4,0.00000
input.FASILKOM01,input.ciirRun4,0.97936
input.FASILKOM02,input.ciirRun4,0.67618
input.FASILKOM03,input.ciirRun4,0.53928
input.FASILKOM04,input.ciirRun4,0.54082
input.FDUNLP,input.ciirRun4,0.36493
input.FDUNLP2,input.ciirRun4,0.05808
input.Google1GNO,input.ciirRun4,0.33813
input.gus,input.ciirRun4,0.00556
input.gust,input.ciirRun4,0.00953
input.gustc,input.ciirRun4,0.00953
input.gut,input.ciirRun4,0.02267
input.hitWId,input.ciirRun4,0.00000
input.hitWIt,input.ciirRun4,0.00000
input.ICTNET11MBR1,input.ciirRun4,0.00000
input.ICTNET11MBR2,input.ciirRun4,0.00004
input.ICTNET11MBR3,input.ciirRun4,0.00000
input.ICTNET11MBR4,input.ciirRun4,0.00000
input.IDEAACTQE,input.ciirRun4,0.05048
input.IDEABASIC,input.ciirRun4,0.07108
input.IDEABASICACT,input.ciirRun4,0.07108
input.IDEABASICQE,input.ciirRun4,0.04895
input.ikmRun1,input.ciirRun4,0.26289
input.InL2c1,input.ciirRun4,0.25084
input.iritfd1,input.ciirRun4,0.00235
input.iritfd2,input.ciirRun4,0.02173
input.IRSIGoogle1G,input.ciirRun4,0.20526
input.IRSIGoogle2G,input.ciirRun4,0.42220
input.isiFD,input.ciirRun4,0.93430
input.isiFDL,input.ciirRun4,0.55326
input.isiFDRM,input.ciirRun4,0.31484
input.isiFDRML,input.ciirRun4,0.22342
input.kanopeRun,input.ciirRun4,0.00000
input.KAUSTBase,input.ciirRun4,0.09072
input.KAUSTExp,input.ciirRun4,0.04077
input.KAUSTExpRrnk,input.ciirRun4,0.39225
input.KAUSTRerank,input.ciirRun4,0.50054
input.LJQO10,input.ciirRun4,0.24124
input.LJQO5,input.ciirRun4,0.67509
input.LMOP10,input.ciirRun4,0.14480
input.LMOP5,input.ciirRun4,0.00014
input.LThresh,input.ciirRun4,0.05497
input.manualWISTUD,input.ciirRun4,0.01414
input.melblt,input.ciirRun4,0.14857
input.MONASH1NEW,input.ciirRun4,0.85435
input.MONASH2NEW,input.ciirRun4,0.31556
input.MorpheusRun1,input.ciirRun4,0.00000
input.mulnewWISTUD,input.ciirRun4,0.12554
input.myRun,input.ciirRun4,0.50767
input.myrun2,input.ciirRun4,0.72151
input.myrun3,input.ciirRun4,0.73533
input.Nestor,input.ciirRun4,0.05328
input.NestorS,input.ciirRun4,0.04011
input.normal,input.ciirRun4,0.25334
input.nQCRIwoTag,input.ciirRun4,0.03299
input.nQCRIwTag,input.ciirRun4,0.05452
input.omarRun,input.ciirRun4,0.00368
input.PKUICST,input.ciirRun4,0.00008
input.PKUICST2,input.ciirRun4,0.12726
input.PKUICST3,input.ciirRun4,0.00000
input.PKUICST4,input.ciirRun4,0.00000
input.PL2Bo1SDExt,input.ciirRun4,0.00000
input.PL2NoQENoDM,input.ciirRun4,0.13308
input.PL2NoQeSd,input.ciirRun4,0.09971
input.PL2NoQeSdExt,input.ciirRun4,0.00000
input.PRISrun1,input.ciirRun4,0.00002
input.PRISrun2,input.ciirRun4,0.00000
input.PRISrun3,input.ciirRun4,0.00011
input.PRISrun4,input.ciirRun4,0.00093
input.QCRIwoTagOrg,input.ciirRun4,0.03299
input.QCRIwTagOrg,input.ciirRun4,0.05452
input.qHtagBaseRun,input.ciirRun4,0.00025
input.qRefLThresh,input.ciirRun4,0.03377
input.refBalRun,input.ciirRun4,0.06790
input.refRelRun,input.ciirRun4,0.30958
input.relevanceRun,input.ciirRun4,0.68850
input.RFD,input.ciirRun4,0.63052
input.ri,input.ciirRun4,0.11734
input.rit,input.ciirRun4,0.71476
input.rit3,input.ciirRun4,0.26545
input.RMITAR,input.ciirRun4,0.04095
input.RMITM,input.ciirRun4,0.08864
input.RMITMR,input.ciirRun4,0.06202
input.RMITMRR,input.ciirRun4,0.44653
input.Rocchio,input.ciirRun4,0.71757
input.RTB,input.ciirRun4,0.00000
input.run1,input.ciirRun4,0.40889
input.run1a,input.ciirRun4,0.00000
input.run1fix,input.ciirRun4,0.07274
input.run2,input.ciirRun4,0.00022
input.run2a,input.ciirRun4,0.00000
input.run3,input.ciirRun4,0.00000
input.run3a,input.ciirRun4,0.00000
input.run4,input.ciirRun4,0.00004
input.run4a,input.ciirRun4,0.00000
input.RunAll,input.ciirRun4,0.01651
input.RunFut,input.ciirRun4,0.01552
input.runNeMIS,input.ciirRun4,0.00006
input.runNeMISext,input.ciirRun4,0.00025
input.RunPure,input.ciirRun4,0.02385
input.scurtuRun1,input.ciirRun4,0.00292
input.sielrun1,input.ciirRun4,0.00052
input.sielrun2,input.ciirRun4,0.00374
input.sielrun3,input.ciirRun4,0.01114
input.sielrun4,input.ciirRun4,0.00339
input.SienaCL1B,input.ciirRun4,0.51470
input.SienaCL31,input.ciirRun4,0.46767
input.SienaCL342,input.ciirRun4,0.61717
input.SienaCLbase,input.ciirRun4,0.06910
input.simfoll,input.ciirRun4,0.01457
input.simfollTP01,input.ciirRun4,0.15801
input.sylesNoRes,input.ciirRun4,0.41372
input.tfTP01,input.ciirRun4,0.17275
input.udelIndri,input.ciirRun4,0.26818
input.udelLucene,input.ciirRun4,0.00000
input.UDMicroComb1,input.ciirRun4,0.00359
input.UDMicroComb2,input.ciirRun4,0.26981
input.UDMicroIDF,input.ciirRun4,0.65018
input.UDMicroIDFD,input.ciirRun4,0.04883
input.uicir1,input.ciirRun4,0.00007
input.uicir2,input.ciirRun4,0.00111
input.UIowaS1,input.ciirRun4,0.04155
input.UIowaS2,input.ciirRun4,0.07952
input.UIowaS3,input.ciirRun4,0.08541
input.UIowaS4,input.ciirRun4,0.71147
input.uiucsf,input.ciirRun4,0.00000
input.uogTrLqea,input.ciirRun4,0.05764
input.uogTrLqeabd,input.ciirRun4,0.03543
input.uogTrLqeabdd,input.ciirRun4,0.02044
input.uogTrUB2,input.ciirRun4,0.00553
input.UTBase,input.ciirRun4,0.03324
input.UTBaseRTF,input.ciirRun4,0.00000
input.UTWngFuture,input.ciirRun4,0.39209
input.UTWngFutureQ,input.ciirRun4,0.74647
input.waterlooa1,input.ciirRun4,0.79350
input.waterlooa2,input.ciirRun4,0.47817
input.waterlooa3,input.ciirRun4,0.68008
input.waterlooa4,input.ciirRun4,0.95641
input.WESTfilext,input.ciirRun4,0.00730
input.WESTfilter,input.ciirRun4,0.03862
input.WESTrelint,input.ciirRun4,0.00004
input.WESTrlext,input.ciirRun4,0.00001
input.Wise2ndRun,input.ciirRun4,0.17835
input.WiseFifthRun,input.ciirRun4,0.38205
input.WiseFouthRun,input.ciirRun4,0.59845
input.WiseThirdRun,input.ciirRun4,0.17835
input.ya3,input.ciirRun4,0.00005
input.ya4,input.ciirRun4,0.00011
input.YNDXTPC1,input.ciirRun4,0.00053
input.YNDXTPC2,input.ciirRun4,0.00107
input.clarity2,input.clarity1,0.45053
input.clarity3,input.clarity1,0.61738
input.clarity4,input.clarity1,0.27285
input.COMMITbase,input.clarity1,0.21762
input.COMMITexp,input.clarity1,0.00028
input.COMMITfilter,input.clarity1,0.00015
input.COMMITlinks,input.clarity1,0.00037
input.cyfrun1,input.clarity1,0.65241
input.cyfrun2,input.clarity1,0.00003
input.dbpWISTUD,input.clarity1,0.00009
input.DFReeKLIM,input.clarity1,0.00000
input.DFReeKLIM30,input.clarity1,0.57070
input.DFReeKLIMDC,input.clarity1,0.00664
input.DFReeKLIMRA,input.clarity1,0.00972
input.dutirLmFb,input.clarity1,0.17860
input.dutirMixFb,input.clarity1,0.20753
input.dutirMixSp,input.clarity1,0.08381
input.dutirTfidfFb,input.clarity1,0.31822
input.EMAX,input.clarity1,0.00000
input.FASILKOM01,input.clarity1,0.06947
input.FASILKOM02,input.clarity1,0.17013
input.FASILKOM03,input.clarity1,0.01624
input.FASILKOM04,input.clarity1,0.23885
input.FDUNLP,input.clarity1,0.37700
input.FDUNLP2,input.clarity1,0.00023
input.Google1GNO,input.clarity1,0.40564
input.gus,input.clarity1,0.00001
input.gust,input.clarity1,0.00001
input.gustc,input.clarity1,0.00001
input.gut,input.clarity1,0.00005
input.hitWId,input.clarity1,0.00026
input.hitWIt,input.clarity1,0.00023
input.ICTNET11MBR1,input.clarity1,0.00001
input.ICTNET11MBR2,input.clarity1,0.02004
input.ICTNET11MBR3,input.clarity1,0.00002
input.ICTNET11MBR4,input.clarity1,0.00001
input.IDEAACTQE,input.clarity1,0.86782
input.IDEABASIC,input.clarity1,0.98761
input.IDEABASICACT,input.clarity1,0.98761
input.IDEABASICQE,input.clarity1,0.85749
input.ikmRun1,input.clarity1,0.00363
input.InL2c1,input.clarity1,0.00331
input.iritfd1,input.clarity1,0.21059
input.iritfd2,input.clarity1,0.61313
input.IRSIGoogle1G,input.clarity1,0.60115
input.IRSIGoogle2G,input.clarity1,0.32372
input.isiFD,input.clarity1,0.08782
input.isiFDL,input.clarity1,0.23147
input.isiFDRM,input.clarity1,0.43284
input.isiFDRML,input.clarity1,0.56734
input.kanopeRun,input.clarity1,0.00000
input.KAUSTBase,input.clarity1,0.00050
input.KAUSTExp,input.clarity1,0.00013
input.KAUSTExpRrnk,input.clarity1,0.00817
input.KAUSTRerank,input.clarity1,0.01377
input.LJQO10,input.clarity1,0.53687
input.LJQO5,input.clarity1,0.02720
input.LMOP10,input.clarity1,0.00116
input.LMOP5,input.clarity1,0.00000
input.LThresh,input.clarity1,0.00021
input.manualWISTUD,input.clarity1,0.50648
input.melblt,input.clarity1,0.00122
input.MONASH1NEW,input.clarity1,0.04849
input.MONASH2NEW,input.clarity1,0.00522
input.MorpheusRun1,input.clarity1,0.00000
input.mulnewWISTUD,input.clarity1,0.79678
input.myRun,input.clarity1,0.01421
input.myrun2,input.clarity1,0.15185
input.myrun3,input.clarity1,0.14667
input.Nestor,input.clarity1,0.00020
input.NestorS,input.clarity1,0.00012
input.normal,input.clarity1,0.00337
input.nQCRIwoTag,input.clarity1,0.00009
input.nQCRIwTag,input.clarity1,0.00021
input.omarRun,input.clarity1,0.00000
input.PKUICST,input.clarity1,0.03020
input.PKUICST2,input.clarity1,0.79143
input.PKUICST3,input.clarity1,0.00076
input.PKUICST4,input.clarity1,0.00000
input.PL2Bo1SDExt,input.clarity1,0.00000
input.PL2NoQENoDM,input.clarity1,0.00100
input.PL2NoQeSd,input.clarity1,0.00059
input.PL2NoQeSdExt,input.clarity1,0.00000
input.PRISrun1,input.clarity1,0.01506
input.PRISrun2,input.clarity1,0.00000
input.PRISrun3,input.clarity1,0.03849
input.PRISrun4,input.clarity1,0.12841
input.QCRIwoTagOrg,input.clarity1,0.00009
input.QCRIwTagOrg,input.clarity1,0.00021
input.qHtagBaseRun,input.clarity1,0.00000
input.qRefLThresh,input.clarity1,0.00009
input.refBalRun,input.clarity1,0.00030
input.refRelRun,input.clarity1,0.00502
input.relevanceRun,input.clarity1,0.02850
input.RFD,input.clarity1,0.19072
input.ri,input.clarity1,0.82321
input.rit,input.clarity1,0.15445
input.rit3,input.clarity1,0.00370
input.RMITAR,input.clarity1,0.79904
input.RMITM,input.clarity1,0.93079
input.RMITMR,input.clarity1,0.93886
input.RMITMRR,input.clarity1,0.30384
input.Rocchio,input.clarity1,0.15336
input.RTB,input.clarity1,0.00000
input.run1,input.clarity1,0.00891
input.run1a,input.clarity1,0.00000
input.run1fix,input.clarity1,0.99600
input.run2,input.clarity1,0.05637
input.run2a,input.clarity1,0.00000
input.run3,input.clarity1,0.00154
input.run3a,input.clarity1,0.00000
input.run4,input.clarity1,0.02061
input.run4a,input.clarity1,0.00000
input.RunAll,input.clarity1,0.00003
input.RunFut,input.clarity1,0.00003
input.runNeMIS,input.clarity1,0.00000
input.runNeMISext,input.clarity1,0.00000
input.RunPure,input.clarity1,0.00005
input.scurtuRun1,input.clarity1,0.00000
input.sielrun1,input.clarity1,0.00000
input.sielrun2,input.clarity1,0.00000
input.sielrun3,input.clarity1,0.00002
input.sielrun4,input.clarity1,0.00000
input.SienaCL1B,input.clarity1,0.01465
input.SienaCL31,input.clarity1,0.01188
input.SienaCL342,input.clarity1,0.02206
input.SienaCLbase,input.clarity1,0.00031
input.simfoll,input.clarity1,0.51343
input.simfollTP01,input.clarity1,0.70569
input.sylesNoRes,input.clarity1,0.33101
input.tfTP01,input.clarity1,0.67008
input.udelIndri,input.clarity1,0.00377
input.udelLucene,input.clarity1,0.00000
input.UDMicroComb1,input.clarity1,0.00000
input.UDMicroComb2,input.clarity1,0.00382
input.UDMicroIDF,input.clarity1,0.02490
input.UDMicroIDFD,input.clarity1,0.00017
input.uicir1,input.clarity1,0.00000
input.uicir2,input.clarity1,0.00000
input.UIowaS1,input.clarity1,0.00013
input.UIowaS2,input.clarity1,0.00040
input.UIowaS3,input.clarity1,0.00045
input.UIowaS4,input.clarity1,0.15573
input.uiucsf,input.clarity1,0.00000
input.uogTrLqea,input.clarity1,0.00023
input.uogTrLqeabd,input.clarity1,0.00010
input.uogTrLqeabdd,input.clarity1,0.00004
input.uogTrUB2,input.clarity1,0.00001
input.UTBase,input.clarity1,0.00009
input.UTBaseRTF,input.clarity1,0.00000
input.UTWngFuture,input.clarity1,0.00816
input.UTWngFutureQ,input.clarity1,0.03462
input.waterlooa1,input.clarity1,0.04025
input.waterlooa2,input.clarity1,0.01246
input.waterlooa3,input.clarity1,0.16848
input.waterlooa4,input.clarity1,0.06517
input.WESTfilext,input.clarity1,0.00001
input.WESTfilter,input.clarity1,0.00011
input.WESTrelint,input.clarity1,0.00000
input.WESTrlext,input.clarity1,0.00000
input.Wise2ndRun,input.clarity1,0.65733
input.WiseFifthRun,input.clarity1,0.00773
input.WiseFouthRun,input.clarity1,0.02055
input.WiseThirdRun,input.clarity1,0.65733
input.ya3,input.clarity1,0.00000
input.ya4,input.clarity1,0.00000
input.YNDXTPC1,input.clarity1,0.00000
input.YNDXTPC2,input.clarity1,0.00000
input.clarity3,input.clarity2,0.79876
input.clarity4,input.clarity2,0.73236
input.COMMITbase,input.clarity2,0.04688
input.COMMITexp,input.clarity2,0.00394
input.COMMITfilter,input.clarity2,0.00237
input.COMMITlinks,input.clarity2,0.00505
input.cyfrun1,input.clarity2,0.76104
input.cyfrun2,input.clarity2,0.00069
input.dbpWISTUD,input.clarity2,0.00000
input.DFReeKLIM,input.clarity2,0.00000
input.DFReeKLIM30,input.clarity2,0.85126
input.DFReeKLIMDC,input.clarity2,0.00052
input.DFReeKLIMRA,input.clarity2,0.00084
input.dutirLmFb,input.clarity2,0.03576
input.dutirMixFb,input.clarity2,0.04392
input.dutirMixSp,input.clarity2,0.01301
input.dutirTfidfFb,input.clarity2,0.80754
input.EMAX,input.clarity2,0.00000
input.FASILKOM01,input.clarity2,0.28878
input.FASILKOM02,input.clarity2,0.53707
input.FASILKOM03,input.clarity2,0.09918
input.FASILKOM04,input.clarity2,0.67204
input.FDUNLP,input.clarity2,0.89743
input.FDUNLP2,input.clarity2,0.00339
input.Google1GNO,input.clarity2,0.93858
input.gus,input.clarity2,0.00014
input.gust,input.clarity2,0.00029
input.gustc,input.clarity2,0.00029
input.gut,input.clarity2,0.00092
input.hitWId,input.clarity2,0.00001
input.hitWIt,input.clarity2,0.00001
input.ICTNET11MBR1,input.clarity2,0.00000
input.ICTNET11MBR2,input.clarity2,0.00207
input.ICTNET11MBR3,input.clarity2,0.00000
input.ICTNET11MBR4,input.clarity2,0.00000
input.IDEAACTQE,input.clarity2,0.35708
input.IDEABASIC,input.clarity2,0.44126
input.IDEABASICACT,input.clarity2,0.44126
input.IDEABASICQE,input.clarity2,0.35026
input.ikmRun1,input.clarity2,0.03120
input.InL2c1,input.clarity2,0.02902
input.iritfd1,input.clarity2,0.04481
input.iritfd2,input.clarity2,0.20762
input.IRSIGoogle1G,input.clarity2,0.81671
input.IRSIGoogle2G,input.clarity2,0.81629
input.isiFD,input.clarity2,0.34085
input.isiFDL,input.clarity2,0.65845
input.isiFDRM,input.clarity2,0.97622
input.isiFDRML,input.clarity2,0.85515
input.kanopeRun,input.clarity2,0.00000
input.KAUSTBase,input.clarity2,0.00640
input.KAUSTExp,input.clarity2,0.00206
input.KAUSTExpRrnk,input.clarity2,0.05870
input.KAUSTRerank,input.clarity2,0.08753
input.LJQO10,input.clarity2,0.89105
input.LJQO5,input.clarity2,0.14592
input.LMOP10,input.clarity2,0.01266
input.LMOP5,input.clarity2,0.00000
input.LThresh,input.clarity2,0.00314
input.manualWISTUD,input.clarity2,0.15594
input.melblt,input.clarity2,0.01316
input.MONASH1NEW,input.clarity2,0.22303
input.MONASH2NEW,input.clarity2,0.04149
input.MorpheusRun1,input.clarity2,0.00000
input.mulnewWISTUD,input.clarity2,0.61919
input.myRun,input.clarity2,0.08962
input.myrun2,input.clarity2,0.49747
input.myrun3,input.clarity2,0.48588
input.Nestor,input.clarity2,0.00300
input.NestorS,input.clarity2,0.00202
input.normal,input.clarity2,0.02947
input.nQCRIwoTag,input.clarity2,0.00154
input.nQCRIwTag,input.clarity2,0.00310
input.omarRun,input.clarity2,0.00008
input.PKUICST,input.clarity2,0.00348
input.PKUICST2,input.clarity2,0.62408
input.PKUICST3,input.clarity2,0.00004
input.PKUICST4,input.clarity2,0.00000
input.PL2Bo1SDExt,input.clarity2,0.00000
input.PL2NoQENoDM,input.clarity2,0.01118
input.PL2NoQeSd,input.clarity2,0.00734
input.PL2NoQeSdExt,input.clarity2,0.00000
input.PRISrun1,input.clarity2,0.00145
input.PRISrun2,input.clarity2,0.00000
input.PRISrun3,input.clarity2,0.00474
input.PRISrun4,input.clarity2,0.02291
input.QCRIwoTagOrg,input.clarity2,0.00154
input.QCRIwTagOrg,input.clarity2,0.00310
input.qHtagBaseRun,input.clarity2,0.00000
input.qRefLThresh,input.clarity2,0.00159
input.refBalRun,input.clarity2,0.00423
input.refRelRun,input.clarity2,0.04026
input.relevanceRun,input.clarity2,0.15105
input.RFD,input.clarity2,0.57962
input.ri,input.clarity2,0.59534
input.rit,input.clarity2,0.50320
input.rit3,input.clarity2,0.03167
input.RMITAR,input.clarity2,0.31292
input.RMITM,input.clarity2,0.50434
input.RMITMR,input.clarity2,0.40584
input.RMITMRR,input.clarity2,0.78431
input.Rocchio,input.clarity2,0.50080
input.RTB,input.clarity2,0.00000
input.run1,input.clarity2,0.06278
input.run1a,input.clarity2,0.00000
input.run1fix,input.clarity2,0.44753
input.run2,input.clarity2,0.00775
input.run2a,input.clarity2,0.00000
input.run3,input.clarity2,0.00009
input.run3a,input.clarity2,0.00000
input.run4,input.clarity2,0.00214
input.run4a,input.clarity2,0.00000
input.RunAll,input.clarity2,0.00060
input.RunFut,input.clarity2,0.00055
input.runNeMIS,input.clarity2,0.00000
input.runNeMISext,input.clarity2,0.00000
input.RunPure,input.clarity2,0.00099
input.scurtuRun1,input.clarity2,0.00006
input.sielrun1,input.clarity2,0.00001
input.sielrun2,input.clarity2,0.00008
input.sielrun3,input.clarity2,0.00035
input.sielrun4,input.clarity2,0.00007
input.SienaCL1B,input.clarity2,0.09171
input.SienaCL31,input.clarity2,0.07820
input.SienaCL342,input.clarity2,0.12483
input.SienaCLbase,input.clarity2,0.00433
input.simfoll,input.clarity2,0.15912
input.simfollTP01,input.clarity2,0.70627
input.sylesNoRes,input.clarity2,0.82777
input.tfTP01,input.clarity2,0.74254
input.udelIndri,input.clarity2,0.03218
input.udelLucene,input.clarity2,0.00000
input.UDMicroComb1,input.clarity2,0.00008
input.UDMicroComb2,input.clarity2,0.03248
input.UDMicroIDF,input.clarity2,0.13663
input.UDMicroIDFD,input.clarity2,0.00266
input.uicir1,input.clarity2,0.00000
input.uicir2,input.clarity2,0.00002
input.UIowaS1,input.clarity2,0.00212
input.UIowaS2,input.clarity2,0.00530
input.UIowaS3,input.clarity2,0.00587
input.UIowaS4,input.clarity2,0.50602
input.uiucsf,input.clarity2,0.00000
input.uogTrLqea,input.clarity2,0.00335
input.uogTrLqeabd,input.clarity2,0.00170
input.uogTrLqeabdd,input.clarity2,0.00080
input.uogTrUB2,input.clarity2,0.00014
input.UTBase,input.clarity2,0.00156
input.UTBaseRTF,input.clarity2,0.00000
input.UTWngFuture,input.clarity2,0.05866
input.UTWngFutureQ,input.clarity2,0.17439
input.waterlooa1,input.clarity2,0.19474
input.waterlooa2,input.clarity2,0.08113
input.waterlooa3,input.clarity2,0.53357
input.waterlooa4,input.clarity2,0.27589
input.WESTfilext,input.clarity2,0.00020
input.WESTfilter,input.clarity2,0.00191
input.WESTrelint,input.clarity2,0.00000
input.WESTrlext,input.clarity2,0.00000
input.Wise2ndRun,input.clarity2,0.75586
input.WiseFifthRun,input.clarity2,0.05626
input.WiseFouthRun,input.clarity2,0.11839
input.WiseThirdRun,input.clarity2,0.75586
input.ya3,input.clarity2,0.00000
input.ya4,input.clarity2,0.00000
input.YNDXTPC1,input.clarity2,0.00001
input.YNDXTPC2,input.clarity2,0.00002
input.clarity4,input.clarity3,0.55055
input.COMMITbase,input.clarity3,0.08319
input.COMMITexp,input.clarity3,0.00170
input.COMMITfilter,input.clarity3,0.00098
input.COMMITlinks,input.clarity3,0.00222
input.cyfrun1,input.clarity3,0.96079
input.cyfrun2,input.clarity3,0.00027
input.dbpWISTUD,input.clarity3,0.00001
input.DFReeKLIM,input.clarity3,0.00000
input.DFReeKLIM30,input.clarity3,0.94623
input.DFReeKLIMDC,input.clarity3,0.00131
input.DFReeKLIMRA,input.clarity3,0.00203
input.dutirLmFb,input.clarity3,0.06509
input.dutirMixFb,input.clarity3,0.07842
input.dutirMixSp,input.clarity3,0.02584
input.dutirTfidfFb,input.clarity3,0.61809
input.EMAX,input.clarity3,0.00000
input.FASILKOM01,input.clarity3,0.18826
input.FASILKOM02,input.clarity3,0.38310
input.FASILKOM03,input.clarity3,0.05694
input.FASILKOM04,input.clarity3,0.49758
input.FDUNLP,input.clarity3,0.70108
input.FDUNLP2,input.clarity3,0.00145
input.Google1GNO,input.clarity3,0.73988
input.gus,input.clarity3,0.00005
input.gust,input.clarity3,0.00010
input.gustc,input.clarity3,0.00010
input.gut,input.clarity3,0.00036
input.hitWId,input.clarity3,0.00003
input.hitWIt,input.clarity3,0.00003
input.ICTNET11MBR1,input.clarity3,0.00000
input.ICTNET11MBR2,input.clarity3,0.00473
input.ICTNET11MBR3,input.clarity3,0.00000
input.ICTNET11MBR4,input.clarity3,0.00000
input.IDEAACTQE,input.clarity3,0.50541
input.IDEABASIC,input.clarity3,0.60648
input.IDEABASICACT,input.clarity3,0.60648
input.IDEABASICQE,input.clarity3,0.49705
input.ikmRun1,input.clarity3,0.01598
input.InL2c1,input.clarity3,0.01476
input.iritfd1,input.clarity3,0.07986
input.iritfd2,input.clarity3,0.31481
input.IRSIGoogle1G,input.clarity3,0.98151
input.IRSIGoogle2G,input.clarity3,0.62607
input.isiFD,input.clarity3,0.22726
input.isiFDL,input.clarity3,0.48580
input.isiFDRM,input.clarity3,0.77583
input.isiFDRML,input.clarity3,0.94228
input.kanopeRun,input.clarity3,0.00000
input.KAUSTBase,input.clarity3,0.00287
input.KAUSTExp,input.clarity3,0.00085
input.KAUSTExpRrnk,input.clarity3,0.03192
input.KAUSTRerank,input.clarity3,0.04958
input.LJQO10,input.clarity3,0.90608
input.LJQO5,input.clarity3,0.08744
input.LMOP10,input.clarity3,0.00600
input.LMOP5,input.clarity3,0.00000
input.LThresh,input.clarity3,0.00133
input.manualWISTUD,input.clarity3,0.24446
input.melblt,input.clarity3,0.00625
input.MONASH1NEW,input.clarity3,0.14063
input.MONASH2NEW,input.clarity3,0.02182
input.MorpheusRun1,input.clarity3,0.00000
input.mulnewWISTUD,input.clarity3,0.80874
input.myRun,input.clarity3,0.05090
input.myrun2,input.clarity3,0.35059
input.myrun3,input.clarity3,0.34118
input.Nestor,input.clarity3,0.00127
input.NestorS,input.clarity3,0.00083
input.normal,input.clarity3,0.01501
input.nQCRIwoTag,input.clarity3,0.00062
input.nQCRIwTag,input.clarity3,0.00132
input.omarRun,input.clarity3,0.00003
input.PKUICST,input.clarity3,0.00765
input.PKUICST2,input.clarity3,0.81411
input.PKUICST3,input.clarity3,0.00011
input.PKUICST4,input.clarity3,0.00000
input.PL2Bo1SDExt,input.clarity3,0.00000
input.PL2NoQENoDM,input.clarity3,0.00524
input.PL2NoQeSd,input.clarity3,0.00332
input.PL2NoQeSdExt,input.clarity3,0.00000
input.PRISrun1,input.clarity3,0.00338
input.PRISrun2,input.clarity3,0.00000
input.PRISrun3,input.clarity3,0.01020
input.PRISrun4,input.clarity3,0.04339
input.QCRIwoTagOrg,input.clarity3,0.00062
input.QCRIwTagOrg,input.clarity3,0.00132
input.qHtagBaseRun,input.clarity3,0.00000
input.qRefLThresh,input.clarity3,0.00064
input.refBalRun,input.clarity3,0.00184
input.refRelRun,input.clarity3,0.02111
input.relevanceRun,input.clarity3,0.09088
input.RFD,input.clarity3,0.41858
input.ri,input.clarity3,0.78242
input.rit,input.clarity3,0.35527
input.rit3,input.clarity3,0.01624
input.RMITAR,input.clarity3,0.45075
input.RMITM,input.clarity3,0.67981
input.RMITMR,input.clarity3,0.56443
input.RMITMRR,input.clarity3,0.59704
input.Rocchio,input.clarity3,0.35331
input.RTB,input.clarity3,0.00000
input.run1,input.clarity3,0.03437
input.run1a,input.clarity3,0.00000
input.run1fix,input.clarity3,0.61385
input.run2,input.clarity3,0.01605
input.run2a,input.clarity3,0.00000
input.run3,input.clarity3,0.00025
input.run3a,input.clarity3,0.00000
input.run4,input.clarity3,0.00488
input.run4a,input.clarity3,0.00000
input.RunAll,input.clarity3,0.00023
input.RunFut,input.clarity3,0.00021
input.runNeMIS,input.clarity3,0.00000
input.runNeMISext,input.clarity3,0.00000
input.RunPure,input.clarity3,0.00039
input.scurtuRun1,input.clarity3,0.00002
input.sielrun1,input.clarity3,0.00000
input.sielrun2,input.clarity3,0.00003
input.sielrun3,input.clarity3,0.00013
input.sielrun4,input.clarity3,0.00002
input.SienaCL1B,input.clarity3,0.05221
input.SienaCL31,input.clarity3,0.04378
input.SienaCL342,input.clarity3,0.07349
input.SienaCLbase,input.clarity3,0.00189
input.simfoll,input.clarity3,0.24887
input.simfollTP01,input.clarity3,0.90296
input.sylesNoRes,input.clarity3,0.63656
input.tfTP01,input.clarity3,0.94138
input.udelIndri,input.clarity3,0.01652
input.udelLucene,input.clarity3,0.00000
input.UDMicroComb1,input.clarity3,0.00003
input.UDMicroComb2,input.clarity3,0.01669
input.UDMicroIDF,input.clarity3,0.08126
input.UDMicroIDFD,input.clarity3,0.00111
input.uicir1,input.clarity3,0.00000
input.uicir2,input.clarity3,0.00001
input.UIowaS1,input.clarity3,0.00088
input.UIowaS2,input.clarity3,0.00234
input.UIowaS3,input.clarity3,0.00261
input.UIowaS4,input.clarity3,0.35757
input.uiucsf,input.clarity3,0.00000
input.uogTrLqea,input.clarity3,0.00143
input.uogTrLqeabd,input.clarity3,0.00069
input.uogTrLqeabdd,input.clarity3,0.00031
input.uogTrUB2,input.clarity3,0.00005
input.UTBase,input.clarity3,0.00063
input.UTBaseRTF,input.clarity3,0.00000
input.UTWngFuture,input.clarity3,0.03190
input.UTWngFutureQ,input.clarity3,0.10671
input.waterlooa1,input.clarity3,0.12075
input.waterlooa2,input.clarity3,0.04559
input.waterlooa3,input.clarity3,0.38020
input.waterlooa4,input.clarity3,0.17877
input.WESTfilext,input.clarity3,0.00007
input.WESTfilter,input.clarity3,0.00078
input.WESTrelint,input.clarity3,0.00000
input.WESTrlext,input.clarity3,0.00000
input.Wise2ndRun,input.clarity3,0.95536
input.WiseFifthRun,input.clarity3,0.03046
input.WiseFouthRun,input.clarity3,0.06929
input.WiseThirdRun,input.clarity3,0.95536
input.ya3,input.clarity3,0.00000
input.ya4,input.clarity3,0.00000
input.YNDXTPC1,input.clarity3,0.00000
input.YNDXTPC2,input.clarity3,0.00001
input.COMMITbase,input.clarity4,0.01984
input.COMMITexp,input.clarity4,0.01107
input.COMMITfilter,input.clarity4,0.00697
input.COMMITlinks,input.clarity4,0.01382
input.cyfrun1,input.clarity4,0.51821
input.cyfrun2,input.clarity4,0.00229
input.dbpWISTUD,input.clarity4,0.00000
input.DFReeKLIM,input.clarity4,0.00000
input.DFReeKLIM30,input.clarity4,0.59646
input.DFReeKLIMDC,input.clarity4,0.00014
input.DFReeKLIMRA,input.clarity4,0.00023
input.dutirLmFb,input.clarity4,0.01462
input.dutirMixFb,input.clarity4,0.01843
input.dutirMixSp,input.clarity4,0.00472
input.dutirTfidfFb,input.clarity4,0.92163
input.EMAX,input.clarity4,0.00000
input.FASILKOM01,input.clarity4,0.47226
input.FASILKOM02,input.clarity4,0.78311
input.FASILKOM03,input.clarity4,0.19126
input.FASILKOM04,input.clarity4,0.93516
input.FDUNLP,input.clarity4,0.83127
input.FDUNLP2,input.clarity4,0.00965
input.Google1GNO,input.clarity4,0.79106
input.gus,input.clarity4,0.00053
input.gust,input.clarity4,0.00102
input.gustc,input.clarity4,0.00102
input.gut,input.clarity4,0.00296
input.hitWId,input.clarity4,0.00000
input.hitWIt,input.clarity4,0.00000
input.ICTNET11MBR1,input.clarity4,0.00000
input.ICTNET11MBR2,input.clarity4,0.00062
input.ICTNET11MBR3,input.clarity4,0.00000
input.ICTNET11MBR4,input.clarity4,0.00000
input.IDEAACTQE,input.clarity4,0.20661
input.IDEABASIC,input.clarity4,0.26612
input.IDEABASICACT,input.clarity4,0.26612
input.IDEABASICQE,input.clarity4,0.20193
input.ikmRun1,input.clarity4,0.06991
input.InL2c1,input.clarity4,0.06559
input.iritfd1,input.clarity4,0.01885
input.iritfd2,input.clarity4,0.10913
input.IRSIGoogle1G,input.clarity4,0.56613
input.IRSIGoogle2G,input.clarity4,0.91267
input.isiFD,input.clarity4,0.54153
input.isiFDL,input.clarity4,0.92030
input.isiFDRM,input.clarity4,0.75490
input.isiFDRML,input.clarity4,0.59990
input.kanopeRun,input.clarity4,0.00000
input.KAUSTBase,input.clarity4,0.01710
input.KAUSTExp,input.clarity4,0.00617
input.KAUSTExpRrnk,input.clarity4,0.12151
input.KAUSTRerank,input.clarity4,0.17176
input.LJQO10,input.clarity4,0.63196
input.LJQO5,input.clarity4,0.26609
input.LMOP10,input.clarity4,0.03147
input.LMOP5,input.clarity4,0.00001
input.LThresh,input.clarity4,0.00900
input.manualWISTUD,input.clarity4,0.07826
input.melblt,input.clarity4,0.03255
input.MONASH1NEW,input.clarity4,0.38075
input.MONASH2NEW,input.clarity4,0.08978
input.MorpheusRun1,input.clarity4,0.00000
input.mulnewWISTUD,input.clarity4,0.40147
input.myRun,input.clarity4,0.17529
input.myrun2,input.clarity4,0.73650
input.myrun3,input.clarity4,0.72267
input.Nestor,input.clarity4,0.00865
input.NestorS,input.clarity4,0.00604
input.normal,input.clarity4,0.06647
input.nQCRIwoTag,input.clarity4,0.00473
input.nQCRIwTag,input.clarity4,0.00891
input.omarRun,input.clarity4,0.00032
input.PKUICST,input.clarity4,0.00110
input.PKUICST2,input.clarity4,0.40537
input.PKUICST3,input.clarity4,0.00001
input.PKUICST4,input.clarity4,0.00000
input.PL2Bo1SDExt,input.clarity4,0.00000
input.PL2NoQENoDM,input.clarity4,0.02816
input.PL2NoQeSd,input.clarity4,0.01932
input.PL2NoQeSdExt,input.clarity4,0.00000
input.PRISrun1,input.clarity4,0.00042
input.PRISrun2,input.clarity4,0.00000
input.PRISrun3,input.clarity4,0.00155
input.PRISrun4,input.clarity4,0.00887
input.QCRIwoTagOrg,input.clarity4,0.00473
input.QCRIwTagOrg,input.clarity4,0.00891
input.qHtagBaseRun,input.clarity4,0.00001
input.qRefLThresh,input.clarity4,0.00487
input.refBalRun,input.clarity4,0.01178
input.refRelRun,input.clarity4,0.08744
input.relevanceRun,input.clarity4,0.27403
input.RFD,input.clarity4,0.83215
input.ri,input.clarity4,0.38261
input.rit,input.clarity4,0.74331
input.rit3,input.clarity4,0.07083
input.RMITAR,input.clarity4,0.17666
input.RMITM,input.clarity4,0.31266
input.RMITMR,input.clarity4,0.24071
input.RMITMRR,input.clarity4,0.94556
input.Rocchio,input.clarity4,0.74047
input.RTB,input.clarity4,0.00000
input.run1,input.clarity4,0.12881
input.run1a,input.clarity4,0.00000
input.run1fix,input.clarity4,0.27066
input.run2,input.clarity4,0.00266
input.run2a,input.clarity4,0.00000
input.run3,input.clarity4,0.00002
input.run3a,input.clarity4,0.00000
input.run4,input.clarity4,0.00065
input.run4a,input.clarity4,0.00000
input.RunAll,input.clarity4,0.00200
input.RunFut,input.clarity4,0.00185
input.runNeMIS,input.clarity4,0.00000
input.runNeMISext,input.clarity4,0.00001
input.RunPure,input.clarity4,0.00315
input.scurtuRun1,input.clarity4,0.00024
input.sielrun1,input.clarity4,0.00003
input.sielrun2,input.clarity4,0.00033
input.sielrun3,input.clarity4,0.00123
input.sielrun4,input.clarity4,0.00029
input.SienaCL1B,input.clarity4,0.17879
input.SienaCL31,input.clarity4,0.15584
input.SienaCL342,input.clarity4,0.23294
input.SienaCLbase,input.clarity4,0.01205
input.simfoll,input.clarity4,0.08011
input.simfollTP01,input.clarity4,0.47222
input.sylesNoRes,input.clarity4,0.90097
input.tfTP01,input.clarity4,0.50255
input.udelIndri,input.clarity4,0.07183
input.udelLucene,input.clarity4,0.00000
input.UDMicroComb1,input.clarity4,0.00031
input.UDMicroComb2,input.clarity4,0.07242
input.UDMicroIDF,input.clarity4,0.25161
input.UDMicroIDFD,input.clarity4,0.00774
input.uicir1,input.clarity4,0.00000
input.uicir2,input.clarity4,0.00008
input.UIowaS1,input.clarity4,0.00632
input.UIowaS2,input.clarity4,0.01443
input.UIowaS3,input.clarity4,0.01582
input.UIowaS4,input.clarity4,0.74665
input.uiucsf,input.clarity4,0.00000
input.uogTrLqea,input.clarity4,0.00956
input.uogTrLqeabd,input.clarity4,0.00517
input.uogTrLqeabdd,input.clarity4,0.00260
input.uogTrUB2,input.clarity4,0.00053
input.UTBase,input.clarity4,0.00477
input.UTBaseRTF,input.clarity4,0.00000
input.UTWngFuture,input.clarity4,0.12143
input.UTWngFutureQ,input.clarity4,0.30952
input.waterlooa1,input.clarity4,0.33973
input.waterlooa2,input.clarity4,0.16086
input.waterlooa3,input.clarity4,0.77903
input.waterlooa4,input.clarity4,0.45470
input.WESTfilext,input.clarity4,0.00074
input.WESTfilter,input.clarity4,0.00576
input.WESTrelint,input.clarity4,0.00000
input.WESTrlext,input.clarity4,0.00000
input.Wise2ndRun,input.clarity4,0.51381
input.WiseFifthRun,input.clarity4,0.11710
input.WiseFouthRun,input.clarity4,0.22263
input.WiseThirdRun,input.clarity4,0.51381
input.ya3,input.clarity4,0.00000
input.ya4,input.clarity4,0.00000
input.YNDXTPC1,input.clarity4,0.00003
input.YNDXTPC2,input.clarity4,0.00007
input.COMMITexp,input.COMMITbase,0.00000
input.COMMITfilter,input.COMMITbase,0.00000
input.COMMITlinks,input.COMMITbase,0.00000
input.cyfrun1,input.COMMITbase,0.09232
input.cyfrun2,input.COMMITbase,0.00000
input.dbpWISTUD,input.COMMITbase,0.00743
input.DFReeKLIM,input.COMMITbase,0.00000
input.DFReeKLIM30,input.COMMITbase,0.07187
input.DFReeKLIMDC,input.COMMITbase,0.13852
input.DFReeKLIMRA,input.COMMITbase,0.17614
input.dutirLmFb,input.COMMITbase,0.91068
input.dutirMixFb,input.COMMITbase,0.97808
input.dutirMixSp,input.COMMITbase,0.61982
input.dutirTfidfFb,input.COMMITbase,0.02568
input.EMAX,input.COMMITbase,0.00000
input.FASILKOM01,input.COMMITbase,0.00230
input.FASILKOM02,input.COMMITbase,0.00920
input.FASILKOM03,input.COMMITbase,0.00028
input.FASILKOM04,input.COMMITbase,0.01592
input.FDUNLP,input.COMMITbase,0.03432
input.FDUNLP2,input.COMMITbase,0.00000
input.Google1GNO,input.COMMITbase,0.03897
input.gus,input.COMMITbase,0.00000
input.gust,input.COMMITbase,0.00000
input.gustc,input.COMMITbase,0.00000
input.gut,input.COMMITbase,0.00000
input.hitWId,input.COMMITbase,0.01575
input.hitWIt,input.COMMITbase,0.01445
input.ICTNET11MBR1,input.COMMITbase,0.00123
input.ICTNET11MBR2,input.COMMITbase,0.27455
input.ICTNET11MBR3,input.COMMITbase,0.00203
input.ICTNET11MBR4,input.COMMITbase,0.00178
input.IDEAACTQE,input.COMMITbase,0.28621
input.IDEABASIC,input.COMMITbase,0.22347
input.IDEABASICACT,input.COMMITbase,0.22347
input.IDEABASICQE,input.COMMITbase,0.29219
input.ikmRun1,input.COMMITbase,0.00003
input.InL2c1,input.COMMITbase,0.00003
input.iritfd1,input.COMMITbase,0.98480
input.iritfd2,input.COMMITbase,0.46705
input.IRSIGoogle1G,input.COMMITbase,0.07915
input.IRSIGoogle2G,input.COMMITbase,0.02644
input.isiFD,input.COMMITbase,0.00328
input.isiFDL,input.COMMITbase,0.01512
input.isiFDRM,input.COMMITbase,0.04367
input.isiFDRML,input.COMMITbase,0.07110
input.kanopeRun,input.COMMITbase,0.00000
input.KAUSTBase,input.COMMITbase,0.00000
input.KAUSTExp,input.COMMITbase,0.00000
input.KAUSTExpRrnk,input.COMMITbase,0.00011
input.KAUSTRerank,input.COMMITbase,0.00022
input.LJQO10,input.COMMITbase,0.06425
input.LJQO5,input.COMMITbase,0.00058
input.LMOP10,input.COMMITbase,0.00001
input.LMOP5,input.COMMITbase,0.00000
input.LThresh,input.COMMITbase,0.00000
input.manualWISTUD,input.COMMITbase,0.56965
input.melblt,input.COMMITbase,0.00001
input.MONASH1NEW,input.COMMITbase,0.00135
input.MONASH2NEW,input.COMMITbase,0.00006
input.MorpheusRun1,input.COMMITbase,0.00000
input.mulnewWISTUD,input.COMMITbase,0.13611
input.myRun,input.COMMITbase,0.00023
input.myrun2,input.COMMITbase,0.00768
input.myrun3,input.COMMITbase,0.00727
input.Nestor,input.COMMITbase,0.00000
input.NestorS,input.COMMITbase,0.00000
input.normal,input.COMMITbase,0.00003
input.nQCRIwoTag,input.COMMITbase,0.00000
input.nQCRIwTag,input.COMMITbase,0.00000
input.omarRun,input.COMMITbase,0.00000
input.PKUICST,input.COMMITbase,0.35001
input.PKUICST2,input.COMMITbase,0.13430
input.PKUICST3,input.COMMITbase,0.03277
input.PKUICST4,input.COMMITbase,0.00001
input.PL2Bo1SDExt,input.COMMITbase,0.00000
input.PL2NoQENoDM,input.COMMITbase,0.00001
input.PL2NoQeSd,input.COMMITbase,0.00000
input.PL2NoQeSdExt,input.COMMITbase,0.00000
input.PRISrun1,input.COMMITbase,0.23089
input.PRISrun2,input.COMMITbase,0.00000
input.PRISrun3,input.COMMITbase,0.40278
input.PRISrun4,input.COMMITbase,0.77372
input.QCRIwoTagOrg,input.COMMITbase,0.00000
input.QCRIwTagOrg,input.COMMITbase,0.00000
input.qHtagBaseRun,input.COMMITbase,0.00000
input.qRefLThresh,input.COMMITbase,0.00000
input.refBalRun,input.COMMITbase,0.00000
input.refRelRun,input.COMMITbase,0.00005
input.relevanceRun,input.COMMITbase,0.00062
input.RFD,input.COMMITbase,0.01104
input.ri,input.COMMITbase,0.14531
input.rit,input.COMMITbase,0.00789
input.rit3,input.COMMITbase,0.00004
input.RMITAR,input.COMMITbase,0.32793
input.RMITM,input.COMMITbase,0.18692
input.RMITMR,input.COMMITbase,0.24760
input.RMITMRR,input.COMMITbase,0.02375
input.Rocchio,input.COMMITbase,0.00780
input.RTB,input.COMMITbase,0.00000
input.run1,input.COMMITbase,0.00012
input.run1a,input.COMMITbase,0.00000
input.run1fix,input.COMMITbase,0.21949
input.run2,input.COMMITbase,0.49951
input.run2a,input.COMMITbase,0.00000
input.run3,input.COMMITbase,0.05310
input.run3a,input.COMMITbase,0.00000
input.run4,input.COMMITbase,0.27920
input.run4a,input.COMMITbase,0.00000
input.RunAll,input.COMMITbase,0.00000
input.RunFut,input.COMMITbase,0.00000
input.runNeMIS,input.COMMITbase,0.00000
input.runNeMISext,input.COMMITbase,0.00000
input.RunPure,input.COMMITbase,0.00000
input.scurtuRun1,input.COMMITbase,0.00000
input.sielrun1,input.COMMITbase,0.00000
input.sielrun2,input.COMMITbase,0.00000
input.sielrun3,input.COMMITbase,0.00000
input.sielrun4,input.COMMITbase,0.00000
input.SienaCL1B,input.COMMITbase,0.00024
input.SienaCL31,input.COMMITbase,0.00018
input.SienaCL342,input.COMMITbase,0.00043
input.SienaCLbase,input.COMMITbase,0.00000
input.simfoll,input.COMMITbase,0.56233
input.simfollTP01,input.COMMITbase,0.10728
input.sylesNoRes,input.COMMITbase,0.02746
input.tfTP01,input.COMMITbase,0.09713
input.udelIndri,input.COMMITbase,0.00004
input.udelLucene,input.COMMITbase,0.00000
input.UDMicroComb1,input.COMMITbase,0.00000
input.UDMicroComb2,input.COMMITbase,0.00004
input.UDMicroIDF,input.COMMITbase,0.00051
input.UDMicroIDFD,input.COMMITbase,0.00000
input.uicir1,input.COMMITbase,0.00000
input.uicir2,input.COMMITbase,0.00000
input.UIowaS1,input.COMMITbase,0.00000
input.UIowaS2,input.COMMITbase,0.00000
input.UIowaS3,input.COMMITbase,0.00000
input.UIowaS4,input.COMMITbase,0.00799
input.uiucsf,input.COMMITbase,0.00000
input.uogTrLqea,input.COMMITbase,0.00000
input.uogTrLqeabd,input.COMMITbase,0.00000
input.uogTrLqeabdd,input.COMMITbase,0.00000
input.uogTrUB2,input.COMMITbase,0.00000
input.UTBase,input.COMMITbase,0.00000
input.UTBaseRTF,input.COMMITbase,0.00000
input.UTWngFuture,input.COMMITbase,0.00011
input.UTWngFutureQ,input.COMMITbase,0.00082
input.waterlooa1,input.COMMITbase,0.00102
input.waterlooa2,input.COMMITbase,0.00019
input.waterlooa3,input.COMMITbase,0.00905
input.waterlooa4,input.COMMITbase,0.00209
input.WESTfilext,input.COMMITbase,0.00000
input.WESTfilter,input.COMMITbase,0.00000
input.WESTrelint,input.COMMITbase,0.00000
input.WESTrlext,input.COMMITbase,0.00000
input.Wise2ndRun,input.COMMITbase,0.09364
input.WiseFifthRun,input.COMMITbase,0.00010
input.WiseFouthRun,input.COMMITbase,0.00039
input.WiseThirdRun,input.COMMITbase,0.09364
input.ya3,input.COMMITbase,0.00000
input.ya4,input.COMMITbase,0.00000
input.YNDXTPC1,input.COMMITbase,0.00000
input.YNDXTPC2,input.COMMITbase,0.00000
input.COMMITfilter,input.COMMITexp,0.87493
input.COMMITlinks,input.COMMITexp,0.93725
input.cyfrun1,input.COMMITexp,0.00144
input.cyfrun2,input.COMMITexp,0.61041
input.dbpWISTUD,input.COMMITexp,0.00000
input.DFReeKLIM,input.COMMITexp,0.00000
input.DFReeKLIM30,input.COMMITexp,0.00214
input.DFReeKLIMDC,input.COMMITexp,0.00000
input.DFReeKLIMRA,input.COMMITexp,0.00000
input.dutirLmFb,input.COMMITexp,0.00000
input.dutirMixFb,input.COMMITexp,0.00000
input.dutirMixSp,input.COMMITexp,0.00000
input.dutirTfidfFb,input.COMMITexp,0.00831
input.EMAX,input.COMMITexp,0.00000
input.FASILKOM01,input.COMMITexp,0.06848
input.FASILKOM02,input.COMMITexp,0.02349
input.FASILKOM03,input.COMMITexp,0.21728
input.FASILKOM04,input.COMMITexp,0.01392
input.FDUNLP,input.COMMITexp,0.00589
input.FDUNLP2,input.COMMITexp,0.96222
input.Google1GNO,input.COMMITexp,0.00502
input.gus,input.COMMITexp,0.35496
input.gust,input.COMMITexp,0.45633
input.gustc,input.COMMITexp,0.45633
input.gut,input.COMMITexp,0.66630
input.hitWId,input.COMMITexp,0.00000
input.hitWIt,input.COMMITexp,0.00000
input.ICTNET11MBR1,input.COMMITexp,0.00000
input.ICTNET11MBR2,input.COMMITexp,0.00000
input.ICTNET11MBR3,input.COMMITexp,0.00000
input.ICTNET11MBR4,input.COMMITexp,0.00000
input.IDEAACTQE,input.COMMITexp,0.00014
input.IDEABASIC,input.COMMITexp,0.00026
input.IDEABASICACT,input.COMMITexp,0.00026
input.IDEABASICQE,input.COMMITexp,0.00014
input.ikmRun1,input.COMMITexp,0.46654
input.InL2c1,input.COMMITexp,0.48431
input.iritfd1,input.COMMITexp,0.00000
input.iritfd2,input.COMMITexp,0.00003
input.IRSIGoogle1G,input.COMMITexp,0.00184
input.IRSIGoogle2G,input.COMMITexp,0.00804
input.isiFD,input.COMMITexp,0.05359
input.isiFDL,input.COMMITexp,0.01466
input.isiFDRM,input.COMMITexp,0.00433
input.isiFDRML,input.COMMITexp,0.00218
input.kanopeRun,input.COMMITexp,0.00000
input.KAUSTBase,input.COMMITexp,0.87596
input.KAUSTExp,input.COMMITexp,0.84288
input.KAUSTExpRrnk,input.COMMITexp,0.32112
input.KAUSTRerank,input.COMMITexp,0.24037
input.LJQO10,input.COMMITexp,0.00253
input.LJQO5,input.COMMITexp,0.15314
input.LMOP10,input.COMMITexp,0.69688
input.LMOP5,input.COMMITexp,0.04986
input.LThresh,input.COMMITexp,0.94309
input.manualWISTUD,input.COMMITexp,0.00002
input.melblt,input.COMMITexp,0.68687
input.MONASH1NEW,input.COMMITexp,0.09609
input.MONASH2NEW,input.COMMITexp,0.39863
input.MorpheusRun1,input.COMMITexp,0.00000
input.mulnewWISTUD,input.COMMITexp,0.00073
input.myRun,input.COMMITexp,0.23593
input.myrun2,input.COMMITexp,0.02751
input.myrun3,input.COMMITexp,0.02883
input.Nestor,input.COMMITexp,0.93231
input.NestorS,input.COMMITexp,0.83765
input.normal,input.COMMITexp,0.48055
input.nQCRIwoTag,input.COMMITexp,0.77601
input.nQCRIwTag,input.COMMITexp,0.94024
input.omarRun,input.COMMITexp,0.29072
input.PKUICST,input.COMMITexp,0.00000
input.PKUICST2,input.COMMITexp,0.00074
input.PKUICST3,input.COMMITexp,0.00000
input.PKUICST4,input.COMMITexp,0.00000
input.PL2Bo1SDExt,input.COMMITexp,0.00000
input.PL2NoQENoDM,input.COMMITexp,0.72962
input.PL2NoQeSd,input.COMMITexp,0.84036
input.PL2NoQeSdExt,input.COMMITexp,0.00000
input.PRISrun1,input.COMMITexp,0.00000
input.PRISrun2,input.COMMITexp,0.00000
input.PRISrun3,input.COMMITexp,0.00000
input.PRISrun4,input.COMMITexp,0.00000
input.QCRIwoTagOrg,input.COMMITexp,0.77601
input.QCRIwTagOrg,input.COMMITexp,0.94024
input.qHtagBaseRun,input.COMMITexp,0.06999
input.qRefLThresh,input.COMMITexp,0.78325
input.refBalRun,input.COMMITexp,0.98241
input.refRelRun,input.COMMITexp,0.40564
input.relevanceRun,input.COMMITexp,0.14795
input.RFD,input.COMMITexp,0.01988
input.ri,input.COMMITexp,0.00064
input.rit,input.COMMITexp,0.02689
input.rit3,input.COMMITexp,0.46289
input.RMITAR,input.COMMITexp,0.00010
input.RMITM,input.COMMITexp,0.00038
input.RMITMR,input.COMMITexp,0.00020
input.RMITMRR,input.COMMITexp,0.00908
input.Rocchio,input.COMMITexp,0.02715
input.RTB,input.COMMITexp,0.00000
input.run1,input.COMMITexp,0.30685
input.run1a,input.COMMITexp,0.00002
input.run1fix,input.COMMITexp,0.00027
input.run2,input.COMMITexp,0.00000
input.run2a,input.COMMITexp,0.00014
input.run3,input.COMMITexp,0.00000
input.run3a,input.COMMITexp,0.00468
input.run4,input.COMMITexp,0.00000
input.run4a,input.COMMITexp,0.00348
input.RunAll,input.COMMITexp,0.58249
input.RunFut,input.COMMITexp,0.56714
input.runNeMIS,input.COMMITexp,0.03093
input.runNeMISext,input.COMMITexp,0.06917
input.RunPure,input.COMMITexp,0.68051
input.scurtuRun1,input.COMMITexp,0.25902
input.sielrun1,input.COMMITexp,0.10471
input.sielrun2,input.COMMITexp,0.29301
input.sielrun3,input.COMMITexp,0.48974
input.sielrun4,input.COMMITexp,0.27920
input.SienaCL1B,input.COMMITexp,0.23164
input.SienaCL31,input.COMMITexp,0.26211
input.SienaCL342,input.COMMITexp,0.17771
input.SienaCLbase,input.COMMITexp,0.97612
input.simfoll,input.COMMITexp,0.00002
input.simfollTP01,input.COMMITexp,0.00112
input.sylesNoRes,input.COMMITexp,0.00770
input.tfTP01,input.COMMITexp,0.00132
input.udelIndri,input.COMMITexp,0.45904
input.udelLucene,input.COMMITexp,0.00000
input.UDMicroComb1,input.COMMITexp,0.28710
input.UDMicroComb2,input.COMMITexp,0.45676
input.UDMicroIDF,input.COMMITexp,0.16326
input.UDMicroIDFD,input.COMMITexp,0.90258
input.uicir1,input.COMMITexp,0.03254
input.uicir2,input.COMMITexp,0.15739
input.UIowaS1,input.COMMITexp,0.84911
input.UIowaS2,input.COMMITexp,0.92495
input.UIowaS3,input.COMMITexp,0.89847
input.UIowaS4,input.COMMITexp,0.02658
input.uiucsf,input.COMMITexp,0.00000
input.uogTrLqea,input.COMMITexp,0.95955
input.uogTrLqeabd,input.COMMITexp,0.79816
input.uogTrLqeabdd,input.COMMITexp,0.63801
input.uogTrUB2,input.COMMITexp,0.35421
input.UTBase,input.COMMITexp,0.77839
input.UTBaseRTF,input.COMMITexp,0.00000
input.UTWngFuture,input.COMMITexp,0.32127
input.UTWngFutureQ,input.COMMITexp,0.12741
input.waterlooa1,input.COMMITexp,0.11275
input.waterlooa2,input.COMMITexp,0.25493
input.waterlooa3,input.COMMITexp,0.02382
input.waterlooa4,input.COMMITexp,0.07297
input.WESTfilext,input.COMMITexp,0.40362
input.WESTfilter,input.COMMITexp,0.82545
input.WESTrelint,input.COMMITexp,0.02302
input.WESTrlext,input.COMMITexp,0.00763
input.Wise2ndRun,input.COMMITexp,0.00141
input.WiseFifthRun,input.COMMITexp,0.33027
input.WiseFouthRun,input.COMMITexp,0.18648
input.WiseThirdRun,input.COMMITexp,0.00141
input.ya3,input.COMMITexp,0.02649
input.ya4,input.COMMITexp,0.04257
input.YNDXTPC1,input.COMMITexp,0.10594
input.YNDXTPC2,input.COMMITexp,0.15421
input.COMMITlinks,input.COMMITfilter,0.81333
input.cyfrun1,input.COMMITfilter,0.00083
input.cyfrun2,input.COMMITfilter,0.72477
input.dbpWISTUD,input.COMMITfilter,0.00000
input.DFReeKLIM,input.COMMITfilter,0.00000
input.DFReeKLIM30,input.COMMITfilter,0.00125
input.DFReeKLIMDC,input.COMMITfilter,0.00000
input.DFReeKLIMRA,input.COMMITfilter,0.00000
input.dutirLmFb,input.COMMITfilter,0.00000
input.dutirMixFb,input.COMMITfilter,0.00000
input.dutirMixSp,input.COMMITfilter,0.00000
input.dutirTfidfFb,input.COMMITfilter,0.00517
input.EMAX,input.COMMITfilter,0.00001
input.FASILKOM01,input.COMMITfilter,0.04779
input.FASILKOM02,input.COMMITfilter,0.01540
input.FASILKOM03,input.COMMITfilter,0.16417
input.FASILKOM04,input.COMMITfilter,0.00888
input.FDUNLP,input.COMMITfilter,0.00360
input.FDUNLP2,input.COMMITfilter,0.91238
input.Google1GNO,input.COMMITfilter,0.00305
input.gus,input.COMMITfilter,0.44272
input.gust,input.COMMITfilter,0.55686
input.gustc,input.COMMITfilter,0.55686
input.gut,input.COMMITfilter,0.78421
input.hitWId,input.COMMITfilter,0.00000
input.hitWIt,input.COMMITfilter,0.00000
input.ICTNET11MBR1,input.COMMITfilter,0.00000
input.ICTNET11MBR2,input.COMMITfilter,0.00000
input.ICTNET11MBR3,input.COMMITfilter,0.00000
input.ICTNET11MBR4,input.COMMITfilter,0.00000
input.IDEAACTQE,input.COMMITfilter,0.00007
input.IDEABASIC,input.COMMITfilter,0.00014
input.IDEABASICACT,input.COMMITfilter,0.00014
input.IDEABASICQE,input.COMMITfilter,0.00007
input.ikmRun1,input.COMMITfilter,0.37587
input.InL2c1,input.COMMITfilter,0.39156
input.iritfd1,input.COMMITfilter,0.00000
input.iritfd2,input.COMMITfilter,0.00002
input.IRSIGoogle1G,input.COMMITfilter,0.00107
input.IRSIGoogle2G,input.COMMITfilter,0.00499
input.isiFD,input.COMMITfilter,0.03684
input.isiFDL,input.COMMITfilter,0.00938
input.isiFDRM,input.COMMITfilter,0.00261
input.isiFDRML,input.COMMITfilter,0.00127
input.kanopeRun,input.COMMITfilter,0.00000
input.KAUSTBase,input.COMMITfilter,0.75390
input.KAUSTExp,input.COMMITfilter,0.96746
input.KAUSTExpRrnk,input.COMMITfilter,0.25032
input.KAUSTRerank,input.COMMITfilter,0.18304
input.LJQO10,input.COMMITfilter,0.00149
input.LJQO5,input.COMMITfilter,0.11275
input.LMOP10,input.COMMITfilter,0.58442
input.LMOP5,input.COMMITfilter,0.07126
input.LThresh,input.COMMITfilter,0.93145
input.manualWISTUD,input.COMMITfilter,0.00001
input.melblt,input.COMMITfilter,0.57514
input.MONASH1NEW,input.COMMITfilter,0.06853
input.MONASH2NEW,input.COMMITfilter,0.31660
input.MorpheusRun1,input.COMMITfilter,0.00000
input.mulnewWISTUD,input.COMMITfilter,0.00040
input.myRun,input.COMMITfilter,0.17939
input.myrun2,input.COMMITfilter,0.01820
input.myrun3,input.COMMITfilter,0.01912
input.Nestor,input.COMMITfilter,0.94224
input.NestorS,input.COMMITfilter,0.96212
input.normal,input.COMMITfilter,0.38823
input.nQCRIwoTag,input.COMMITfilter,0.89885
input.nQCRIwTag,input.COMMITfilter,0.93430
input.omarRun,input.COMMITfilter,0.36857
input.PKUICST,input.COMMITfilter,0.00000
input.PKUICST2,input.COMMITfilter,0.00042
input.PKUICST3,input.COMMITfilter,0.00000
input.PKUICST4,input.COMMITfilter,0.00000
input.PL2Bo1SDExt,input.COMMITfilter,0.00000
input.PL2NoQENoDM,input.COMMITfilter,0.61494
input.PL2NoQeSd,input.COMMITfilter,0.71972
input.PL2NoQeSdExt,input.COMMITfilter,0.00000
input.PRISrun1,input.COMMITfilter,0.00000
input.PRISrun2,input.COMMITfilter,0.00000
input.PRISrun3,input.COMMITfilter,0.00000
input.PRISrun4,input.COMMITfilter,0.00000
input.QCRIwoTagOrg,input.COMMITfilter,0.89885
input.QCRIwTagOrg,input.COMMITfilter,0.93430
input.qHtagBaseRun,input.COMMITfilter,0.09801
input.qRefLThresh,input.COMMITfilter,0.90632
input.refBalRun,input.COMMITfilter,0.85759
input.refRelRun,input.COMMITfilter,0.32267
input.relevanceRun,input.COMMITfilter,0.10867
input.RFD,input.COMMITfilter,0.01292
input.ri,input.COMMITfilter,0.00036
input.rit,input.COMMITfilter,0.01776
input.rit3,input.COMMITfilter,0.37266
input.RMITAR,input.COMMITfilter,0.00005
input.RMITM,input.COMMITfilter,0.00021
input.RMITMR,input.COMMITfilter,0.00011
input.RMITMRR,input.COMMITfilter,0.00567
input.Rocchio,input.COMMITfilter,0.01794
input.RTB,input.COMMITfilter,0.00000
input.run1,input.COMMITfilter,0.23830
input.run1a,input.COMMITfilter,0.00004
input.run1fix,input.COMMITfilter,0.00014
input.run2,input.COMMITfilter,0.00000
input.run2a,input.COMMITfilter,0.00025
input.run3,input.COMMITfilter,0.00000
input.run3a,input.COMMITfilter,0.00757
input.run4,input.COMMITfilter,0.00000
input.run4a,input.COMMITfilter,0.00571
input.RunAll,input.COMMITfilter,0.69480
input.RunFut,input.COMMITfilter,0.67824
input.runNeMIS,input.COMMITfilter,0.04543
input.runNeMISext,input.COMMITfilter,0.09694
input.RunPure,input.COMMITfilter,0.79922
input.scurtuRun1,input.COMMITfilter,0.33139
input.sielrun1,input.COMMITfilter,0.14291
input.sielrun2,input.COMMITfilter,0.37125
input.sielrun3,input.COMMITfilter,0.59381
input.sielrun4,input.COMMITfilter,0.35511
input.SienaCL1B,input.COMMITfilter,0.17588
input.SienaCL31,input.COMMITfilter,0.20096
input.SienaCL342,input.COMMITfilter,0.13226
input.SienaCLbase,input.COMMITfilter,0.85140
input.simfoll,input.COMMITfilter,0.00001
input.simfollTP01,input.COMMITfilter,0.00063
input.sylesNoRes,input.COMMITfilter,0.00477
input.tfTP01,input.COMMITfilter,0.00076
input.udelIndri,input.COMMITfilter,0.36927
input.udelLucene,input.COMMITfilter,0.00000
input.UDMicroComb1,input.COMMITfilter,0.36436
input.UDMicroComb2,input.COMMITfilter,0.36727
input.UDMicroIDF,input.COMMITfilter,0.12076
input.UDMicroIDFD,input.COMMITfilter,0.97208
input.uicir1,input.COMMITfilter,0.04767
input.uicir2,input.COMMITfilter,0.20894
input.UIowaS1,input.COMMITfilter,0.97379
input.UIowaS2,input.COMMITfilter,0.80134
input.UIowaS3,input.COMMITfilter,0.77564
input.UIowaS4,input.COMMITfilter,0.01755
input.uiucsf,input.COMMITfilter,0.00000
input.uogTrLqea,input.COMMITfilter,0.91504
input.uogTrLqeabd,input.COMMITfilter,0.92167
input.uogTrLqeabdd,input.COMMITfilter,0.75422
input.uogTrUB2,input.COMMITfilter,0.44187
input.UTBase,input.COMMITfilter,0.90131
input.UTBaseRTF,input.COMMITfilter,0.00000
input.UTWngFuture,input.COMMITfilter,0.25045
input.UTWngFutureQ,input.COMMITfilter,0.09261
input.waterlooa1,input.COMMITfilter,0.08127
input.waterlooa2,input.COMMITfilter,0.19502
input.waterlooa3,input.COMMITfilter,0.01563
input.waterlooa4,input.COMMITfilter,0.05112
input.WESTfilext,input.COMMITfilter,0.49792
input.WESTfilter,input.COMMITfilter,0.94965
input.WESTrelint,input.COMMITfilter,0.03438
input.WESTrlext,input.COMMITfilter,0.01204
input.Wise2ndRun,input.COMMITfilter,0.00081
input.WiseFifthRun,input.COMMITfilter,0.25806
input.WiseFouthRun,input.COMMITfilter,0.13928
input.WiseThirdRun,input.COMMITfilter,0.00081
input.ya3,input.COMMITfilter,0.03925
input.ya4,input.COMMITfilter,0.06142
input.YNDXTPC1,input.COMMITfilter,0.14448
input.YNDXTPC2,input.COMMITfilter,0.20500
input.cyfrun1,input.COMMITlinks,0.00188
input.cyfrun2,input.COMMITlinks,0.55638
input.dbpWISTUD,input.COMMITlinks,0.00000
input.DFReeKLIM,input.COMMITlinks,0.00000
input.DFReeKLIM30,input.COMMITlinks,0.00278
input.DFReeKLIMDC,input.COMMITlinks,0.00000
input.DFReeKLIMRA,input.COMMITlinks,0.00000
input.dutirLmFb,input.COMMITlinks,0.00000
input.dutirMixFb,input.COMMITlinks,0.00000
input.dutirMixSp,input.COMMITlinks,0.00000
input.dutirTfidfFb,input.COMMITlinks,0.01046
input.EMAX,input.COMMITlinks,0.00000
input.FASILKOM01,input.COMMITlinks,0.08132
input.FASILKOM02,input.COMMITlinks,0.02877
input.FASILKOM03,input.COMMITlinks,0.24807
input.FASILKOM04,input.COMMITlinks,0.01729
input.FDUNLP,input.COMMITlinks,0.00747
input.FDUNLP2,input.COMMITlinks,0.89965
input.Google1GNO,input.COMMITlinks,0.00639
input.gus,input.COMMITlinks,0.31550
input.gust,input.COMMITlinks,0.41014
input.gustc,input.COMMITlinks,0.41014
input.gut,input.COMMITlinks,0.61007
input.hitWId,input.COMMITlinks,0.00000
input.hitWIt,input.COMMITlinks,0.00000
input.ICTNET11MBR1,input.COMMITlinks,0.00000
input.ICTNET11MBR2,input.COMMITlinks,0.00000
input.ICTNET11MBR3,input.COMMITlinks,0.00000
input.ICTNET11MBR4,input.COMMITlinks,0.00000
input.IDEAACTQE,input.COMMITlinks,0.00020
input.IDEABASIC,input.COMMITlinks,0.00035
input.IDEABASICACT,input.COMMITlinks,0.00035
input.IDEABASICQE,input.COMMITlinks,0.00019
input.ikmRun1,input.COMMITlinks,0.51609
input.InL2c1,input.COMMITlinks,0.53482
input.iritfd1,input.COMMITlinks,0.00000
input.iritfd2,input.COMMITlinks,0.00005
input.IRSIGoogle1G,input.COMMITlinks,0.00240
input.IRSIGoogle2G,input.COMMITlinks,0.01012
input.isiFD,input.COMMITlinks,0.06411
input.isiFDL,input.COMMITlinks,0.01818
input.isiFDRM,input.COMMITlinks,0.00554
input.isiFDRML,input.COMMITlinks,0.00282
input.kanopeRun,input.COMMITlinks,0.00000
input.KAUSTBase,input.COMMITlinks,0.93834
input.KAUSTExp,input.COMMITlinks,0.78183
input.KAUSTExpRrnk,input.COMMITlinks,0.36102
input.KAUSTRerank,input.COMMITlinks,0.27338
input.LJQO10,input.COMMITlinks,0.00327
input.LJQO5,input.COMMITlinks,0.17708
input.LMOP10,input.COMMITlinks,0.75595
input.LMOP5,input.COMMITlinks,0.04136
input.LThresh,input.COMMITlinks,0.88067
input.manualWISTUD,input.COMMITlinks,0.00002
input.melblt,input.COMMITlinks,0.74566
input.MONASH1NEW,input.COMMITlinks,0.11288
input.MONASH2NEW,input.COMMITlinks,0.44407
input.MorpheusRun1,input.COMMITlinks,0.00000
input.mulnewWISTUD,input.COMMITlinks,0.00096
input.myRun,input.COMMITlinks,0.26851
input.myrun2,input.COMMITlinks,0.03355
input.myrun3,input.COMMITlinks,0.03512
input.Nestor,input.COMMITlinks,0.86999
input.NestorS,input.COMMITlinks,0.77670
input.normal,input.COMMITlinks,0.53086
input.nQCRIwoTag,input.COMMITlinks,0.71641
input.nQCRIwTag,input.COMMITlinks,0.87785
input.omarRun,input.COMMITlinks,0.25626
input.PKUICST,input.COMMITlinks,0.00000
input.PKUICST2,input.COMMITlinks,0.00099
input.PKUICST3,input.COMMITlinks,0.00000
input.PKUICST4,input.COMMITlinks,0.00000
input.PL2Bo1SDExt,input.COMMITlinks,0.00000
input.PL2NoQENoDM,input.COMMITlinks,0.78955
input.PL2NoQeSd,input.COMMITlinks,0.90235
input.PL2NoQeSdExt,input.COMMITlinks,0.00000
input.PRISrun1,input.COMMITlinks,0.00000
input.PRISrun2,input.COMMITlinks,0.00000
input.PRISrun3,input.COMMITlinks,0.00000
input.PRISrun4,input.COMMITlinks,0.00000
input.QCRIwoTagOrg,input.COMMITlinks,0.71641
input.QCRIwTagOrg,input.COMMITlinks,0.87785
input.qHtagBaseRun,input.COMMITlinks,0.05866
input.qRefLThresh,input.COMMITlinks,0.72348
input.refBalRun,input.COMMITlinks,0.95479
input.refRelRun,input.COMMITlinks,0.45154
input.relevanceRun,input.COMMITlinks,0.17129
input.RFD,input.COMMITlinks,0.02445
input.ri,input.COMMITlinks,0.00085
input.rit,input.COMMITlinks,0.03281
input.rit3,input.COMMITlinks,0.51223
input.RMITAR,input.COMMITlinks,0.00014
input.RMITM,input.COMMITlinks,0.00052
input.RMITMR,input.COMMITlinks,0.00028
input.RMITMRR,input.COMMITlinks,0.01140
input.Rocchio,input.COMMITlinks,0.03312
input.RTB,input.COMMITlinks,0.00000
input.run1,input.COMMITlinks,0.34562
input.run1a,input.COMMITlinks,0.00001
input.run1fix,input.COMMITlinks,0.00037
input.run2,input.COMMITlinks,0.00000
input.run2a,input.COMMITlinks,0.00010
input.run3,input.COMMITlinks,0.00000
input.run3a,input.COMMITlinks,0.00365
input.run4,input.COMMITlinks,0.00000
input.run4a,input.COMMITlinks,0.00270
input.RunAll,input.COMMITlinks,0.52969
input.RunFut,input.COMMITlinks,0.51504
input.runNeMIS,input.COMMITlinks,0.02530
input.runNeMISext,input.COMMITlinks,0.05796
input.RunPure,input.COMMITlinks,0.62378
input.scurtuRun1,input.COMMITlinks,0.22726
input.sielrun1,input.COMMITlinks,0.08891
input.sielrun2,input.COMMITlinks,0.25836
input.sielrun3,input.COMMITlinks,0.44162
input.sielrun4,input.COMMITlinks,0.24570
input.SienaCL1B,input.COMMITlinks,0.26381
input.SienaCL31,input.COMMITlinks,0.29709
input.SienaCL342,input.COMMITlinks,0.20441
input.SienaCLbase,input.COMMITlinks,0.96108
input.simfoll,input.COMMITlinks,0.00003
input.simfollTP01,input.COMMITlinks,0.00147
input.sylesNoRes,input.COMMITlinks,0.00970
input.tfTP01,input.COMMITlinks,0.00173
input.udelIndri,input.COMMITlinks,0.50817
input.udelLucene,input.COMMITlinks,0.00000
input.UDMicroComb1,input.COMMITlinks,0.25294
input.UDMicroComb2,input.COMMITlinks,0.50576
input.UDMicroIDF,input.COMMITlinks,0.18836
input.UDMicroIDFD,input.COMMITlinks,0.84060
input.uicir1,input.COMMITlinks,0.02666
input.uicir2,input.COMMITlinks,0.13553
input.UIowaS1,input.COMMITlinks,0.78794
input.UIowaS2,input.COMMITlinks,0.98766
input.UIowaS3,input.COMMITlinks,0.96103
input.UIowaS4,input.COMMITlinks,0.03245
input.uiucsf,input.COMMITlinks,0.00000
input.uogTrLqea,input.COMMITlinks,0.89700
input.uogTrLqeabd,input.COMMITlinks,0.73803
input.uogTrLqeabdd,input.COMMITlinks,0.58286
input.uogTrUB2,input.COMMITlinks,0.31481
input.UTBase,input.COMMITlinks,0.71874
input.UTBaseRTF,input.COMMITlinks,0.00000
input.UTWngFuture,input.COMMITlinks,0.36118
input.UTWngFutureQ,input.COMMITlinks,0.14827
input.waterlooa1,input.COMMITlinks,0.13176
input.waterlooa2,input.COMMITlinks,0.28927
input.waterlooa3,input.COMMITlinks,0.02916
input.waterlooa4,input.COMMITlinks,0.08647
input.WESTfilext,input.COMMITlinks,0.36077
input.WESTfilter,input.COMMITlinks,0.76473
input.WESTrelint,input.COMMITlinks,0.01869
input.WESTrlext,input.COMMITlinks,0.00601
input.Wise2ndRun,input.COMMITlinks,0.00184
input.WiseFifthRun,input.COMMITlinks,0.37087
input.WiseFouthRun,input.COMMITlinks,0.21411
input.WiseThirdRun,input.COMMITlinks,0.00184
input.ya3,input.COMMITlinks,0.02158
input.ya4,input.COMMITlinks,0.03515
input.YNDXTPC1,input.COMMITlinks,0.08999
input.YNDXTPC2,input.COMMITlinks,0.13269
input.cyfrun2,input.cyfrun1,0.00022
input.dbpWISTUD,input.cyfrun1,0.00001
input.DFReeKLIM,input.cyfrun1,0.00000
input.DFReeKLIM30,input.cyfrun1,0.90717
input.DFReeKLIMDC,input.cyfrun1,0.00155
input.DFReeKLIMRA,input.cyfrun1,0.00240
input.dutirLmFb,input.cyfrun1,0.07258
input.dutirMixFb,input.cyfrun1,0.08712
input.dutirMixSp,input.cyfrun1,0.02930
input.dutirTfidfFb,input.cyfrun1,0.58388
input.EMAX,input.cyfrun1,0.00000
input.FASILKOM01,input.cyfrun1,0.17228
input.FASILKOM02,input.cyfrun1,0.35686
input.FASILKOM03,input.cyfrun1,0.05082
input.FASILKOM04,input.cyfrun1,0.46694
input.FDUNLP,input.cyfrun1,0.66499
input.FDUNLP2,input.cyfrun1,0.00122
input.Google1GNO,input.cyfrun1,0.70307
input.gus,input.cyfrun1,0.00004
input.gust,input.cyfrun1,0.00008
input.gustc,input.cyfrun1,0.00008
input.gut,input.cyfrun1,0.00030
input.hitWId,input.cyfrun1,0.00004
input.hitWIt,input.cyfrun1,0.00004
input.ICTNET11MBR1,input.cyfrun1,0.00000
input.ICTNET11MBR2,input.cyfrun1,0.00550
input.ICTNET11MBR3,input.cyfrun1,0.00000
input.ICTNET11MBR4,input.cyfrun1,0.00000
input.IDEAACTQE,input.cyfrun1,0.53734
input.IDEABASIC,input.cyfrun1,0.64126
input.IDEABASICACT,input.cyfrun1,0.64126
input.IDEABASICQE,input.cyfrun1,0.52871
input.ikmRun1,input.cyfrun1,0.01395
input.InL2c1,input.cyfrun1,0.01287
input.iritfd1,input.cyfrun1,0.08869
input.iritfd2,input.cyfrun1,0.33906
input.IRSIGoogle1G,input.cyfrun1,0.94233
input.IRSIGoogle2G,input.cyfrun1,0.59166
input.isiFD,input.cyfrun1,0.20889
input.isiFDL,input.cyfrun1,0.45557
input.isiFDRM,input.cyfrun1,0.73844
input.isiFDRML,input.cyfrun1,0.90325
input.kanopeRun,input.cyfrun1,0.00000
input.KAUSTBase,input.cyfrun1,0.00244
input.KAUSTExp,input.cyfrun1,0.00071
input.KAUSTExpRrnk,input.cyfrun1,0.02819
input.KAUSTRerank,input.cyfrun1,0.04415
input.LJQO10,input.cyfrun1,0.86726
input.LJQO5,input.cyfrun1,0.07871
input.LMOP10,input.cyfrun1,0.00515
input.LMOP5,input.cyfrun1,0.00000
input.LThresh,input.cyfrun1,0.00112
input.manualWISTUD,input.cyfrun1,0.26496
input.melblt,input.cyfrun1,0.00538
input.MONASH1NEW,input.cyfrun1,0.12786
input.MONASH2NEW,input.cyfrun1,0.01915
input.MorpheusRun1,input.cyfrun1,0.00000
input.mulnewWISTUD,input.cyfrun1,0.84705
input.myRun,input.cyfrun1,0.04534
input.myrun2,input.cyfrun1,0.32580
input.myrun3,input.cyfrun1,0.31683
input.Nestor,input.cyfrun1,0.00107
input.NestorS,input.cyfrun1,0.00069
input.normal,input.cyfrun1,0.01309
input.nQCRIwoTag,input.cyfrun1,0.00052
input.nQCRIwTag,input.cyfrun1,0.00111
input.omarRun,input.cyfrun1,0.00002
input.PKUICST,input.cyfrun1,0.00885
input.PKUICST2,input.cyfrun1,0.85248
input.PKUICST3,input.cyfrun1,0.00013
input.PKUICST4,input.cyfrun1,0.00000
input.PL2Bo1SDExt,input.cyfrun1,0.00000
input.PL2NoQENoDM,input.cyfrun1,0.00450
input.PL2NoQeSd,input.cyfrun1,0.00283
input.PL2NoQeSdExt,input.cyfrun1,0.00000
input.PRISrun1,input.cyfrun1,0.00396
input.PRISrun2,input.cyfrun1,0.00000
input.PRISrun3,input.cyfrun1,0.01174
input.PRISrun4,input.cyfrun1,0.04874
input.QCRIwoTagOrg,input.cyfrun1,0.00052
input.QCRIwTagOrg,input.cyfrun1,0.00111
input.qHtagBaseRun,input.cyfrun1,0.00000
input.qRefLThresh,input.cyfrun1,0.00054
input.refBalRun,input.cyfrun1,0.00155
input.refRelRun,input.cyfrun1,0.01851
input.relevanceRun,input.cyfrun1,0.08187
input.RFD,input.cyfrun1,0.39086
input.ri,input.cyfrun1,0.82043
input.rit,input.cyfrun1,0.33027
input.rit3,input.cyfrun1,0.01418
input.RMITAR,input.cyfrun1,0.48081
input.RMITM,input.cyfrun1,0.71619
input.RMITMR,input.cyfrun1,0.59812
input.RMITMRR,input.cyfrun1,0.56338
input.Rocchio,input.cyfrun1,0.32840
input.RTB,input.cyfrun1,0.00000
input.run1,input.cyfrun1,0.03040
input.run1a,input.cyfrun1,0.00000
input.run1fix,input.cyfrun1,0.64880
input.run2,input.cyfrun1,0.01835
input.run2a,input.cyfrun1,0.00000
input.run3,input.cyfrun1,0.00030
input.run3a,input.cyfrun1,0.00000
input.run4,input.cyfrun1,0.00568
input.run4a,input.cyfrun1,0.00000
input.RunAll,input.cyfrun1,0.00019
input.RunFut,input.cyfrun1,0.00017
input.runNeMIS,input.cyfrun1,0.00000
input.runNeMISext,input.cyfrun1,0.00000
input.RunPure,input.cyfrun1,0.00032
input.scurtuRun1,input.cyfrun1,0.00002
input.sielrun1,input.cyfrun1,0.00000
input.sielrun2,input.cyfrun1,0.00002
input.sielrun3,input.cyfrun1,0.00011
input.sielrun4,input.cyfrun1,0.00002
input.SienaCL1B,input.cyfrun1,0.04653
input.SienaCL31,input.cyfrun1,0.03889
input.SienaCL342,input.cyfrun1,0.06593
input.SienaCLbase,input.cyfrun1,0.00160
input.simfoll,input.cyfrun1,0.26963
input.simfollTP01,input.cyfrun1,0.94200
input.sylesNoRes,input.cyfrun1,0.60190
input.tfTP01,input.cyfrun1,0.98056
input.udelIndri,input.cyfrun1,0.01443
input.udelLucene,input.cyfrun1,0.00000
input.UDMicroComb1,input.cyfrun1,0.00002
input.UDMicroComb2,input.cyfrun1,0.01458
input.UDMicroIDF,input.cyfrun1,0.07304
input.UDMicroIDFD,input.cyfrun1,0.00094
input.uicir1,input.cyfrun1,0.00000
input.uicir2,input.cyfrun1,0.00000
input.UIowaS1,input.cyfrun1,0.00073
input.UIowaS2,input.cyfrun1,0.00198
input.UIowaS3,input.cyfrun1,0.00222
input.UIowaS4,input.cyfrun1,0.33247
input.uiucsf,input.cyfrun1,0.00000
input.uogTrLqea,input.cyfrun1,0.00121
input.uogTrLqeabd,input.cyfrun1,0.00058
input.uogTrLqeabdd,input.cyfrun1,0.00025
input.uogTrUB2,input.cyfrun1,0.00004
input.UTBase,input.cyfrun1,0.00052
input.UTBaseRTF,input.cyfrun1,0.00000
input.UTWngFuture,input.cyfrun1,0.02817
input.UTWngFutureQ,input.cyfrun1,0.09645
input.waterlooa1,input.cyfrun1,0.10942
input.waterlooa2,input.cyfrun1,0.04053
input.waterlooa3,input.cyfrun1,0.35409
input.waterlooa4,input.cyfrun1,0.16341
input.WESTfilext,input.cyfrun1,0.00006
input.WESTfilter,input.cyfrun1,0.00066
input.WESTrelint,input.cyfrun1,0.00000
input.WESTrlext,input.cyfrun1,0.00000
input.Wise2ndRun,input.cyfrun1,0.99457
input.WiseFifthRun,input.cyfrun1,0.02689
input.WiseFouthRun,input.cyfrun1,0.06209
input.WiseThirdRun,input.cyfrun1,0.99457
input.ya3,input.cyfrun1,0.00000
input.ya4,input.cyfrun1,0.00000
input.YNDXTPC1,input.cyfrun1,0.00000
input.YNDXTPC2,input.cyfrun1,0.00000
input.dbpWISTUD,input.cyfrun2,0.00000
input.DFReeKLIM,input.cyfrun2,0.00000
input.DFReeKLIM30,input.cyfrun2,0.00034
input.DFReeKLIMDC,input.cyfrun2,0.00000
input.DFReeKLIMRA,input.cyfrun2,0.00000
input.dutirLmFb,input.cyfrun2,0.00000
input.dutirMixFb,input.cyfrun2,0.00000
input.dutirMixSp,input.cyfrun2,0.00000
input.dutirTfidfFb,input.cyfrun2,0.00164
input.EMAX,input.cyfrun2,0.00004
input.FASILKOM01,input.cyfrun2,0.01974
input.FASILKOM02,input.cyfrun2,0.00552
input.FASILKOM03,input.cyfrun2,0.08128
input.FASILKOM04,input.cyfrun2,0.00299
input.FDUNLP,input.cyfrun2,0.00110
input.FDUNLP2,input.cyfrun2,0.64400
input.Google1GNO,input.cyfrun2,0.00092
input.gus,input.cyfrun2,0.67776
input.gust,input.cyfrun2,0.81388
input.gustc,input.cyfrun2,0.81388
input.gut,input.cyfrun2,0.93763
input.hitWId,input.cyfrun2,0.00000
input.hitWIt,input.cyfrun2,0.00000
input.ICTNET11MBR1,input.cyfrun2,0.00000
input.ICTNET11MBR2,input.cyfrun2,0.00000
input.ICTNET11MBR3,input.cyfrun2,0.00000
input.ICTNET11MBR4,input.cyfrun2,0.00000
input.IDEAACTQE,input.cyfrun2,0.00002
input.IDEABASIC,input.cyfrun2,0.00003
input.IDEABASICACT,input.cyfrun2,0.00003
input.IDEABASICQE,input.cyfrun2,0.00002
input.ikmRun1,input.cyfrun2,0.21586
input.InL2c1,input.cyfrun2,0.22671
input.iritfd1,input.cyfrun2,0.00000
input.iritfd2,input.cyfrun2,0.00000
input.IRSIGoogle1G,input.cyfrun2,0.00029
input.IRSIGoogle2G,input.cyfrun2,0.00158
input.isiFD,input.cyfrun2,0.01470
input.isiFDL,input.cyfrun2,0.00318
input.isiFDRM,input.cyfrun2,0.00077
input.isiFDRML,input.cyfrun2,0.00035
input.kanopeRun,input.cyfrun2,0.00000
input.KAUSTBase,input.cyfrun2,0.50568
input.KAUSTExp,input.cyfrun2,0.75558
input.KAUSTExpRrnk,input.cyfrun2,0.13319
input.KAUSTRerank,input.cyfrun2,0.09227
input.LJQO10,input.cyfrun2,0.00042
input.LJQO5,input.cyfrun2,0.05262
input.LMOP10,input.cyfrun2,0.36864
input.LMOP5,input.cyfrun2,0.14658
input.LThresh,input.cyfrun2,0.66131
input.manualWISTUD,input.cyfrun2,0.00000
input.melblt,input.cyfrun2,0.36146
input.MONASH1NEW,input.cyfrun2,0.02973
input.MONASH2NEW,input.cyfrun2,0.17588
input.MorpheusRun1,input.cyfrun2,0.00000
input.mulnewWISTUD,input.cyfrun2,0.00010
input.myRun,input.cyfrun2,0.09013
input.myrun2,input.cyfrun2,0.00665
input.myrun3,input.cyfrun2,0.00703
input.Nestor,input.cyfrun2,0.67117
input.NestorS,input.cyfrun2,0.76067
input.normal,input.cyfrun2,0.22440
input.nQCRIwoTag,input.cyfrun2,0.82201
input.nQCRIwTag,input.cyfrun2,0.66391
input.omarRun,input.cyfrun2,0.58433
input.PKUICST,input.cyfrun2,0.00000
input.PKUICST2,input.cyfrun2,0.00010
input.PKUICST3,input.cyfrun2,0.00000
input.PKUICST4,input.cyfrun2,0.00000
input.PL2Bo1SDExt,input.cyfrun2,0.00000
input.PL2NoQENoDM,input.cyfrun2,0.39248
input.PL2NoQeSd,input.cyfrun2,0.47713
input.PL2NoQeSdExt,input.cyfrun2,0.00000
input.PRISrun1,input.cyfrun2,0.00000
input.PRISrun2,input.cyfrun2,0.00000
input.PRISrun3,input.cyfrun2,0.00000
input.PRISrun4,input.cyfrun2,0.00000
input.QCRIwoTagOrg,input.cyfrun2,0.82201
input.QCRIwTagOrg,input.cyfrun2,0.66391
input.qHtagBaseRun,input.cyfrun2,0.19275
input.qRefLThresh,input.cyfrun2,0.81467
input.refBalRun,input.cyfrun2,0.59505
input.refRelRun,input.cyfrun2,0.17990
input.relevanceRun,input.cyfrun2,0.05043
input.RFD,input.cyfrun2,0.00454
input.ri,input.cyfrun2,0.00009
input.rit,input.cyfrun2,0.00648
input.rit3,input.cyfrun2,0.21365
input.RMITAR,input.cyfrun2,0.00001
input.RMITM,input.cyfrun2,0.00005
input.RMITMR,input.cyfrun2,0.00002
input.RMITMRR,input.cyfrun2,0.00182
input.Rocchio,input.cyfrun2,0.00655
input.RTB,input.cyfrun2,0.00000
input.run1,input.cyfrun2,0.12569
input.run1a,input.cyfrun2,0.00016
input.run1fix,input.cyfrun2,0.00003
input.run2,input.cyfrun2,0.00000
input.run2a,input.cyfrun2,0.00094
input.run3,input.cyfrun2,0.00000
input.run3a,input.cyfrun2,0.02042
input.run4,input.cyfrun2,0.00000
input.run4a,input.cyfrun2,0.01587
input.RunAll,input.cyfrun2,0.96788
input.RunFut,input.cyfrun2,0.94994
input.runNeMIS,input.cyfrun2,0.09924
input.runNeMISext,input.cyfrun2,0.19094
input.RunPure,input.cyfrun2,0.92215
input.scurtuRun1,input.cyfrun2,0.53577
input.sielrun1,input.cyfrun2,0.26573
input.sielrun2,input.cyfrun2,0.58779
input.sielrun3,input.cyfrun2,0.85618
input.sielrun4,input.cyfrun2,0.56689
input.SienaCL1B,input.cyfrun2,0.08807
input.SienaCL31,input.cyfrun2,0.10291
input.SienaCL342,input.cyfrun2,0.06327
input.SienaCLbase,input.cyfrun2,0.58960
input.simfoll,input.cyfrun2,0.00000
input.simfollTP01,input.cyfrun2,0.00016
input.sylesNoRes,input.cyfrun2,0.00150
input.tfTP01,input.cyfrun2,0.00020
input.udelIndri,input.cyfrun2,0.21133
input.udelLucene,input.cyfrun2,0.00000
input.UDMicroComb1,input.cyfrun2,0.57889
input.UDMicroComb2,input.cyfrun2,0.20996
input.UDMicroIDF,input.cyfrun2,0.05695
input.UDMicroIDFD,input.cyfrun2,0.69869
input.uicir1,input.cyfrun2,0.10348
input.uicir2,input.cyfrun2,0.36578
input.UIowaS1,input.cyfrun2,0.74955
input.UIowaS2,input.cyfrun2,0.54605
input.UIowaS3,input.cyfrun2,0.52407
input.UIowaS4,input.cyfrun2,0.00639
input.uiucsf,input.cyfrun2,0.00000
input.uogTrLqea,input.cyfrun2,0.64640
input.uogTrLqeabd,input.cyfrun2,0.79968
input.uogTrLqeabdd,input.cyfrun2,0.96888
input.uogTrUB2,input.cyfrun2,0.67671
input.UTBase,input.cyfrun2,0.81959
input.UTBaseRTF,input.cyfrun2,0.00000
input.UTWngFuture,input.cyfrun2,0.13327
input.UTWngFutureQ,input.cyfrun2,0.04196
input.waterlooa1,input.cyfrun2,0.03613
input.waterlooa2,input.cyfrun2,0.09936
input.waterlooa3,input.cyfrun2,0.00561
input.waterlooa4,input.cyfrun2,0.02131
input.WESTfilext,input.cyfrun2,0.74467
input.WESTfilter,input.cyfrun2,0.77262
input.WESTrelint,input.cyfrun2,0.07781
input.WESTrlext,input.cyfrun2,0.03087
input.Wise2ndRun,input.cyfrun2,0.00021
input.WiseFifthRun,input.cyfrun2,0.13806
input.WiseFouthRun,input.cyfrun2,0.06717
input.WiseThirdRun,input.cyfrun2,0.00021
input.ya3,input.cyfrun2,0.08736
input.ya4,input.cyfrun2,0.12892
input.YNDXTPC1,input.cyfrun2,0.26820
input.YNDXTPC2,input.cyfrun2,0.36001
input.DFReeKLIM,input.dbpWISTUD,0.01035
input.DFReeKLIM30,input.dbpWISTUD,0.00001
input.DFReeKLIMDC,input.dbpWISTUD,0.23194
input.DFReeKLIMRA,input.dbpWISTUD,0.18551
input.dutirLmFb,input.dbpWISTUD,0.01033
input.dutirMixFb,input.dbpWISTUD,0.00807
input.dutirMixSp,input.dbpWISTUD,0.02921
input.dutirTfidfFb,input.dbpWISTUD,0.00000
input.EMAX,input.dbpWISTUD,0.00000
input.FASILKOM01,input.dbpWISTUD,0.00000
input.FASILKOM02,input.dbpWISTUD,0.00000
input.FASILKOM03,input.dbpWISTUD,0.00000
input.FASILKOM04,input.dbpWISTUD,0.00000
input.FDUNLP,input.dbpWISTUD,0.00000
input.FDUNLP2,input.dbpWISTUD,0.00000
input.Google1GNO,input.dbpWISTUD,0.00000
input.gus,input.dbpWISTUD,0.00000
input.gust,input.dbpWISTUD,0.00000
input.gustc,input.dbpWISTUD,0.00000
input.gut,input.dbpWISTUD,0.00000
input.hitWId,input.dbpWISTUD,0.79327
input.hitWIt,input.dbpWISTUD,0.81750
input.ICTNET11MBR1,input.dbpWISTUD,0.57868
input.ICTNET11MBR2,input.dbpWISTUD,0.11317
input.ICTNET11MBR3,input.dbpWISTUD,0.68249
input.ICTNET11MBR4,input.dbpWISTUD,0.65435
input.IDEAACTQE,input.dbpWISTUD,0.00018
input.IDEABASIC,input.dbpWISTUD,0.00010
input.IDEABASICACT,input.dbpWISTUD,0.00010
input.IDEABASICQE,input.dbpWISTUD,0.00019
input.ikmRun1,input.dbpWISTUD,0.00000
input.InL2c1,input.dbpWISTUD,0.00000
input.iritfd1,input.dbpWISTUD,0.00787
input.iritfd2,input.dbpWISTUD,0.00066
input.IRSIGoogle1G,input.dbpWISTUD,0.00001
input.IRSIGoogle2G,input.dbpWISTUD,0.00000
input.isiFD,input.dbpWISTUD,0.00000
input.isiFDL,input.dbpWISTUD,0.00000
input.isiFDRM,input.dbpWISTUD,0.00000
input.isiFDRML,input.dbpWISTUD,0.00001
input.kanopeRun,input.dbpWISTUD,0.00000
input.KAUSTBase,input.dbpWISTUD,0.00000
input.KAUSTExp,input.dbpWISTUD,0.00000
input.KAUSTExpRrnk,input.dbpWISTUD,0.00000
input.KAUSTRerank,input.dbpWISTUD,0.00000
input.LJQO10,input.dbpWISTUD,0.00001
input.LJQO5,input.dbpWISTUD,0.00000
input.LMOP10,input.dbpWISTUD,0.00000
input.LMOP5,input.dbpWISTUD,0.00000
input.LThresh,input.dbpWISTUD,0.00000
input.manualWISTUD,input.dbpWISTUD,0.00117
input.melblt,input.dbpWISTUD,0.00000
input.MONASH1NEW,input.dbpWISTUD,0.00000
input.MONASH2NEW,input.dbpWISTUD,0.00000
input.MorpheusRun1,input.dbpWISTUD,0.00000
input.mulnewWISTUD,input.dbpWISTUD,0.00003
input.myRun,input.dbpWISTUD,0.00000
input.myrun2,input.dbpWISTUD,0.00000
input.myrun3,input.dbpWISTUD,0.00000
input.Nestor,input.dbpWISTUD,0.00000
input.NestorS,input.dbpWISTUD,0.00000
input.normal,input.dbpWISTUD,0.00000
input.nQCRIwoTag,input.dbpWISTUD,0.00000
input.nQCRIwTag,input.dbpWISTUD,0.00000
input.omarRun,input.dbpWISTUD,0.00000
input.PKUICST,input.dbpWISTUD,0.08148
input.PKUICST2,input.dbpWISTUD,0.00003
input.PKUICST3,input.dbpWISTUD,0.58795
input.PKUICST4,input.dbpWISTUD,0.09535
input.PL2Bo1SDExt,input.dbpWISTUD,0.00000
input.PL2NoQENoDM,input.dbpWISTUD,0.00000
input.PL2NoQeSd,input.dbpWISTUD,0.00000
input.PL2NoQeSdExt,input.dbpWISTUD,0.00000
input.PRISrun1,input.dbpWISTUD,0.13923
input.PRISrun2,input.dbpWISTUD,0.03906
input.PRISrun3,input.dbpWISTUD,0.06576
input.PRISrun4,input.dbpWISTUD,0.01688
input.QCRIwoTagOrg,input.dbpWISTUD,0.00000
input.QCRIwTagOrg,input.dbpWISTUD,0.00000
input.qHtagBaseRun,input.dbpWISTUD,0.00000
input.qRefLThresh,input.dbpWISTUD,0.00000
input.refBalRun,input.dbpWISTUD,0.00000
input.refRelRun,input.dbpWISTUD,0.00000
input.relevanceRun,input.dbpWISTUD,0.00000
input.RFD,input.dbpWISTUD,0.00000
input.ri,input.dbpWISTUD,0.00004
input.rit,input.dbpWISTUD,0.00000
input.rit3,input.dbpWISTUD,0.00000
input.RMITAR,input.dbpWISTUD,0.00026
input.RMITM,input.dbpWISTUD,0.00006
input.RMITMR,input.dbpWISTUD,0.00013
input.RMITMRR,input.dbpWISTUD,0.00000
input.Rocchio,input.dbpWISTUD,0.00000
input.RTB,input.dbpWISTUD,0.00000
input.run1,input.dbpWISTUD,0.00000
input.run1a,input.dbpWISTUD,0.00000
input.run1fix,input.dbpWISTUD,0.00009
input.run2,input.dbpWISTUD,0.04534
input.run2a,input.dbpWISTUD,0.00000
input.run3,input.dbpWISTUD,0.45774
input.run3a,input.dbpWISTUD,0.00000
input.run4,input.dbpWISTUD,0.11080
input.run4a,input.dbpWISTUD,0.00000
input.RunAll,input.dbpWISTUD,0.00000
input.RunFut,input.dbpWISTUD,0.00000
input.runNeMIS,input.dbpWISTUD,0.00000
input.runNeMISext,input.dbpWISTUD,0.00000
input.RunPure,input.dbpWISTUD,0.00000
input.scurtuRun1,input.dbpWISTUD,0.00000
input.sielrun1,input.dbpWISTUD,0.00000
input.sielrun2,input.dbpWISTUD,0.00000
input.sielrun3,input.dbpWISTUD,0.00000
input.sielrun4,input.dbpWISTUD,0.00000
input.SienaCL1B,input.dbpWISTUD,0.00000
input.SienaCL31,input.dbpWISTUD,0.00000
input.SienaCL342,input.dbpWISTUD,0.00000
input.SienaCLbase,input.dbpWISTUD,0.00000
input.simfoll,input.dbpWISTUD,0.00113
input.simfollTP01,input.dbpWISTUD,0.00002
input.sylesNoRes,input.dbpWISTUD,0.00000
input.tfTP01,input.dbpWISTUD,0.00001
input.udelIndri,input.dbpWISTUD,0.00000
input.udelLucene,input.dbpWISTUD,0.00000
input.UDMicroComb1,input.dbpWISTUD,0.00000
input.UDMicroComb2,input.dbpWISTUD,0.00000
input.UDMicroIDF,input.dbpWISTUD,0.00000
input.UDMicroIDFD,input.dbpWISTUD,0.00000
input.uicir1,input.dbpWISTUD,0.00000
input.uicir2,input.dbpWISTUD,0.00000
input.UIowaS1,input.dbpWISTUD,0.00000
input.UIowaS2,input.dbpWISTUD,0.00000
input.UIowaS3,input.dbpWISTUD,0.00000
input.UIowaS4,input.dbpWISTUD,0.00000
input.uiucsf,input.dbpWISTUD,0.00000
input.uogTrLqea,input.dbpWISTUD,0.00000
input.uogTrLqeabd,input.dbpWISTUD,0.00000
input.uogTrLqeabdd,input.dbpWISTUD,0.00000
input.uogTrUB2,input.dbpWISTUD,0.00000
input.UTBase,input.dbpWISTUD,0.00000
input.UTBaseRTF,input.dbpWISTUD,0.00000
input.UTWngFuture,input.dbpWISTUD,0.00000
input.UTWngFutureQ,input.dbpWISTUD,0.00000
input.waterlooa1,input.dbpWISTUD,0.00000
input.waterlooa2,input.dbpWISTUD,0.00000
input.waterlooa3,input.dbpWISTUD,0.00000
input.waterlooa4,input.dbpWISTUD,0.00000
input.WESTfilext,input.dbpWISTUD,0.00000
input.WESTfilter,input.dbpWISTUD,0.00000
input.WESTrelint,input.dbpWISTUD,0.00000
input.WESTrlext,input.dbpWISTUD,0.00000
input.Wise2ndRun,input.dbpWISTUD,0.00001
input.WiseFifthRun,input.dbpWISTUD,0.00000
input.WiseFouthRun,input.dbpWISTUD,0.00000
input.WiseThirdRun,input.dbpWISTUD,0.00001
input.ya3,input.dbpWISTUD,0.00000
input.ya4,input.dbpWISTUD,0.00000
input.YNDXTPC1,input.dbpWISTUD,0.00000
input.YNDXTPC2,input.dbpWISTUD,0.00000
input.DFReeKLIM30,input.DFReeKLIM,0.00000
input.DFReeKLIMDC,input.DFReeKLIM,0.00017
input.DFReeKLIMRA,input.DFReeKLIM,0.00010
input.dutirLmFb,input.DFReeKLIM,0.00000
input.dutirMixFb,input.DFReeKLIM,0.00000
input.dutirMixSp,input.DFReeKLIM,0.00000
input.dutirTfidfFb,input.DFReeKLIM,0.00000
input.EMAX,input.DFReeKLIM,0.00000
input.FASILKOM01,input.DFReeKLIM,0.00000
input.FASILKOM02,input.DFReeKLIM,0.00000
input.FASILKOM03,input.DFReeKLIM,0.00000
input.FASILKOM04,input.DFReeKLIM,0.00000
input.FDUNLP,input.DFReeKLIM,0.00000
input.FDUNLP2,input.DFReeKLIM,0.00000
input.Google1GNO,input.DFReeKLIM,0.00000
input.gus,input.DFReeKLIM,0.00000
input.gust,input.DFReeKLIM,0.00000
input.gustc,input.DFReeKLIM,0.00000
input.gut,input.DFReeKLIM,0.00000
input.hitWId,input.DFReeKLIM,0.00472
input.hitWIt,input.DFReeKLIM,0.00520
input.ICTNET11MBR1,input.DFReeKLIM,0.04460
input.ICTNET11MBR2,input.DFReeKLIM,0.00003
input.ICTNET11MBR3,input.DFReeKLIM,0.03119
input.ICTNET11MBR4,input.DFReeKLIM,0.03434
input.IDEAACTQE,input.DFReeKLIM,0.00000
input.IDEABASIC,input.DFReeKLIM,0.00000
input.IDEABASICACT,input.DFReeKLIM,0.00000
input.IDEABASICQE,input.DFReeKLIM,0.00000
input.ikmRun1,input.DFReeKLIM,0.00000
input.InL2c1,input.DFReeKLIM,0.00000
input.iritfd1,input.DFReeKLIM,0.00000
input.iritfd2,input.DFReeKLIM,0.00000
input.IRSIGoogle1G,input.DFReeKLIM,0.00000
input.IRSIGoogle2G,input.DFReeKLIM,0.00000
input.isiFD,input.DFReeKLIM,0.00000
input.isiFDL,input.DFReeKLIM,0.00000
input.isiFDRM,input.DFReeKLIM,0.00000
input.isiFDRML,input.DFReeKLIM,0.00000
input.kanopeRun,input.DFReeKLIM,0.00000
input.KAUSTBase,input.DFReeKLIM,0.00000
input.KAUSTExp,input.DFReeKLIM,0.00000
input.KAUSTExpRrnk,input.DFReeKLIM,0.00000
input.KAUSTRerank,input.DFReeKLIM,0.00000
input.LJQO10,input.DFReeKLIM,0.00000
input.LJQO5,input.DFReeKLIM,0.00000
input.LMOP10,input.DFReeKLIM,0.00000
input.LMOP5,input.DFReeKLIM,0.00000
input.LThresh,input.DFReeKLIM,0.00000
input.manualWISTUD,input.DFReeKLIM,0.00000
input.melblt,input.DFReeKLIM,0.00000
input.MONASH1NEW,input.DFReeKLIM,0.00000
input.MONASH2NEW,input.DFReeKLIM,0.00000
input.MorpheusRun1,input.DFReeKLIM,0.00000
input.mulnewWISTUD,input.DFReeKLIM,0.00000
input.myRun,input.DFReeKLIM,0.00000
input.myrun2,input.DFReeKLIM,0.00000
input.myrun3,input.DFReeKLIM,0.00000
input.Nestor,input.DFReeKLIM,0.00000
input.NestorS,input.DFReeKLIM,0.00000
input.normal,input.DFReeKLIM,0.00000
input.nQCRIwoTag,input.DFReeKLIM,0.00000
input.nQCRIwTag,input.DFReeKLIM,0.00000
input.omarRun,input.DFReeKLIM,0.00000
input.PKUICST,input.DFReeKLIM,0.00002
input.PKUICST2,input.DFReeKLIM,0.00000
input.PKUICST3,input.DFReeKLIM,0.00190
input.PKUICST4,input.DFReeKLIM,0.37029
input.PL2Bo1SDExt,input.DFReeKLIM,0.00000
input.PL2NoQENoDM,input.DFReeKLIM,0.00000
input.PL2NoQeSd,input.DFReeKLIM,0.00000
input.PL2NoQeSdExt,input.DFReeKLIM,0.00000
input.PRISrun1,input.DFReeKLIM,0.00005
input.PRISrun2,input.DFReeKLIM,0.61695
input.PRISrun3,input.DFReeKLIM,0.00001
input.PRISrun4,input.DFReeKLIM,0.00000
input.QCRIwoTagOrg,input.DFReeKLIM,0.00000
input.QCRIwTagOrg,input.DFReeKLIM,0.00000
input.qHtagBaseRun,input.DFReeKLIM,0.00000
input.qRefLThresh,input.DFReeKLIM,0.00000
input.refBalRun,input.DFReeKLIM,0.00000
input.refRelRun,input.DFReeKLIM,0.00000
input.relevanceRun,input.DFReeKLIM,0.00000
input.RFD,input.DFReeKLIM,0.00000
input.ri,input.DFReeKLIM,0.00000
input.rit,input.DFReeKLIM,0.00000
input.rit3,input.DFReeKLIM,0.00000
input.RMITAR,input.DFReeKLIM,0.00000
input.RMITM,input.DFReeKLIM,0.00000
input.RMITMR,input.DFReeKLIM,0.00000
input.RMITMRR,input.DFReeKLIM,0.00000
input.Rocchio,input.DFReeKLIM,0.00000
input.RTB,input.DFReeKLIM,0.00000
input.run1,input.DFReeKLIM,0.00000
input.run1a,input.DFReeKLIM,0.00000
input.run1fix,input.DFReeKLIM,0.00000
input.run2,input.DFReeKLIM,0.00000
input.run2a,input.DFReeKLIM,0.00000
input.run3,input.DFReeKLIM,0.00095
input.run3a,input.DFReeKLIM,0.00000
input.run4,input.DFReeKLIM,0.00003
input.run4a,input.DFReeKLIM,0.00000
input.RunAll,input.DFReeKLIM,0.00000
input.RunFut,input.DFReeKLIM,0.00000
input.runNeMIS,input.DFReeKLIM,0.00000
input.runNeMISext,input.DFReeKLIM,0.00000
input.RunPure,input.DFReeKLIM,0.00000
input.scurtuRun1,input.DFReeKLIM,0.00000
input.sielrun1,input.DFReeKLIM,0.00000
input.sielrun2,input.DFReeKLIM,0.00000
input.sielrun3,input.DFReeKLIM,0.00000
input.sielrun4,input.DFReeKLIM,0.00000
input.SienaCL1B,input.DFReeKLIM,0.00000
input.SienaCL31,input.DFReeKLIM,0.00000
input.SienaCL342,input.DFReeKLIM,0.00000
input.SienaCLbase,input.DFReeKLIM,0.00000
input.simfoll,input.DFReeKLIM,0.00000
input.simfollTP01,input.DFReeKLIM,0.00000
input.sylesNoRes,input.DFReeKLIM,0.00000
input.tfTP01,input.DFReeKLIM,0.00000
input.udelIndri,input.DFReeKLIM,0.00000
input.udelLucene,input.DFReeKLIM,0.00000
input.UDMicroComb1,input.DFReeKLIM,0.00000
input.UDMicroComb2,input.DFReeKLIM,0.00000
input.UDMicroIDF,input.DFReeKLIM,0.00000
input.UDMicroIDFD,input.DFReeKLIM,0.00000
input.uicir1,input.DFReeKLIM,0.00000
input.uicir2,input.DFReeKLIM,0.00000
input.UIowaS1,input.DFReeKLIM,0.00000
input.UIowaS2,input.DFReeKLIM,0.00000
input.UIowaS3,input.DFReeKLIM,0.00000
input.UIowaS4,input.DFReeKLIM,0.00000
input.uiucsf,input.DFReeKLIM,0.00000
input.uogTrLqea,input.DFReeKLIM,0.00000
input.uogTrLqeabd,input.DFReeKLIM,0.00000
input.uogTrLqeabdd,input.DFReeKLIM,0.00000
input.uogTrUB2,input.DFReeKLIM,0.00000
input.UTBase,input.DFReeKLIM,0.00000
input.UTBaseRTF,input.DFReeKLIM,0.00000
input.UTWngFuture,input.DFReeKLIM,0.00000
input.UTWngFutureQ,input.DFReeKLIM,0.00000
input.waterlooa1,input.DFReeKLIM,0.00000
input.waterlooa2,input.DFReeKLIM,0.00000
input.waterlooa3,input.DFReeKLIM,0.00000
input.waterlooa4,input.DFReeKLIM,0.00000
input.WESTfilext,input.DFReeKLIM,0.00000
input.WESTfilter,input.DFReeKLIM,0.00000
input.WESTrelint,input.DFReeKLIM,0.00000
input.WESTrlext,input.DFReeKLIM,0.00000
input.Wise2ndRun,input.DFReeKLIM,0.00000
input.WiseFifthRun,input.DFReeKLIM,0.00000
input.WiseFouthRun,input.DFReeKLIM,0.00000
input.WiseThirdRun,input.DFReeKLIM,0.00000
input.ya3,input.DFReeKLIM,0.00000
input.ya4,input.DFReeKLIM,0.00000
input.YNDXTPC1,input.DFReeKLIM,0.00000
input.YNDXTPC2,input.DFReeKLIM,0.00000
input.DFReeKLIMDC,input.DFReeKLIM30,0.00103
input.DFReeKLIMRA,input.DFReeKLIM30,0.00162
input.dutirLmFb,input.DFReeKLIM30,0.05586
input.dutirMixFb,input.DFReeKLIM30,0.06764
input.dutirMixSp,input.DFReeKLIM30,0.02167
input.dutirTfidfFb,input.DFReeKLIM30,0.66638
input.EMAX,input.DFReeKLIM30,0.00000
input.FASILKOM01,input.DFReeKLIM30,0.21192
input.FASILKOM02,input.DFReeKLIM30,0.42095
input.FASILKOM03,input.DFReeKLIM30,0.06631
input.FASILKOM04,input.DFReeKLIM30,0.54129
input.FDUNLP,input.DFReeKLIM30,0.75168
input.FDUNLP2,input.DFReeKLIM30,0.00182
input.Google1GNO,input.DFReeKLIM30,0.79134
input.gus,input.DFReeKLIM30,0.00006
input.gust,input.DFReeKLIM30,0.00014
input.gustc,input.DFReeKLIM30,0.00014
input.gut,input.DFReeKLIM30,0.00046
input.hitWId,input.DFReeKLIM30,0.00003
input.hitWIt,input.DFReeKLIM30,0.00002
input.ICTNET11MBR1,input.DFReeKLIM30,0.00000
input.ICTNET11MBR2,input.DFReeKLIM30,0.00382
input.ICTNET11MBR3,input.DFReeKLIM30,0.00000
input.ICTNET11MBR4,input.DFReeKLIM30,0.00000
input.IDEAACTQE,input.DFReeKLIM30,0.46329
input.IDEABASIC,input.DFReeKLIM30,0.56020
input.IDEABASICACT,input.DFReeKLIM30,0.56020
input.IDEABASICQE,input.DFReeKLIM30,0.45532
input.ikmRun1,input.DFReeKLIM30,0.01918
input.InL2c1,input.DFReeKLIM30,0.01775
input.iritfd1,input.DFReeKLIM30,0.06892
input.iritfd2,input.DFReeKLIM30,0.28344
input.IRSIGoogle1G,input.DFReeKLIM30,0.96469
input.IRSIGoogle2G,input.DFReeKLIM30,0.67461
input.isiFD,input.DFReeKLIM30,0.25428
input.isiFDL,input.DFReeKLIM30,0.52898
input.isiFDRM,input.DFReeKLIM30,0.82796
input.isiFDRML,input.DFReeKLIM30,0.99604
input.kanopeRun,input.DFReeKLIM30,0.00000
input.KAUSTBase,input.DFReeKLIM30,0.00357
input.KAUSTExp,input.DFReeKLIM30,0.00108
input.KAUSTExpRrnk,input.DFReeKLIM30,0.03771
input.KAUSTRerank,input.DFReeKLIM30,0.05795
input.LJQO10,input.DFReeKLIM30,0.95969
input.LJQO5,input.DFReeKLIM30,0.10067
input.LMOP10,input.DFReeKLIM30,0.00735
input.LMOP5,input.DFReeKLIM30,0.00000
input.LThresh,input.DFReeKLIM30,0.00168
input.manualWISTUD,input.DFReeKLIM30,0.21820
input.melblt,input.DFReeKLIM30,0.00765
input.MONASH1NEW,input.DFReeKLIM30,0.15972
input.MONASH2NEW,input.DFReeKLIM30,0.02601
input.MorpheusRun1,input.DFReeKLIM30,0.00000
input.mulnewWISTUD,input.DFReeKLIM30,0.75695
input.myRun,input.DFReeKLIM30,0.05944
input.myrun2,input.DFReeKLIM30,0.38649
input.myrun3,input.DFReeKLIM30,0.37648
input.Nestor,input.DFReeKLIM30,0.00160
input.NestorS,input.DFReeKLIM30,0.00106
input.normal,input.DFReeKLIM30,0.01804
input.nQCRIwoTag,input.DFReeKLIM30,0.00079
input.nQCRIwTag,input.DFReeKLIM30,0.00166
input.omarRun,input.DFReeKLIM30,0.00004
input.PKUICST,input.DFReeKLIM30,0.00625
input.PKUICST2,input.DFReeKLIM30,0.76222
input.PKUICST3,input.DFReeKLIM30,0.00008
input.PKUICST4,input.DFReeKLIM30,0.00000
input.PL2Bo1SDExt,input.DFReeKLIM30,0.00000
input.PL2NoQENoDM,input.DFReeKLIM30,0.00644
input.PL2NoQeSd,input.DFReeKLIM30,0.00412
input.PL2NoQeSdExt,input.DFReeKLIM30,0.00000
input.PRISrun1,input.DFReeKLIM30,0.00272
input.PRISrun2,input.DFReeKLIM30,0.00000
input.PRISrun3,input.DFReeKLIM30,0.00837
input.PRISrun4,input.DFReeKLIM30,0.03685
input.QCRIwoTagOrg,input.DFReeKLIM30,0.00079
input.QCRIwTagOrg,input.DFReeKLIM30,0.00166
input.qHtagBaseRun,input.DFReeKLIM30,0.00000
input.qRefLThresh,input.DFReeKLIM30,0.00082
input.refBalRun,input.DFReeKLIM30,0.00230
input.refRelRun,input.DFReeKLIM30,0.02519
input.relevanceRun,input.DFReeKLIM30,0.10452
input.RFD,input.DFReeKLIM30,0.45842
input.ri,input.DFReeKLIM30,0.73115
input.rit,input.DFReeKLIM30,0.39146
input.rit3,input.DFReeKLIM30,0.01949
input.RMITAR,input.DFReeKLIM30,0.41130
input.RMITM,input.DFReeKLIM30,0.63111
input.RMITMR,input.DFReeKLIM30,0.51976
input.RMITMRR,input.DFReeKLIM30,0.64464
input.Rocchio,input.DFReeKLIM30,0.38938
input.RTB,input.DFReeKLIM30,0.00000
input.run1,input.DFReeKLIM30,0.04053
input.run1a,input.DFReeKLIM30,0.00000
input.run1fix,input.DFReeKLIM30,0.56730
input.run2,input.DFReeKLIM30,0.01332
input.run2a,input.DFReeKLIM30,0.00000
input.run3,input.DFReeKLIM30,0.00019
input.run3a,input.DFReeKLIM30,0.00000
input.run4,input.DFReeKLIM30,0.00395
input.run4a,input.DFReeKLIM30,0.00000
input.RunAll,input.DFReeKLIM30,0.00029
input.RunFut,input.DFReeKLIM30,0.00027
input.runNeMIS,input.DFReeKLIM30,0.00000
input.runNeMISext,input.DFReeKLIM30,0.00000
input.RunPure,input.DFReeKLIM30,0.00050
input.scurtuRun1,input.DFReeKLIM30,0.00003
input.sielrun1,input.DFReeKLIM30,0.00000
input.sielrun2,input.DFReeKLIM30,0.00004
input.sielrun3,input.DFReeKLIM30,0.00017
input.sielrun4,input.DFReeKLIM30,0.00003
input.SienaCL1B,input.DFReeKLIM30,0.06093
input.SienaCL31,input.DFReeKLIM30,0.05133
input.SienaCL342,input.DFReeKLIM30,0.08501
input.SienaCLbase,input.DFReeKLIM30,0.00236
input.simfoll,input.DFReeKLIM30,0.22226
input.simfollTP01,input.DFReeKLIM30,0.84981
input.sylesNoRes,input.DFReeKLIM30,0.68543
input.tfTP01,input.DFReeKLIM30,0.88789
input.udelIndri,input.DFReeKLIM30,0.01982
input.udelLucene,input.DFReeKLIM30,0.00000
input.UDMicroComb1,input.DFReeKLIM30,0.00004
input.UDMicroComb2,input.DFReeKLIM30,0.02002
input.UDMicroIDF,input.DFReeKLIM30,0.09375
input.UDMicroIDFD,input.DFReeKLIM30,0.00141
input.uicir1,input.DFReeKLIM30,0.00000
input.uicir2,input.DFReeKLIM30,0.00001
input.UIowaS1,input.DFReeKLIM30,0.00111
input.UIowaS2,input.DFReeKLIM30,0.00292
input.UIowaS3,input.DFReeKLIM30,0.00326
input.UIowaS4,input.DFReeKLIM30,0.39391
input.uiucsf,input.DFReeKLIM30,0.00000
input.uogTrLqea,input.DFReeKLIM30,0.00180
input.uogTrLqeabd,input.DFReeKLIM30,0.00088
input.uogTrLqeabdd,input.DFReeKLIM30,0.00040
input.uogTrUB2,input.DFReeKLIM30,0.00006
input.UTBase,input.DFReeKLIM30,0.00080
input.UTBaseRTF,input.DFReeKLIM30,0.00000
input.UTWngFuture,input.DFReeKLIM30,0.03768
input.UTWngFutureQ,input.DFReeKLIM30,0.12217
input.waterlooa1,input.DFReeKLIM30,0.13775
input.waterlooa2,input.DFReeKLIM30,0.05340
input.waterlooa3,input.DFReeKLIM30,0.41789
input.waterlooa4,input.DFReeKLIM30,0.20157
input.WESTfilext,input.DFReeKLIM30,0.00009
input.WESTfilter,input.DFReeKLIM30,0.00100
input.WESTrelint,input.DFReeKLIM30,0.00000
input.WESTrlext,input.DFReeKLIM30,0.00000
input.Wise2ndRun,input.DFReeKLIM30,0.90178
input.WiseFifthRun,input.DFReeKLIM30,0.03603
input.WiseFouthRun,input.DFReeKLIM30,0.08028
input.WiseThirdRun,input.DFReeKLIM30,0.90178
input.ya3,input.DFReeKLIM30,0.00000
input.ya4,input.DFReeKLIM30,0.00000
input.YNDXTPC1,input.DFReeKLIM30,0.00000
input.YNDXTPC2,input.DFReeKLIM30,0.00001
input.DFReeKLIMRA,input.DFReeKLIMDC,0.89766
input.dutirLmFb,input.DFReeKLIMDC,0.17095
input.dutirMixFb,input.DFReeKLIMDC,0.14599
input.dutirMixSp,input.DFReeKLIMDC,0.32451
input.dutirTfidfFb,input.DFReeKLIMDC,0.00021
input.EMAX,input.DFReeKLIMDC,0.00000
input.FASILKOM01,input.DFReeKLIMDC,0.00001
input.FASILKOM02,input.DFReeKLIMDC,0.00004
input.FASILKOM03,input.DFReeKLIMDC,0.00000
input.FASILKOM04,input.DFReeKLIMDC,0.00010
input.FDUNLP,input.DFReeKLIMDC,0.00032
input.FDUNLP2,input.DFReeKLIMDC,0.00000
input.Google1GNO,input.DFReeKLIMDC,0.00039
input.gus,input.DFReeKLIMDC,0.00000
input.gust,input.DFReeKLIMDC,0.00000
input.gustc,input.DFReeKLIMDC,0.00000
input.gut,input.DFReeKLIMDC,0.00000
input.hitWId,input.DFReeKLIMDC,0.35066
input.hitWIt,input.DFReeKLIMDC,0.33474
input.ICTNET11MBR1,input.DFReeKLIMDC,0.08000
input.ICTNET11MBR2,input.DFReeKLIMDC,0.69750
input.ICTNET11MBR3,input.DFReeKLIMDC,0.10861
input.ICTNET11MBR4,input.DFReeKLIMDC,0.10036
input.IDEAACTQE,input.DFReeKLIMDC,0.01084
input.IDEABASIC,input.DFReeKLIMDC,0.00696
input.IDEABASICACT,input.DFReeKLIMDC,0.00696
input.IDEABASICQE,input.DFReeKLIMDC,0.01126
input.ikmRun1,input.DFReeKLIMDC,0.00000
input.InL2c1,input.DFReeKLIMDC,0.00000
input.iritfd1,input.DFReeKLIMDC,0.14366
input.iritfd2,input.DFReeKLIMDC,0.02720
input.IRSIGoogle1G,input.DFReeKLIMDC,0.00121
input.IRSIGoogle2G,input.DFReeKLIMDC,0.00021
input.isiFD,input.DFReeKLIMDC,0.00001
input.isiFDL,input.DFReeKLIMDC,0.00009
input.isiFDRM,input.DFReeKLIMDC,0.00047
input.isiFDRML,input.DFReeKLIMDC,0.00102
input.kanopeRun,input.DFReeKLIMDC,0.00000
input.KAUSTBase,input.DFReeKLIMDC,0.00000
input.KAUSTExp,input.DFReeKLIMDC,0.00000
input.KAUSTExpRrnk,input.DFReeKLIMDC,0.00000
input.KAUSTRerank,input.DFReeKLIMDC,0.00000
input.LJQO10,input.DFReeKLIMDC,0.00086
input.LJQO5,input.DFReeKLIMDC,0.00000
input.LMOP10,input.DFReeKLIMDC,0.00000
input.LMOP5,input.DFReeKLIMDC,0.00000
input.LThresh,input.DFReeKLIMDC,0.00000
input.manualWISTUD,input.DFReeKLIMDC,0.04037
input.melblt,input.DFReeKLIMDC,0.00000
input.MONASH1NEW,input.DFReeKLIMDC,0.00000
input.MONASH2NEW,input.DFReeKLIMDC,0.00000
input.MorpheusRun1,input.DFReeKLIMDC,0.00000
input.mulnewWISTUD,input.DFReeKLIMDC,0.00296
input.myRun,input.DFReeKLIMDC,0.00000
input.myrun2,input.DFReeKLIMDC,0.00003
input.myrun3,input.DFReeKLIMDC,0.00003
input.Nestor,input.DFReeKLIMDC,0.00000
input.NestorS,input.DFReeKLIMDC,0.00000
input.normal,input.DFReeKLIMDC,0.00000
input.nQCRIwoTag,input.DFReeKLIMDC,0.00000
input.nQCRIwTag,input.DFReeKLIMDC,0.00000
input.omarRun,input.DFReeKLIMDC,0.00000
input.PKUICST,input.DFReeKLIMDC,0.58454
input.PKUICST2,input.DFReeKLIMDC,0.00289
input.PKUICST3,input.DFReeKLIMDC,0.51339
input.PKUICST4,input.DFReeKLIMDC,0.00419
input.PL2Bo1SDExt,input.DFReeKLIMDC,0.00000
input.PL2NoQENoDM,input.DFReeKLIMDC,0.00000
input.PL2NoQeSd,input.DFReeKLIMDC,0.00000
input.PL2NoQeSdExt,input.DFReeKLIMDC,0.00000
input.PRISrun1,input.DFReeKLIMDC,0.77697
input.PRISrun2,input.DFReeKLIMDC,0.00112
input.PRISrun3,input.DFReeKLIMDC,0.51914
input.PRISrun4,input.DFReeKLIMDC,0.23255
input.QCRIwoTagOrg,input.DFReeKLIMDC,0.00000
input.QCRIwTagOrg,input.DFReeKLIMDC,0.00000
input.qHtagBaseRun,input.DFReeKLIMDC,0.00000
input.qRefLThresh,input.DFReeKLIMDC,0.00000
input.refBalRun,input.DFReeKLIMDC,0.00000
input.refRelRun,input.DFReeKLIMDC,0.00000
input.relevanceRun,input.DFReeKLIMDC,0.00000
input.RFD,input.DFReeKLIMDC,0.00006
input.ri,input.DFReeKLIMDC,0.00331
input.rit,input.DFReeKLIMDC,0.00004
input.rit3,input.DFReeKLIMDC,0.00000
input.RMITAR,input.DFReeKLIMDC,0.01391
input.RMITM,input.DFReeKLIMDC,0.00509
input.RMITMR,input.DFReeKLIMDC,0.00835
input.RMITMRR,input.DFReeKLIMDC,0.00018
input.Rocchio,input.DFReeKLIMDC,0.00003
input.RTB,input.DFReeKLIMDC,0.00000
input.run1,input.DFReeKLIMDC,0.00000
input.run1a,input.DFReeKLIMDC,0.00000
input.run1fix,input.DFReeKLIMDC,0.00674
input.run2,input.DFReeKLIMDC,0.42020
input.run2a,input.DFReeKLIMDC,0.00000
input.run3,input.DFReeKLIMDC,0.65069
input.run3a,input.DFReeKLIMDC,0.00000
input.run4,input.DFReeKLIMDC,0.68973
input.run4a,input.DFReeKLIMDC,0.00000
input.RunAll,input.DFReeKLIMDC,0.00000
input.RunFut,input.DFReeKLIMDC,0.00000
input.runNeMIS,input.DFReeKLIMDC,0.00000
input.runNeMISext,input.DFReeKLIMDC,0.00000
input.RunPure,input.DFReeKLIMDC,0.00000
input.scurtuRun1,input.DFReeKLIMDC,0.00000
input.sielrun1,input.DFReeKLIMDC,0.00000
input.sielrun2,input.DFReeKLIMDC,0.00000
input.sielrun3,input.DFReeKLIMDC,0.00000
input.sielrun4,input.DFReeKLIMDC,0.00000
input.SienaCL1B,input.DFReeKLIMDC,0.00000
input.SienaCL31,input.DFReeKLIMDC,0.00000
input.SienaCL342,input.DFReeKLIMDC,0.00000
input.SienaCLbase,input.DFReeKLIMDC,0.00000
input.simfoll,input.DFReeKLIMDC,0.03933
input.simfollTP01,input.DFReeKLIMDC,0.00199
input.sylesNoRes,input.DFReeKLIMDC,0.00023
input.tfTP01,input.DFReeKLIMDC,0.00169
input.udelIndri,input.DFReeKLIMDC,0.00000
input.udelLucene,input.DFReeKLIMDC,0.00000
input.UDMicroComb1,input.DFReeKLIMDC,0.00000
input.UDMicroComb2,input.DFReeKLIMDC,0.00000
input.UDMicroIDF,input.DFReeKLIMDC,0.00000
input.UDMicroIDFD,input.DFReeKLIMDC,0.00000
input.uicir1,input.DFReeKLIMDC,0.00000
input.uicir2,input.DFReeKLIMDC,0.00000
input.UIowaS1,input.DFReeKLIMDC,0.00000
input.UIowaS2,input.DFReeKLIMDC,0.00000
input.UIowaS3,input.DFReeKLIMDC,0.00000
input.UIowaS4,input.DFReeKLIMDC,0.00004
input.uiucsf,input.DFReeKLIMDC,0.00000
input.uogTrLqea,input.DFReeKLIMDC,0.00000
input.uogTrLqeabd,input.DFReeKLIMDC,0.00000
input.uogTrLqeabdd,input.DFReeKLIMDC,0.00000
input.uogTrUB2,input.DFReeKLIMDC,0.00000
input.UTBase,input.DFReeKLIMDC,0.00000
input.UTBaseRTF,input.DFReeKLIMDC,0.00000
input.UTWngFuture,input.DFReeKLIMDC,0.00000
input.UTWngFutureQ,input.DFReeKLIMDC,0.00000
input.waterlooa1,input.DFReeKLIMDC,0.00000
input.waterlooa2,input.DFReeKLIMDC,0.00000
input.waterlooa3,input.DFReeKLIMDC,0.00004
input.waterlooa4,input.DFReeKLIMDC,0.00001
input.WESTfilext,input.DFReeKLIMDC,0.00000
input.WESTfilter,input.DFReeKLIMDC,0.00000
input.WESTrelint,input.DFReeKLIMDC,0.00000
input.WESTrlext,input.DFReeKLIMDC,0.00000
input.Wise2ndRun,input.DFReeKLIMDC,0.00159
input.WiseFifthRun,input.DFReeKLIMDC,0.00000
input.WiseFouthRun,input.DFReeKLIMDC,0.00000
input.WiseThirdRun,input.DFReeKLIMDC,0.00159
input.ya3,input.DFReeKLIMDC,0.00000
input.ya4,input.DFReeKLIMDC,0.00000
input.YNDXTPC1,input.DFReeKLIMDC,0.00000
input.YNDXTPC2,input.DFReeKLIMDC,0.00000
input.dutirLmFb,input.DFReeKLIMRA,0.21478
input.dutirMixFb,input.DFReeKLIMRA,0.18509
input.dutirMixSp,input.DFReeKLIMRA,0.39166
input.dutirTfidfFb,input.DFReeKLIMRA,0.00034
input.EMAX,input.DFReeKLIMRA,0.00000
input.FASILKOM01,input.DFReeKLIMRA,0.00001
input.FASILKOM02,input.DFReeKLIMRA,0.00008
input.FASILKOM03,input.DFReeKLIMRA,0.00000
input.FASILKOM04,input.DFReeKLIMRA,0.00017
input.FDUNLP,input.DFReeKLIMRA,0.00052
input.FDUNLP2,input.DFReeKLIMRA,0.00000
input.Google1GNO,input.DFReeKLIMRA,0.00063
input.gus,input.DFReeKLIMRA,0.00000
input.gust,input.DFReeKLIMRA,0.00000
input.gustc,input.DFReeKLIMRA,0.00000
input.gut,input.DFReeKLIMRA,0.00000
input.hitWId,input.DFReeKLIMRA,0.28827
input.hitWIt,input.DFReeKLIMRA,0.27429
input.ICTNET11MBR1,input.DFReeKLIMRA,0.06020
input.ICTNET11MBR2,input.DFReeKLIMRA,0.79479
input.ICTNET11MBR3,input.DFReeKLIMRA,0.08308
input.ICTNET11MBR4,input.DFReeKLIMRA,0.07644
input.IDEAACTQE,input.DFReeKLIMRA,0.01555
input.IDEABASIC,input.DFReeKLIMRA,0.01017
input.IDEABASICACT,input.DFReeKLIMRA,0.01017
input.IDEABASICQE,input.DFReeKLIMRA,0.01613
input.ikmRun1,input.DFReeKLIMRA,0.00000
input.InL2c1,input.DFReeKLIMRA,0.00000
input.iritfd1,input.DFReeKLIMRA,0.18231
input.iritfd2,input.DFReeKLIMRA,0.03752
input.IRSIGoogle1G,input.DFReeKLIMRA,0.00188
input.IRSIGoogle2G,input.DFReeKLIMRA,0.00035
input.isiFD,input.DFReeKLIMRA,0.00002
input.isiFDL,input.DFReeKLIMRA,0.00016
input.isiFDRM,input.DFReeKLIMRA,0.00075
input.isiFDRML,input.DFReeKLIMRA,0.00159
input.kanopeRun,input.DFReeKLIMRA,0.00000
input.KAUSTBase,input.DFReeKLIMRA,0.00000
input.KAUSTExp,input.DFReeKLIMRA,0.00000
input.KAUSTExpRrnk,input.DFReeKLIMRA,0.00000
input.KAUSTRerank,input.DFReeKLIMRA,0.00000
input.LJQO10,input.DFReeKLIMRA,0.00136
input.LJQO5,input.DFReeKLIMRA,0.00000
input.LMOP10,input.DFReeKLIMRA,0.00000
input.LMOP5,input.DFReeKLIMRA,0.00000
input.LThresh,input.DFReeKLIMRA,0.00000
input.manualWISTUD,input.DFReeKLIMRA,0.05469
input.melblt,input.DFReeKLIMRA,0.00000
input.MONASH1NEW,input.DFReeKLIMRA,0.00001
input.MONASH2NEW,input.DFReeKLIMRA,0.00000
input.MorpheusRun1,input.DFReeKLIMRA,0.00000
input.mulnewWISTUD,input.DFReeKLIMRA,0.00447
input.myRun,input.DFReeKLIMRA,0.00000
input.myrun2,input.DFReeKLIMRA,0.00006
input.myrun3,input.DFReeKLIMRA,0.00005
input.Nestor,input.DFReeKLIMRA,0.00000
input.NestorS,input.DFReeKLIMRA,0.00000
input.normal,input.DFReeKLIMRA,0.00000
input.nQCRIwoTag,input.DFReeKLIMRA,0.00000
input.nQCRIwTag,input.DFReeKLIMRA,0.00000
input.omarRun,input.DFReeKLIMRA,0.00000
input.PKUICST,input.DFReeKLIMRA,0.67584
input.PKUICST2,input.DFReeKLIMRA,0.00437
input.PKUICST3,input.DFReeKLIMRA,0.43411
input.PKUICST4,input.DFReeKLIMRA,0.00277
input.PL2Bo1SDExt,input.DFReeKLIMRA,0.00000
input.PL2NoQENoDM,input.DFReeKLIMRA,0.00000
input.PL2NoQeSd,input.DFReeKLIMRA,0.00000
input.PL2NoQeSdExt,input.DFReeKLIMRA,0.00000
input.PRISrun1,input.DFReeKLIMRA,0.87709
input.PRISrun2,input.DFReeKLIMRA,0.00071
input.PRISrun3,input.DFReeKLIMRA,0.60581
input.PRISrun4,input.DFReeKLIMRA,0.28678
input.QCRIwoTagOrg,input.DFReeKLIMRA,0.00000
input.QCRIwTagOrg,input.DFReeKLIMRA,0.00000
input.qHtagBaseRun,input.DFReeKLIMRA,0.00000
input.qRefLThresh,input.DFReeKLIMRA,0.00000
input.refBalRun,input.DFReeKLIMRA,0.00000
input.refRelRun,input.DFReeKLIMRA,0.00000
input.relevanceRun,input.DFReeKLIMRA,0.00000
input.RFD,input.DFReeKLIMRA,0.00010
input.ri,input.DFReeKLIMRA,0.00497
input.rit,input.DFReeKLIMRA,0.00006
input.rit3,input.DFReeKLIMRA,0.00000
input.RMITAR,input.DFReeKLIMRA,0.01975
input.RMITM,input.DFReeKLIMRA,0.00753
input.RMITMR,input.DFReeKLIMRA,0.01211
input.RMITMRR,input.DFReeKLIMRA,0.00030
input.Rocchio,input.DFReeKLIMRA,0.00006
input.RTB,input.DFReeKLIMRA,0.00000
input.run1,input.DFReeKLIMRA,0.00000
input.run1a,input.DFReeKLIMRA,0.00000
input.run1fix,input.DFReeKLIMRA,0.00986
input.run2,input.DFReeKLIMRA,0.49811
input.run2a,input.DFReeKLIMRA,0.00000
input.run3,input.DFReeKLIMRA,0.56096
input.run3a,input.DFReeKLIMRA,0.00000
input.run4,input.DFReeKLIMRA,0.78669
input.run4a,input.DFReeKLIMRA,0.00000
input.RunAll,input.DFReeKLIMRA,0.00000
input.RunFut,input.DFReeKLIMRA,0.00000
input.runNeMIS,input.DFReeKLIMRA,0.00000
input.runNeMISext,input.DFReeKLIMRA,0.00000
input.RunPure,input.DFReeKLIMRA,0.00000
input.scurtuRun1,input.DFReeKLIMRA,0.00000
input.sielrun1,input.DFReeKLIMRA,0.00000
input.sielrun2,input.DFReeKLIMRA,0.00000
input.sielrun3,input.DFReeKLIMRA,0.00000
input.sielrun4,input.DFReeKLIMRA,0.00000
input.SienaCL1B,input.DFReeKLIMRA,0.00000
input.SienaCL31,input.DFReeKLIMRA,0.00000
input.SienaCL342,input.DFReeKLIMRA,0.00000
input.SienaCLbase,input.DFReeKLIMRA,0.00000
input.simfoll,input.DFReeKLIMRA,0.05335
input.simfollTP01,input.DFReeKLIMRA,0.00304
input.sylesNoRes,input.DFReeKLIMRA,0.00037
input.tfTP01,input.DFReeKLIMRA,0.00260
input.udelIndri,input.DFReeKLIMRA,0.00000
input.udelLucene,input.DFReeKLIMRA,0.00000
input.UDMicroComb1,input.DFReeKLIMRA,0.00000
input.UDMicroComb2,input.DFReeKLIMRA,0.00000
input.UDMicroIDF,input.DFReeKLIMRA,0.00000
input.UDMicroIDFD,input.DFReeKLIMRA,0.00000
input.uicir1,input.DFReeKLIMRA,0.00000
input.uicir2,input.DFReeKLIMRA,0.00000
input.UIowaS1,input.DFReeKLIMRA,0.00000
input.UIowaS2,input.DFReeKLIMRA,0.00000
input.UIowaS3,input.DFReeKLIMRA,0.00000
input.UIowaS4,input.DFReeKLIMRA,0.00006
input.uiucsf,input.DFReeKLIMRA,0.00000
input.uogTrLqea,input.DFReeKLIMRA,0.00000
input.uogTrLqeabd,input.DFReeKLIMRA,0.00000
input.uogTrLqeabdd,input.DFReeKLIMRA,0.00000
input.uogTrUB2,input.DFReeKLIMRA,0.00000
input.UTBase,input.DFReeKLIMRA,0.00000
input.UTBaseRTF,input.DFReeKLIMRA,0.00000
input.UTWngFuture,input.DFReeKLIMRA,0.00000
input.UTWngFutureQ,input.DFReeKLIMRA,0.00000
input.waterlooa1,input.DFReeKLIMRA,0.00000
input.waterlooa2,input.DFReeKLIMRA,0.00000
input.waterlooa3,input.DFReeKLIMRA,0.00007
input.waterlooa4,input.DFReeKLIMRA,0.00001
input.WESTfilext,input.DFReeKLIMRA,0.00000
input.WESTfilter,input.DFReeKLIMRA,0.00000
input.WESTrelint,input.DFReeKLIMRA,0.00000
input.WESTrlext,input.DFReeKLIMRA,0.00000
input.Wise2ndRun,input.DFReeKLIMRA,0.00245
input.WiseFifthRun,input.DFReeKLIMRA,0.00000
input.WiseFouthRun,input.DFReeKLIMRA,0.00000
input.WiseThirdRun,input.DFReeKLIMRA,0.00245
input.ya3,input.DFReeKLIMRA,0.00000
input.ya4,input.DFReeKLIMRA,0.00000
input.YNDXTPC1,input.DFReeKLIMRA,0.00000
input.YNDXTPC2,input.DFReeKLIMRA,0.00000
input.dutirMixFb,input.dutirLmFb,0.93250
input.dutirMixSp,input.dutirLmFb,0.70103
input.dutirTfidfFb,input.dutirLmFb,0.01912
input.EMAX,input.dutirLmFb,0.00000
input.FASILKOM01,input.dutirLmFb,0.00158
input.FASILKOM02,input.dutirLmFb,0.00659
input.FASILKOM03,input.dutirLmFb,0.00018
input.FASILKOM04,input.dutirLmFb,0.01164
input.FDUNLP,input.dutirLmFb,0.02585
input.FDUNLP2,input.dutirLmFb,0.00000
input.Google1GNO,input.dutirLmFb,0.02951
input.gus,input.dutirLmFb,0.00000
input.gust,input.dutirLmFb,0.00000
input.gustc,input.dutirLmFb,0.00000
input.gut,input.dutirLmFb,0.00000
input.hitWId,input.dutirLmFb,0.02131
input.hitWIt,input.dutirLmFb,0.01961
input.ICTNET11MBR1,input.dutirLmFb,0.00181
input.ICTNET11MBR2,input.dutirLmFb,0.32686
input.ICTNET11MBR3,input.dutirLmFb,0.00294
input.ICTNET11MBR4,input.dutirLmFb,0.00259
input.IDEAACTQE,input.dutirLmFb,0.23854
input.IDEABASIC,input.dutirLmFb,0.18367
input.IDEABASICACT,input.dutirLmFb,0.18367
input.IDEABASICQE,input.dutirLmFb,0.24381
input.ikmRun1,input.dutirLmFb,0.00002
input.InL2c1,input.dutirLmFb,0.00002
input.iritfd1,input.dutirLmFb,0.92580
input.iritfd2,input.dutirLmFb,0.40120
input.IRSIGoogle1G,input.dutirLmFb,0.06179
input.IRSIGoogle2G,input.dutirLmFb,0.01970
input.isiFD,input.dutirLmFb,0.00227
input.isiFDL,input.dutirLmFb,0.01103
input.isiFDRM,input.dutirLmFb,0.03322
input.isiFDRML,input.dutirLmFb,0.05523
input.kanopeRun,input.dutirLmFb,0.00000
input.KAUSTBase,input.dutirLmFb,0.00000
input.KAUSTExp,input.dutirLmFb,0.00000
input.KAUSTExpRrnk,input.dutirLmFb,0.00007
input.KAUSTRerank,input.dutirLmFb,0.00014
input.LJQO10,input.dutirLmFb,0.04969
input.LJQO5,input.dutirLmFb,0.00038
input.LMOP10,input.dutirLmFb,0.00000
input.LMOP5,input.dutirLmFb,0.00000
input.LThresh,input.dutirLmFb,0.00000
input.manualWISTUD,input.dutirLmFb,0.49603
input.melblt,input.dutirLmFb,0.00000
input.MONASH1NEW,input.dutirLmFb,0.00091
input.MONASH2NEW,input.dutirLmFb,0.00004
input.MorpheusRun1,input.dutirLmFb,0.00000
input.mulnewWISTUD,input.dutirLmFb,0.10902
input.myRun,input.dutirLmFb,0.00015
input.myrun2,input.dutirLmFb,0.00547
input.myrun3,input.dutirLmFb,0.00517
input.Nestor,input.dutirLmFb,0.00000
input.NestorS,input.dutirLmFb,0.00000
input.normal,input.dutirLmFb,0.00002
input.nQCRIwoTag,input.dutirLmFb,0.00000
input.nQCRIwTag,input.dutirLmFb,0.00000
input.omarRun,input.dutirLmFb,0.00000
input.PKUICST,input.dutirLmFb,0.41086
input.PKUICST2,input.dutirLmFb,0.10750
input.PKUICST3,input.dutirLmFb,0.04310
input.PKUICST4,input.dutirLmFb,0.00002
input.PL2Bo1SDExt,input.dutirLmFb,0.00000
input.PL2NoQENoDM,input.dutirLmFb,0.00000
input.PL2NoQeSd,input.dutirLmFb,0.00000
input.PL2NoQeSdExt,input.dutirLmFb,0.00000
input.PRISrun1,input.dutirLmFb,0.27753
input.PRISrun2,input.dutirLmFb,0.00000
input.PRISrun3,input.dutirLmFb,0.46877
input.PRISrun4,input.dutirLmFb,0.86082
input.QCRIwoTagOrg,input.dutirLmFb,0.00000
input.QCRIwTagOrg,input.dutirLmFb,0.00000
input.qHtagBaseRun,input.dutirLmFb,0.00000
input.qRefLThresh,input.dutirLmFb,0.00000
input.refBalRun,input.dutirLmFb,0.00000
input.refRelRun,input.dutirLmFb,0.00003
input.relevanceRun,input.dutirLmFb,0.00041
input.RFD,input.dutirLmFb,0.00797
input.ri,input.dutirLmFb,0.11677
input.rit,input.dutirLmFb,0.00562
input.rit3,input.dutirLmFb,0.00002
input.RMITAR,input.dutirLmFb,0.27550
input.RMITM,input.dutirLmFb,0.15216
input.RMITMR,input.dutirLmFb,0.20466
input.RMITMRR,input.dutirLmFb,0.01763
input.Rocchio,input.dutirLmFb,0.00556
input.RTB,input.dutirLmFb,0.00000
input.run1,input.dutirLmFb,0.00007
input.run1a,input.dutirLmFb,0.00000
input.run1fix,input.dutirLmFb,0.18023
input.run2,input.dutirLmFb,0.57339
input.run2a,input.dutirLmFb,0.00000
input.run3,input.dutirLmFb,0.06846
input.run3a,input.dutirLmFb,0.00000
input.run4,input.dutirLmFb,0.33208
input.run4a,input.dutirLmFb,0.00000
input.RunAll,input.dutirLmFb,0.00000
input.RunFut,input.dutirLmFb,0.00000
input.runNeMIS,input.dutirLmFb,0.00000
input.runNeMISext,input.dutirLmFb,0.00000
input.RunPure,input.dutirLmFb,0.00000
input.scurtuRun1,input.dutirLmFb,0.00000
input.sielrun1,input.dutirLmFb,0.00000
input.sielrun2,input.dutirLmFb,0.00000
input.sielrun3,input.dutirLmFb,0.00000
input.sielrun4,input.dutirLmFb,0.00000
input.SienaCL1B,input.dutirLmFb,0.00015
input.SienaCL31,input.dutirLmFb,0.00011
input.SienaCL342,input.dutirLmFb,0.00028
input.SienaCLbase,input.dutirLmFb,0.00000
input.simfoll,input.dutirLmFb,0.48921
input.simfollTP01,input.dutirLmFb,0.08494
input.sylesNoRes,input.dutirLmFb,0.02049
input.tfTP01,input.dutirLmFb,0.07654
input.udelIndri,input.dutirLmFb,0.00002
input.udelLucene,input.dutirLmFb,0.00000
input.UDMicroComb1,input.dutirLmFb,0.00000
input.UDMicroComb2,input.dutirLmFb,0.00002
input.UDMicroIDF,input.dutirLmFb,0.00033
input.UDMicroIDFD,input.dutirLmFb,0.00000
input.uicir1,input.dutirLmFb,0.00000
input.uicir2,input.dutirLmFb,0.00000
input.UIowaS1,input.dutirLmFb,0.00000
input.UIowaS2,input.dutirLmFb,0.00000
input.UIowaS3,input.dutirLmFb,0.00000
input.UIowaS4,input.dutirLmFb,0.00570
input.uiucsf,input.dutirLmFb,0.00000
input.uogTrLqea,input.dutirLmFb,0.00000
input.uogTrLqeabd,input.dutirLmFb,0.00000
input.uogTrLqeabdd,input.dutirLmFb,0.00000
input.uogTrUB2,input.dutirLmFb,0.00000
input.UTBase,input.dutirLmFb,0.00000
input.UTBaseRTF,input.dutirLmFb,0.00000
input.UTWngFuture,input.dutirLmFb,0.00007
input.UTWngFutureQ,input.dutirLmFb,0.00054
input.waterlooa1,input.dutirLmFb,0.00068
input.waterlooa2,input.dutirLmFb,0.00012
input.waterlooa3,input.dutirLmFb,0.00649
input.waterlooa4,input.dutirLmFb,0.00143
input.WESTfilext,input.dutirLmFb,0.00000
input.WESTfilter,input.dutirLmFb,0.00000
input.WESTrelint,input.dutirLmFb,0.00000
input.WESTrlext,input.dutirLmFb,0.00000
input.Wise2ndRun,input.dutirLmFb,0.07367
input.WiseFifthRun,input.dutirLmFb,0.00006
input.WiseFouthRun,input.dutirLmFb,0.00025
input.WiseThirdRun,input.dutirLmFb,0.07367
input.ya3,input.dutirLmFb,0.00000
input.ya4,input.dutirLmFb,0.00000
input.YNDXTPC1,input.dutirLmFb,0.00000
input.YNDXTPC2,input.dutirLmFb,0.00000
input.dutirMixSp,input.dutirMixFb,0.63933
input.dutirTfidfFb,input.dutirMixFb,0.02391
input.EMAX,input.dutirMixFb,0.00000
input.FASILKOM01,input.dutirMixFb,0.00210
input.FASILKOM02,input.dutirMixFb,0.00848
input.FASILKOM03,input.dutirMixFb,0.00025
input.FASILKOM04,input.dutirMixFb,0.01476
input.FDUNLP,input.dutirMixFb,0.03205
input.FDUNLP2,input.dutirMixFb,0.00000
input.Google1GNO,input.dutirMixFb,0.03644
input.gus,input.dutirMixFb,0.00000
input.gust,input.dutirMixFb,0.00000
input.gustc,input.dutirMixFb,0.00000
input.gut,input.dutirMixFb,0.00000
input.hitWId,input.dutirMixFb,0.01698
input.hitWIt,input.dutirMixFb,0.01559
input.ICTNET11MBR1,input.dutirMixFb,0.00135
input.ICTNET11MBR2,input.dutirMixFb,0.28681
input.ICTNET11MBR3,input.dutirMixFb,0.00223
input.ICTNET11MBR4,input.dutirMixFb,0.00196
input.IDEAACTQE,input.dutirMixFb,0.27398
input.IDEABASIC,input.dutirMixFb,0.21319
input.IDEABASICACT,input.dutirMixFb,0.21319
input.IDEABASICQE,input.dutirMixFb,0.27978
input.ikmRun1,input.dutirMixFb,0.00003
input.InL2c1,input.dutirMixFb,0.00003
input.iritfd1,input.dutirMixFb,0.99328
input.iritfd2,input.dutirMixFb,0.45039
input.IRSIGoogle1G,input.dutirMixFb,0.07457
input.IRSIGoogle2G,input.dutirMixFb,0.02463
input.isiFD,input.dutirMixFb,0.00300
input.isiFDL,input.dutirMixFb,0.01401
input.isiFDRM,input.dutirMixFb,0.04088
input.isiFDRML,input.dutirMixFb,0.06690
input.kanopeRun,input.dutirMixFb,0.00000
input.KAUSTBase,input.dutirMixFb,0.00000
input.KAUSTExp,input.dutirMixFb,0.00000
input.KAUSTExpRrnk,input.dutirMixFb,0.00009
input.KAUSTRerank,input.dutirMixFb,0.00020
input.LJQO10,input.dutirMixFb,0.06039
input.LJQO5,input.dutirMixFb,0.00052
input.LMOP10,input.dutirMixFb,0.00001
input.LMOP5,input.dutirMixFb,0.00000
input.LThresh,input.dutirMixFb,0.00000
input.manualWISTUD,input.dutirMixFb,0.55114
input.melblt,input.dutirMixFb,0.00001
input.MONASH1NEW,input.dutirMixFb,0.00122
input.MONASH2NEW,input.dutirMixFb,0.00005
input.MorpheusRun1,input.dutirMixFb,0.00000
input.mulnewWISTUD,input.dutirMixFb,0.12904
input.myRun,input.dutirMixFb,0.00021
input.myrun2,input.dutirMixFb,0.00707
input.myrun3,input.dutirMixFb,0.00669
input.Nestor,input.dutirMixFb,0.00000
input.NestorS,input.dutirMixFb,0.00000
input.normal,input.dutirMixFb,0.00003
input.nQCRIwoTag,input.dutirMixFb,0.00000
input.nQCRIwTag,input.dutirMixFb,0.00000
input.omarRun,input.dutirMixFb,0.00000
input.PKUICST,input.dutirMixFb,0.36436
input.PKUICST2,input.dutirMixFb,0.12730
input.PKUICST3,input.dutirMixFb,0.03508
input.PKUICST4,input.dutirMixFb,0.00002
input.PL2Bo1SDExt,input.dutirMixFb,0.00000
input.PL2NoQENoDM,input.dutirMixFb,0.00001
input.PL2NoQeSd,input.dutirMixFb,0.00000
input.PL2NoQeSdExt,input.dutirMixFb,0.00000
input.PRISrun1,input.dutirMixFb,0.24176
input.PRISrun2,input.dutirMixFb,0.00000
input.PRISrun3,input.dutirMixFb,0.41841
input.PRISrun4,input.dutirMixFb,0.79484
input.QCRIwoTagOrg,input.dutirMixFb,0.00000
input.QCRIwTagOrg,input.dutirMixFb,0.00000
input.qHtagBaseRun,input.dutirMixFb,0.00000
input.qRefLThresh,input.dutirMixFb,0.00000
input.refBalRun,input.dutirMixFb,0.00000
input.refRelRun,input.dutirMixFb,0.00005
input.relevanceRun,input.dutirMixFb,0.00056
input.RFD,input.dutirMixFb,0.01020
input.ri,input.dutirMixFb,0.13787
input.rit,input.dutirMixFb,0.00727
input.rit3,input.dutirMixFb,0.00003
input.RMITAR,input.dutirMixFb,0.31452
input.RMITM,input.dutirMixFb,0.17791
input.RMITMR,input.dutirMixFb,0.23654
input.RMITMRR,input.dutirMixFb,0.02210
input.Rocchio,input.dutirMixFb,0.00719
input.RTB,input.dutirMixFb,0.00000
input.run1,input.dutirMixFb,0.00011
input.run1a,input.dutirMixFb,0.00000
input.run1fix,input.dutirMixFb,0.20935
input.run2,input.dutirMixFb,0.51713
input.run2a,input.dutirMixFb,0.00000
input.run3,input.dutirMixFb,0.05656
input.run3a,input.dutirMixFb,0.00000
input.run4,input.dutirMixFb,0.29159
input.run4a,input.dutirMixFb,0.00000
input.RunAll,input.dutirMixFb,0.00000
input.RunFut,input.dutirMixFb,0.00000
input.runNeMIS,input.dutirMixFb,0.00000
input.runNeMISext,input.dutirMixFb,0.00000
input.RunPure,input.dutirMixFb,0.00000
input.scurtuRun1,input.dutirMixFb,0.00000
input.sielrun1,input.dutirMixFb,0.00000
input.sielrun2,input.dutirMixFb,0.00000
input.sielrun3,input.dutirMixFb,0.00000
input.sielrun4,input.dutirMixFb,0.00000
input.SienaCL1B,input.dutirMixFb,0.00021
input.SienaCL31,input.dutirMixFb,0.00016
input.SienaCL342,input.dutirMixFb,0.00039
input.SienaCLbase,input.dutirMixFb,0.00000
input.simfoll,input.dutirMixFb,0.54394
input.simfollTP01,input.dutirMixFb,0.10142
input.sylesNoRes,input.dutirMixFb,0.02558
input.tfTP01,input.dutirMixFb,0.09172
input.udelIndri,input.dutirMixFb,0.00003
input.udelLucene,input.dutirMixFb,0.00000
input.UDMicroComb1,input.dutirMixFb,0.00000
input.UDMicroComb2,input.dutirMixFb,0.00003
input.UDMicroIDF,input.dutirMixFb,0.00046
input.UDMicroIDFD,input.dutirMixFb,0.00000
input.uicir1,input.dutirMixFb,0.00000
input.uicir2,input.dutirMixFb,0.00000
input.UIowaS1,input.dutirMixFb,0.00000
input.UIowaS2,input.dutirMixFb,0.00000
input.UIowaS3,input.dutirMixFb,0.00000
input.UIowaS4,input.dutirMixFb,0.00736
input.uiucsf,input.dutirMixFb,0.00000
input.uogTrLqea,input.dutirMixFb,0.00000
input.uogTrLqeabd,input.dutirMixFb,0.00000
input.uogTrLqeabdd,input.dutirMixFb,0.00000
input.uogTrUB2,input.dutirMixFb,0.00000
input.UTBase,input.dutirMixFb,0.00000
input.UTBaseRTF,input.dutirMixFb,0.00000
input.UTWngFuture,input.dutirMixFb,0.00009
input.UTWngFutureQ,input.dutirMixFb,0.00074
input.waterlooa1,input.dutirMixFb,0.00093
input.waterlooa2,input.dutirMixFb,0.00017
input.waterlooa3,input.dutirMixFb,0.00835
input.waterlooa4,input.dutirMixFb,0.00191
input.WESTfilext,input.dutirMixFb,0.00000
input.WESTfilter,input.dutirMixFb,0.00000
input.WESTrelint,input.dutirMixFb,0.00000
input.WESTrlext,input.dutirMixFb,0.00000
input.Wise2ndRun,input.dutirMixFb,0.08839
input.WiseFifthRun,input.dutirMixFb,0.00009
input.WiseFouthRun,input.dutirMixFb,0.00035
input.WiseThirdRun,input.dutirMixFb,0.08839
input.ya3,input.dutirMixFb,0.00000
input.ya4,input.dutirMixFb,0.00000
input.YNDXTPC1,input.dutirMixFb,0.00000
input.YNDXTPC2,input.dutirMixFb,0.00000
input.dutirTfidfFb,input.dutirMixSp,0.00639
input.EMAX,input.dutirMixSp,0.00000
input.FASILKOM01,input.dutirMixSp,0.00039
input.FASILKOM02,input.dutirMixSp,0.00193
input.FASILKOM03,input.dutirMixSp,0.00004
input.FASILKOM04,input.dutirMixSp,0.00365
input.FDUNLP,input.dutirMixSp,0.00899
input.FDUNLP2,input.dutirMixSp,0.00000
input.Google1GNO,input.dutirMixSp,0.01045
input.gus,input.dutirMixSp,0.00000
input.gust,input.dutirMixSp,0.00000
input.gustc,input.dutirMixSp,0.00000
input.gut,input.dutirMixSp,0.00000
input.hitWId,input.dutirMixSp,0.05504
input.hitWIt,input.dutirMixSp,0.05119
input.ICTNET11MBR1,input.dutirMixSp,0.00622
input.ICTNET11MBR2,input.dutirMixSp,0.55082
input.ICTNET11MBR3,input.dutirMixSp,0.00961
input.ICTNET11MBR4,input.dutirMixSp,0.00858
input.IDEAACTQE,input.dutirMixSp,0.11815
input.IDEABASIC,input.dutirMixSp,0.08663
input.IDEABASICACT,input.dutirMixSp,0.08663
input.IDEABASICQE,input.dutirMixSp,0.12128
input.ikmRun1,input.dutirMixSp,0.00000
input.InL2c1,input.dutirMixSp,0.00000
input.iritfd1,input.dutirMixSp,0.63332
input.iritfd2,input.dutirMixSp,0.22118
input.IRSIGoogle1G,input.dutirMixSp,0.02434
input.IRSIGoogle2G,input.dutirMixSp,0.00661
input.isiFD,input.dutirMixSp,0.00059
input.isiFDL,input.dutirMixSp,0.00344
input.isiFDRM,input.dutirMixSp,0.01196
input.isiFDRML,input.dutirMixSp,0.02139
input.kanopeRun,input.dutirMixSp,0.00000
input.KAUSTBase,input.dutirMixSp,0.00000
input.KAUSTExp,input.dutirMixSp,0.00000
input.KAUSTExpRrnk,input.dutirMixSp,0.00001
input.KAUSTRerank,input.dutirMixSp,0.00003
input.LJQO10,input.dutirMixSp,0.01895
input.LJQO5,input.dutirMixSp,0.00008
input.LMOP10,input.dutirMixSp,0.00000
input.LMOP5,input.dutirMixSp,0.00000
input.LThresh,input.dutirMixSp,0.00000
input.manualWISTUD,input.dutirMixSp,0.28702
input.melblt,input.dutirMixSp,0.00000
input.MONASH1NEW,input.dutirMixSp,0.00021
input.MONASH2NEW,input.dutirMixSp,0.00001
input.MorpheusRun1,input.dutirMixSp,0.00000
input.mulnewWISTUD,input.dutirMixSp,0.04697
input.myRun,input.dutirMixSp,0.00003
input.myrun2,input.dutirMixSp,0.00157
input.myrun3,input.dutirMixSp,0.00147
input.Nestor,input.dutirMixSp,0.00000
input.NestorS,input.dutirMixSp,0.00000
input.normal,input.dutirMixSp,0.00000
input.nQCRIwoTag,input.dutirMixSp,0.00000
input.nQCRIwTag,input.dutirMixSp,0.00000
input.omarRun,input.dutirMixSp,0.00000
input.PKUICST,input.dutirMixSp,0.66105
input.PKUICST2,input.dutirMixSp,0.04621
input.PKUICST3,input.dutirMixSp,0.10125
input.PKUICST4,input.dutirMixSp,0.00012
input.PL2Bo1SDExt,input.dutirMixSp,0.00000
input.PL2NoQENoDM,input.dutirMixSp,0.00000
input.PL2NoQeSd,input.dutirMixSp,0.00000
input.PL2NoQeSdExt,input.dutirMixSp,0.00000
input.PRISrun1,input.dutirMixSp,0.48270
input.PRISrun2,input.dutirMixSp,0.00002
input.PRISrun3,input.dutirMixSp,0.73344
input.PRISrun4,input.dutirMixSp,0.83476
input.QCRIwoTagOrg,input.dutirMixSp,0.00000
input.QCRIwTagOrg,input.dutirMixSp,0.00000
input.qHtagBaseRun,input.dutirMixSp,0.00000
input.qRefLThresh,input.dutirMixSp,0.00000
input.refBalRun,input.dutirMixSp,0.00000
input.refRelRun,input.dutirMixSp,0.00001
input.relevanceRun,input.dutirMixSp,0.00009
input.RFD,input.dutirMixSp,0.00239
input.ri,input.dutirMixSp,0.05089
input.rit,input.dutirMixSp,0.00162
input.rit3,input.dutirMixSp,0.00000
input.RMITAR,input.dutirMixSp,0.14037
input.RMITM,input.dutirMixSp,0.06939
input.RMITMR,input.dutirMixSp,0.09847
input.RMITMRR,input.dutirMixSp,0.00583
input.Rocchio,input.dutirMixSp,0.00160
input.RTB,input.dutirMixSp,0.00000
input.run1,input.dutirMixSp,0.00001
input.run1a,input.dutirMixSp,0.00000
input.run1fix,input.dutirMixSp,0.08471
input.run2,input.dutirMixSp,0.85782
input.run2a,input.dutirMixSp,0.00000
input.run3,input.dutirMixSp,0.15043
input.run3a,input.dutirMixSp,0.00000
input.run4,input.dutirMixSp,0.55787
input.run4a,input.dutirMixSp,0.00000
input.RunAll,input.dutirMixSp,0.00000
input.RunFut,input.dutirMixSp,0.00000
input.runNeMIS,input.dutirMixSp,0.00000
input.runNeMISext,input.dutirMixSp,0.00000
input.RunPure,input.dutirMixSp,0.00000
input.scurtuRun1,input.dutirMixSp,0.00000
input.sielrun1,input.dutirMixSp,0.00000
input.sielrun2,input.dutirMixSp,0.00000
input.sielrun3,input.dutirMixSp,0.00000
input.sielrun4,input.dutirMixSp,0.00000
input.SienaCL1B,input.dutirMixSp,0.00003
input.SienaCL31,input.dutirMixSp,0.00002
input.SienaCL342,input.dutirMixSp,0.00006
input.SienaCLbase,input.dutirMixSp,0.00000
input.simfoll,input.dutirMixSp,0.28216
input.simfollTP01,input.dutirMixSp,0.03515
input.sylesNoRes,input.dutirMixSp,0.00691
input.tfTP01,input.dutirMixSp,0.03116
input.udelIndri,input.dutirMixSp,0.00000
input.udelLucene,input.dutirMixSp,0.00000
input.UDMicroComb1,input.dutirMixSp,0.00000
input.UDMicroComb2,input.dutirMixSp,0.00000
input.UDMicroIDF,input.dutirMixSp,0.00007
input.UDMicroIDFD,input.dutirMixSp,0.00000
input.uicir1,input.dutirMixSp,0.00000
input.uicir2,input.dutirMixSp,0.00000
input.UIowaS1,input.dutirMixSp,0.00000
input.UIowaS2,input.dutirMixSp,0.00000
input.UIowaS3,input.dutirMixSp,0.00000
input.UIowaS4,input.dutirMixSp,0.00164
input.uiucsf,input.dutirMixSp,0.00000
input.uogTrLqea,input.dutirMixSp,0.00000
input.uogTrLqeabd,input.dutirMixSp,0.00000
input.uogTrLqeabdd,input.dutirMixSp,0.00000
input.uogTrUB2,input.dutirMixSp,0.00000
input.UTBase,input.dutirMixSp,0.00000
input.UTBaseRTF,input.dutirMixSp,0.00000
input.UTWngFuture,input.dutirMixSp,0.00001
input.UTWngFutureQ,input.dutirMixSp,0.00012
input.waterlooa1,input.dutirMixSp,0.00016
input.waterlooa2,input.dutirMixSp,0.00002
input.waterlooa3,input.dutirMixSp,0.00190
input.waterlooa4,input.dutirMixSp,0.00035
input.WESTfilext,input.dutirMixSp,0.00000
input.WESTfilter,input.dutirMixSp,0.00000
input.WESTrelint,input.dutirMixSp,0.00000
input.WESTrlext,input.dutirMixSp,0.00000
input.Wise2ndRun,input.dutirMixSp,0.02981
input.WiseFifthRun,input.dutirMixSp,0.00001
input.WiseFouthRun,input.dutirMixSp,0.00005
input.WiseThirdRun,input.dutirMixSp,0.02981
input.ya3,input.dutirMixSp,0.00000
input.ya4,input.dutirMixSp,0.00000
input.YNDXTPC1,input.dutirMixSp,0.00000
input.YNDXTPC2,input.dutirMixSp,0.00000
input.EMAX,input.dutirTfidfFb,0.00000
input.FASILKOM01,input.dutirTfidfFb,0.41382
input.FASILKOM02,input.dutirTfidfFb,0.70866
input.FASILKOM03,input.dutirTfidfFb,0.15995
input.FASILKOM04,input.dutirTfidfFb,0.85735
input.FDUNLP,input.dutirTfidfFb,0.90869
input.FDUNLP2,input.dutirTfidfFb,0.00722
input.Google1GNO,input.dutirTfidfFb,0.86773
input.gus,input.dutirTfidfFb,0.00037
input.gust,input.dutirTfidfFb,0.00071
input.gustc,input.dutirTfidfFb,0.00071
input.gut,input.dutirTfidfFb,0.00214
input.hitWId,input.dutirTfidfFb,0.00000
input.hitWIt,input.dutirTfidfFb,0.00000
input.ICTNET11MBR1,input.dutirTfidfFb,0.00000
input.ICTNET11MBR2,input.dutirTfidfFb,0.00089
input.ICTNET11MBR3,input.dutirTfidfFb,0.00000
input.ICTNET11MBR4,input.dutirTfidfFb,0.00000
input.IDEAACTQE,input.dutirTfidfFb,0.24420
input.IDEABASIC,input.dutirTfidfFb,0.31074
input.IDEABASICACT,input.dutirTfidfFb,0.31074
input.IDEABASICQE,input.dutirTfidfFb,0.23892
input.ikmRun1,input.dutirTfidfFb,0.05602
input.InL2c1,input.dutirTfidfFb,0.05242
input.iritfd1,input.dutirTfidfFb,0.02444
input.iritfd2,input.dutirTfidfFb,0.13265
input.IRSIGoogle1G,input.dutirTfidfFb,0.63452
input.IRSIGoogle2G,input.dutirTfidfFb,0.99099
input.isiFD,input.dutirTfidfFb,0.47839
input.isiFDL,input.dutirTfidfFb,0.84270
input.isiFDRM,input.dutirTfidfFb,0.83071
input.isiFDRML,input.dutirTfidfFb,0.66999
input.kanopeRun,input.dutirTfidfFb,0.00000
input.KAUSTBase,input.dutirTfidfFb,0.01303
input.KAUSTExp,input.dutirTfidfFb,0.00455
input.KAUSTExpRrnk,input.dutirTfidfFb,0.09959
input.KAUSTRerank,input.dutirTfidfFb,0.14293
input.LJQO10,input.dutirTfidfFb,0.70352
input.LJQO5,input.dutirTfidfFb,0.22609
input.LMOP10,input.dutirTfidfFb,0.02448
input.LMOP5,input.dutirTfidfFb,0.00000
input.LThresh,input.dutirTfidfFb,0.00672
input.manualWISTUD,input.dutirTfidfFb,0.09642
input.melblt,input.dutirTfidfFb,0.02536
input.MONASH1NEW,input.dutirTfidfFb,0.32961
input.MONASH2NEW,input.dutirTfidfFb,0.07266
input.MorpheusRun1,input.dutirTfidfFb,0.00000
input.mulnewWISTUD,input.dutirTfidfFb,0.45893
input.myRun,input.dutirTfidfFb,0.14600
input.myrun2,input.dutirTfidfFb,0.66365
input.myrun3,input.dutirTfidfFb,0.65035
input.Nestor,input.dutirTfidfFb,0.00645
input.NestorS,input.dutirTfidfFb,0.00446
input.normal,input.dutirTfidfFb,0.05316
input.nQCRIwoTag,input.dutirTfidfFb,0.00346
input.nQCRIwTag,input.dutirTfidfFb,0.00665
input.omarRun,input.dutirTfidfFb,0.00022
input.PKUICST,input.dutirTfidfFb,0.00155
input.PKUICST2,input.dutirTfidfFb,0.46314
input.PKUICST3,input.dutirTfidfFb,0.00001
input.PKUICST4,input.dutirTfidfFb,0.00000
input.PL2Bo1SDExt,input.dutirTfidfFb,0.00000
input.PL2NoQENoDM,input.dutirTfidfFb,0.02183
input.PL2NoQeSd,input.dutirTfidfFb,0.01479
input.PL2NoQeSdExt,input.dutirTfidfFb,0.00000
input.PRISrun1,input.dutirTfidfFb,0.00061
input.PRISrun2,input.dutirTfidfFb,0.00000
input.PRISrun3,input.dutirTfidfFb,0.00216
input.PRISrun4,input.dutirTfidfFb,0.01178
input.QCRIwoTagOrg,input.dutirTfidfFb,0.00346
input.QCRIwTagOrg,input.dutirTfidfFb,0.00665
input.qHtagBaseRun,input.dutirTfidfFb,0.00001
input.qRefLThresh,input.dutirTfidfFb,0.00357
input.refBalRun,input.dutirTfidfFb,0.00887
input.refRelRun,input.dutirTfidfFb,0.07069
input.relevanceRun,input.dutirTfidfFb,0.23318
input.RFD,input.dutirTfidfFb,0.75631
input.ri,input.dutirTfidfFb,0.43851
input.rit,input.dutirTfidfFb,0.67021
input.rit3,input.dutirTfidfFb,0.05679
input.RMITAR,input.dutirTfidfFb,0.21031
input.RMITM,input.dutirTfidfFb,0.36215
input.RMITMR,input.dutirTfidfFb,0.28245
input.RMITMRR,input.dutirTfidfFb,0.97598
input.Rocchio,input.dutirTfidfFb,0.66747
input.RTB,input.dutirTfidfFb,0.00000
input.run1,input.dutirTfidfFb,0.10584
input.run1a,input.dutirTfidfFb,0.00000
input.run1fix,input.dutirTfidfFb,0.31579
input.run2,input.dutirTfidfFb,0.00366
input.run2a,input.dutirTfidfFb,0.00000
input.run3,input.dutirTfidfFb,0.00003
input.run3a,input.dutirTfidfFb,0.00000
input.run4,input.dutirTfidfFb,0.00092
input.run4a,input.dutirTfidfFb,0.00000
input.RunAll,input.dutirTfidfFb,0.00143
input.RunFut,input.dutirTfidfFb,0.00132
input.runNeMIS,input.dutirTfidfFb,0.00000
input.runNeMISext,input.dutirTfidfFb,0.00001
input.RunPure,input.dutirTfidfFb,0.00228
input.scurtuRun1,input.dutirTfidfFb,0.00016
input.sielrun1,input.dutirTfidfFb,0.00002
input.sielrun2,input.dutirTfidfFb,0.00022
input.sielrun3,input.dutirTfidfFb,0.00087
input.sielrun4,input.dutirTfidfFb,0.00020
input.SienaCL1B,input.dutirTfidfFb,0.14906
input.SienaCL31,input.dutirTfidfFb,0.12912
input.SienaCL342,input.dutirTfidfFb,0.19664
input.SienaCLbase,input.dutirTfidfFb,0.00908
input.simfoll,input.dutirTfidfFb,0.09861
input.simfollTP01,input.dutirTfidfFb,0.53494
input.sylesNoRes,input.dutirTfidfFb,0.97922
input.tfTP01,input.dutirTfidfFb,0.56726
input.udelIndri,input.dutirTfidfFb,0.05762
input.udelLucene,input.dutirTfidfFb,0.00000
input.UDMicroComb1,input.dutirTfidfFb,0.00021
input.UDMicroComb2,input.dutirTfidfFb,0.05811
input.UDMicroIDF,input.dutirTfidfFb,0.21319
input.UDMicroIDFD,input.dutirTfidfFb,0.00575
input.uicir1,input.dutirTfidfFb,0.00000
input.uicir2,input.dutirTfidfFb,0.00005
input.UIowaS1,input.dutirTfidfFb,0.00467
input.UIowaS2,input.dutirTfidfFb,0.01093
input.UIowaS3,input.dutirTfidfFb,0.01202
input.UIowaS4,input.dutirTfidfFb,0.67343
input.uiucsf,input.dutirTfidfFb,0.00000
input.uogTrLqea,input.dutirTfidfFb,0.00715
input.uogTrLqeabd,input.dutirTfidfFb,0.00379
input.uogTrLqeabdd,input.dutirTfidfFb,0.00187
input.uogTrUB2,input.dutirTfidfFb,0.00036
input.UTBase,input.dutirTfidfFb,0.00350
input.UTBaseRTF,input.dutirTfidfFb,0.00000
input.UTWngFuture,input.dutirTfidfFb,0.09952
input.UTWngFutureQ,input.dutirTfidfFb,0.26501
input.waterlooa1,input.dutirTfidfFb,0.29230
input.waterlooa2,input.dutirTfidfFb,0.13347
input.waterlooa3,input.dutirTfidfFb,0.70471
input.waterlooa4,input.dutirTfidfFb,0.39756
input.WESTfilext,input.dutirTfidfFb,0.00051
input.WESTfilter,input.dutirTfidfFb,0.00424
input.WESTrelint,input.dutirTfidfFb,0.00000
input.WESTrlext,input.dutirTfidfFb,0.00000
input.Wise2ndRun,input.dutirTfidfFb,0.57922
input.WiseFifthRun,input.dutirTfidfFb,0.09582
input.WiseFouthRun,input.dutirTfidfFb,0.18752
input.WiseThirdRun,input.dutirTfidfFb,0.57922
input.ya3,input.dutirTfidfFb,0.00000
input.ya4,input.dutirTfidfFb,0.00000
input.YNDXTPC1,input.dutirTfidfFb,0.00002
input.YNDXTPC2,input.dutirTfidfFb,0.00005
input.FASILKOM01,input.EMAX,0.00000
input.FASILKOM02,input.EMAX,0.00000
input.FASILKOM03,input.EMAX,0.00000
input.FASILKOM04,input.EMAX,0.00000
input.FDUNLP,input.EMAX,0.00000
input.FDUNLP2,input.EMAX,0.00000
input.Google1GNO,input.EMAX,0.00000
input.gus,input.EMAX,0.00021
input.gust,input.EMAX,0.00010
input.gustc,input.EMAX,0.00010
input.gut,input.EMAX,0.00003
input.hitWId,input.EMAX,0.00000
input.hitWIt,input.EMAX,0.00000
input.ICTNET11MBR1,input.EMAX,0.00000
input.ICTNET11MBR2,input.EMAX,0.00000
input.ICTNET11MBR3,input.EMAX,0.00000
input.ICTNET11MBR4,input.EMAX,0.00000
input.IDEAACTQE,input.EMAX,0.00000
input.IDEABASIC,input.EMAX,0.00000
input.IDEABASICACT,input.EMAX,0.00000
input.IDEABASICQE,input.EMAX,0.00000
input.ikmRun1,input.EMAX,0.00000
input.InL2c1,input.EMAX,0.00000
input.iritfd1,input.EMAX,0.00000
input.iritfd2,input.EMAX,0.00000
input.IRSIGoogle1G,input.EMAX,0.00000
input.IRSIGoogle2G,input.EMAX,0.00000
input.isiFD,input.EMAX,0.00000
input.isiFDL,input.EMAX,0.00000
input.isiFDRM,input.EMAX,0.00000
input.isiFDRML,input.EMAX,0.00000
input.kanopeRun,input.EMAX,0.53314
input.KAUSTBase,input.EMAX,0.00000
input.KAUSTExp,input.EMAX,0.00001
input.KAUSTExpRrnk,input.EMAX,0.00000
input.KAUSTRerank,input.EMAX,0.00000
input.LJQO10,input.EMAX,0.00000
input.LJQO5,input.EMAX,0.00000
input.LMOP10,input.EMAX,0.00000
input.LMOP5,input.EMAX,0.00770
input.LThresh,input.EMAX,0.00001
input.manualWISTUD,input.EMAX,0.00000
input.melblt,input.EMAX,0.00000
input.MONASH1NEW,input.EMAX,0.00000
input.MONASH2NEW,input.EMAX,0.00000
input.MorpheusRun1,input.EMAX,0.28069
input.mulnewWISTUD,input.EMAX,0.00000
input.myRun,input.EMAX,0.00000
input.myrun2,input.EMAX,0.00000
input.myrun3,input.EMAX,0.00000
input.Nestor,input.EMAX,0.00001
input.NestorS,input.EMAX,0.00001
input.normal,input.EMAX,0.00000
input.nQCRIwoTag,input.EMAX,0.00001
input.nQCRIwTag,input.EMAX,0.00001
input.omarRun,input.EMAX,0.00036
input.PKUICST,input.EMAX,0.00000
input.PKUICST2,input.EMAX,0.00000
input.PKUICST3,input.EMAX,0.00000
input.PKUICST4,input.EMAX,0.00000
input.PL2Bo1SDExt,input.EMAX,0.10671
input.PL2NoQENoDM,input.EMAX,0.00000
input.PL2NoQeSd,input.EMAX,0.00000
input.PL2NoQeSdExt,input.EMAX,0.10279
input.PRISrun1,input.EMAX,0.00000
input.PRISrun2,input.EMAX,0.00000
input.PRISrun3,input.EMAX,0.00000
input.PRISrun4,input.EMAX,0.00000
input.QCRIwoTagOrg,input.EMAX,0.00001
input.QCRIwTagOrg,input.EMAX,0.00001
input.qHtagBaseRun,input.EMAX,0.00489
input.qRefLThresh,input.EMAX,0.00001
input.refBalRun,input.EMAX,0.00000
input.refRelRun,input.EMAX,0.00000
input.relevanceRun,input.EMAX,0.00000
input.RFD,input.EMAX,0.00000
input.ri,input.EMAX,0.00000
input.rit,input.EMAX,0.00000
input.rit3,input.EMAX,0.00000
input.RMITAR,input.EMAX,0.00000
input.RMITM,input.EMAX,0.00000
input.RMITMR,input.EMAX,0.00000
input.RMITMRR,input.EMAX,0.00000
input.Rocchio,input.EMAX,0.00000
input.RTB,input.EMAX,0.02642
input.run1,input.EMAX,0.00000
input.run1a,input.EMAX,0.73560
input.run1fix,input.EMAX,0.00000
input.run2,input.EMAX,0.00000
input.run2a,input.EMAX,0.41855
input.run3,input.EMAX,0.00000
input.run3a,input.EMAX,0.07217
input.run4,input.EMAX,0.00000
input.run4a,input.EMAX,0.08826
input.RunAll,input.EMAX,0.00005
input.RunFut,input.EMAX,0.00005
input.runNeMIS,input.EMAX,0.01359
input.runNeMISext,input.EMAX,0.00497
input.RunPure,input.EMAX,0.00003
input.scurtuRun1,input.EMAX,0.00047
input.sielrun1,input.EMAX,0.00267
input.sielrun2,input.EMAX,0.00035
input.sielrun3,input.EMAX,0.00008
input.sielrun4,input.EMAX,0.00039
input.SienaCL1B,input.EMAX,0.00000
input.SienaCL31,input.EMAX,0.00000
input.SienaCL342,input.EMAX,0.00000
input.SienaCLbase,input.EMAX,0.00000
input.simfoll,input.EMAX,0.00000
input.simfollTP01,input.EMAX,0.00000
input.sylesNoRes,input.EMAX,0.00000
input.tfTP01,input.EMAX,0.00000
input.udelIndri,input.EMAX,0.00000
input.udelLucene,input.EMAX,0.56149
input.UDMicroComb1,input.EMAX,0.00037
input.UDMicroComb2,input.EMAX,0.00000
input.UDMicroIDF,input.EMAX,0.00000
input.UDMicroIDFD,input.EMAX,0.00001
input.uicir1,input.EMAX,0.01284
input.uicir2,input.EMAX,0.00132
input.UIowaS1,input.EMAX,0.00001
input.UIowaS2,input.EMAX,0.00000
input.UIowaS3,input.EMAX,0.00000
input.UIowaS4,input.EMAX,0.00000
input.uiucsf,input.EMAX,0.00378
input.uogTrLqea,input.EMAX,0.00000
input.uogTrLqeabd,input.EMAX,0.00001
input.uogTrLqeabdd,input.EMAX,0.00003
input.uogTrUB2,input.EMAX,0.00022
input.UTBase,input.EMAX,0.00001
input.UTBaseRTF,input.EMAX,0.17456
input.UTWngFuture,input.EMAX,0.00000
input.UTWngFutureQ,input.EMAX,0.00000
input.waterlooa1,input.EMAX,0.00000
input.waterlooa2,input.EMAX,0.00000
input.waterlooa3,input.EMAX,0.00000
input.waterlooa4,input.EMAX,0.00000
input.WESTfilext,input.EMAX,0.00015
input.WESTfilter,input.EMAX,0.00001
input.WESTrelint,input.EMAX,0.01862
input.WESTrlext,input.EMAX,0.05025
input.Wise2ndRun,input.EMAX,0.00000
input.WiseFifthRun,input.EMAX,0.00000
input.WiseFouthRun,input.EMAX,0.00000
input.WiseThirdRun,input.EMAX,0.00000
input.ya3,input.EMAX,0.01608
input.ya4,input.EMAX,0.00937
input.YNDXTPC1,input.EMAX,0.00262
input.YNDXTPC2,input.EMAX,0.00137
input.FASILKOM02,input.FASILKOM01,0.65737
input.FASILKOM03,input.FASILKOM01,0.55650
input.FASILKOM04,input.FASILKOM01,0.52384
input.FDUNLP,input.FASILKOM01,0.35140
input.FDUNLP2,input.FASILKOM01,0.06159
input.Google1GNO,input.FASILKOM01,0.32525
input.gus,input.FASILKOM01,0.00602
input.gust,input.FASILKOM01,0.01027
input.gustc,input.FASILKOM01,0.01027
input.gut,input.FASILKOM01,0.02425
input.hitWId,input.FASILKOM01,0.00000
input.hitWIt,input.FASILKOM01,0.00000
input.ICTNET11MBR1,input.FASILKOM01,0.00000
input.ICTNET11MBR2,input.FASILKOM01,0.00003
input.ICTNET11MBR3,input.FASILKOM01,0.00000
input.ICTNET11MBR4,input.FASILKOM01,0.00000
input.IDEAACTQE,input.FASILKOM01,0.04751
input.IDEABASIC,input.FASILKOM01,0.06712
input.IDEABASICACT,input.FASILKOM01,0.06712
input.IDEABASICQE,input.FASILKOM01,0.04605
input.ikmRun1,input.FASILKOM01,0.27408
input.InL2c1,input.FASILKOM01,0.26167
input.iritfd1,input.FASILKOM01,0.00216
input.iritfd2,input.FASILKOM01,0.02029
input.IRSIGoogle1G,input.FASILKOM01,0.19616
input.IRSIGoogle2G,input.FASILKOM01,0.40740
input.isiFD,input.FASILKOM01,0.91376
input.isiFDL,input.FASILKOM01,0.53608
input.isiFDRM,input.FASILKOM01,0.30255
input.isiFDRML,input.FASILKOM01,0.21374
input.kanopeRun,input.FASILKOM01,0.00000
input.KAUSTBase,input.FASILKOM01,0.09576
input.KAUSTExp,input.FASILKOM01,0.04338
input.KAUSTExpRrnk,input.FASILKOM01,0.40672
input.KAUSTRerank,input.FASILKOM01,0.51713
input.LJQO10,input.FASILKOM01,0.23101
input.LJQO5,input.FASILKOM01,0.69410
input.LMOP10,input.FASILKOM01,0.15206
input.LMOP5,input.FASILKOM01,0.00015
input.LThresh,input.FASILKOM01,0.05833
input.manualWISTUD,input.FASILKOM01,0.01315
input.melblt,input.FASILKOM01,0.15598
input.MONASH1NEW,input.FASILKOM01,0.87469
input.MONASH2NEW,input.FASILKOM01,0.32819
input.MorpheusRun1,input.FASILKOM01,0.00000
input.mulnewWISTUD,input.FASILKOM01,0.11928
input.myRun,input.FASILKOM01,0.52438
input.myrun2,input.FASILKOM01,0.70223
input.myrun3,input.FASILKOM01,0.71592
input.Nestor,input.FASILKOM01,0.05655
input.NestorS,input.FASILKOM01,0.04269
input.normal,input.FASILKOM01,0.26425
input.nQCRIwoTag,input.FASILKOM01,0.03517
input.nQCRIwTag,input.FASILKOM01,0.05785
input.omarRun,input.FASILKOM01,0.00400
input.PKUICST,input.FASILKOM01,0.00007
input.PKUICST2,input.FASILKOM01,0.12093
input.PKUICST3,input.FASILKOM01,0.00000
input.PKUICST4,input.FASILKOM01,0.00000
input.PL2Bo1SDExt,input.FASILKOM01,0.00000
input.PL2NoQENoDM,input.FASILKOM01,0.13989
input.PL2NoQeSd,input.FASILKOM01,0.10515
input.PL2NoQeSdExt,input.FASILKOM01,0.00000
input.PRISrun1,input.FASILKOM01,0.00002
input.PRISrun2,input.FASILKOM01,0.00000
input.PRISrun3,input.FASILKOM01,0.00010
input.PRISrun4,input.FASILKOM01,0.00085
input.QCRIwoTagOrg,input.FASILKOM01,0.03517
input.QCRIwTagOrg,input.FASILKOM01,0.05785
input.qHtagBaseRun,input.FASILKOM01,0.00028
input.qRefLThresh,input.FASILKOM01,0.03600
input.refBalRun,input.FASILKOM01,0.07189
input.refRelRun,input.FASILKOM01,0.32205
input.relevanceRun,input.FASILKOM01,0.70764
input.RFD,input.FASILKOM01,0.61225
input.ri,input.FASILKOM01,0.11141
input.rit,input.FASILKOM01,0.69555
input.rit3,input.FASILKOM01,0.27671
input.RMITAR,input.FASILKOM01,0.03846
input.RMITM,input.FASILKOM01,0.08390
input.RMITMR,input.FASILKOM01,0.05849
input.RMITMRR,input.FASILKOM01,0.43123
input.Rocchio,input.FASILKOM01,0.69834
input.RTB,input.FASILKOM01,0.00000
input.run1,input.FASILKOM01,0.42372
input.run1a,input.FASILKOM01,0.00000
input.run1fix,input.FASILKOM01,0.06871
input.run2,input.FASILKOM01,0.00020
input.run2a,input.FASILKOM01,0.00000
input.run3,input.FASILKOM01,0.00000
input.run3a,input.FASILKOM01,0.00000
input.run4,input.FASILKOM01,0.00004
input.run4a,input.FASILKOM01,0.00000
input.RunAll,input.FASILKOM01,0.01771
input.RunFut,input.FASILKOM01,0.01666
input.runNeMIS,input.FASILKOM01,0.00007
input.runNeMISext,input.FASILKOM01,0.00027
input.RunPure,input.FASILKOM01,0.02551
input.scurtuRun1,input.FASILKOM01,0.00317
input.sielrun1,input.FASILKOM01,0.00057
input.sielrun2,input.FASILKOM01,0.00406
input.sielrun3,input.FASILKOM01,0.01199
input.sielrun4,input.FASILKOM01,0.00368
input.SienaCL1B,input.FASILKOM01,0.53153
input.SienaCL31,input.FASILKOM01,0.48367
input.SienaCL342,input.FASILKOM01,0.63550
input.SienaCLbase,input.FASILKOM01,0.07315
input.simfoll,input.FASILKOM01,0.01356
input.simfollTP01,input.FASILKOM01,0.15053
input.sylesNoRes,input.FASILKOM01,0.39910
input.tfTP01,input.FASILKOM01,0.16475
input.udelIndri,input.FASILKOM01,0.27952
input.udelLucene,input.FASILKOM01,0.00000
input.UDMicroComb1,input.FASILKOM01,0.00390
input.UDMicroComb2,input.FASILKOM01,0.28119
input.UDMicroIDF,input.FASILKOM01,0.66891
input.UDMicroIDFD,input.FASILKOM01,0.05187
input.uicir1,input.FASILKOM01,0.00008
input.uicir2,input.FASILKOM01,0.00121
input.UIowaS1,input.FASILKOM01,0.04421
input.UIowaS2,input.FASILKOM01,0.08405
input.UIowaS3,input.FASILKOM01,0.09022
input.UIowaS4,input.FASILKOM01,0.69229
input.uiucsf,input.FASILKOM01,0.00000
input.uogTrLqea,input.FASILKOM01,0.06113
input.uogTrLqeabd,input.FASILKOM01,0.03775
input.uogTrLqeabdd,input.FASILKOM01,0.02189
input.uogTrUB2,input.FASILKOM01,0.00599
input.UTBase,input.FASILKOM01,0.03544
input.UTBaseRTF,input.FASILKOM01,0.00000
input.UTWngFuture,input.FASILKOM01,0.40655
input.UTWngFutureQ,input.FASILKOM01,0.76614
input.waterlooa1,input.FASILKOM01,0.81351
input.waterlooa2,input.FASILKOM01,0.49437
input.waterlooa3,input.FASILKOM01,0.66122
input.waterlooa4,input.FASILKOM01,0.97703
input.WESTfilext,input.FASILKOM01,0.00788
input.WESTfilter,input.FASILKOM01,0.04111
input.WESTrelint,input.FASILKOM01,0.00004
input.WESTrlext,input.FASILKOM01,0.00001
input.Wise2ndRun,input.FASILKOM01,0.17015
input.WiseFifthRun,input.FASILKOM01,0.39630
input.WiseFouthRun,input.FASILKOM01,0.61653
input.WiseThirdRun,input.FASILKOM01,0.17015
input.ya3,input.FASILKOM01,0.00005
input.ya4,input.FASILKOM01,0.00012
input.YNDXTPC1,input.FASILKOM01,0.00058
input.YNDXTPC2,input.FASILKOM01,0.00117
input.FASILKOM03,input.FASILKOM02,0.30227
input.FASILKOM04,input.FASILKOM02,0.84625
input.FDUNLP,input.FASILKOM02,0.62531
input.FDUNLP2,input.FASILKOM02,0.02074
input.Google1GNO,input.FASILKOM02,0.58906
input.gus,input.FASILKOM02,0.00142
input.gust,input.FASILKOM02,0.00261
input.gustc,input.FASILKOM02,0.00261
input.gut,input.FASILKOM02,0.00700
input.hitWId,input.FASILKOM02,0.00000
input.hitWIt,input.FASILKOM02,0.00000
input.ICTNET11MBR1,input.FASILKOM02,0.00000
input.ICTNET11MBR2,input.FASILKOM02,0.00022
input.ICTNET11MBR3,input.FASILKOM02,0.00000
input.ICTNET11MBR4,input.FASILKOM02,0.00000
input.IDEAACTQE,input.FASILKOM02,0.12400
input.IDEABASIC,input.FASILKOM02,0.16535
input.IDEABASICACT,input.FASILKOM02,0.16535
input.IDEABASICQE,input.FASILKOM02,0.12082
input.ikmRun1,input.FASILKOM02,0.12423
input.InL2c1,input.FASILKOM02,0.11735
input.iritfd1,input.FASILKOM02,0.00870
input.iritfd2,input.FASILKOM02,0.06046
input.IRSIGoogle1G,input.FASILKOM02,0.39586
input.IRSIGoogle2G,input.FASILKOM02,0.70028
input.isiFD,input.FASILKOM02,0.73744
input.isiFDL,input.FASILKOM02,0.86092
input.isiFDRM,input.FASILKOM02,0.55690
input.isiFDRML,input.FASILKOM02,0.42382
input.kanopeRun,input.FASILKOM02,0.00000
input.KAUSTBase,input.FASILKOM02,0.03492
input.KAUSTExp,input.FASILKOM02,0.01376
input.KAUSTExpRrnk,input.FASILKOM02,0.20294
input.KAUSTRerank,input.FASILKOM02,0.27513
input.LJQO10,input.FASILKOM02,0.45071
input.LJQO5,input.FASILKOM02,0.40268
input.LMOP10,input.FASILKOM02,0.06068
input.LMOP5,input.FASILKOM02,0.00002
input.LThresh,input.FASILKOM02,0.01945
input.manualWISTUD,input.FASILKOM02,0.04174
input.melblt,input.FASILKOM02,0.06256
input.MONASH1NEW,input.FASILKOM02,0.54768
input.MONASH2NEW,input.FASILKOM02,0.15523
input.MorpheusRun1,input.FASILKOM02,0.00000
input.mulnewWISTUD,input.FASILKOM02,0.26517
input.myRun,input.FASILKOM02,0.28008
input.myrun2,input.FASILKOM02,0.95118
input.myrun3,input.FASILKOM02,0.93653
input.Nestor,input.FASILKOM02,0.01876
input.NestorS,input.FASILKOM02,0.01350
input.normal,input.FASILKOM02,0.11877
input.nQCRIwoTag,input.FASILKOM02,0.01078
input.nQCRIwTag,input.FASILKOM02,0.01927
input.omarRun,input.FASILKOM02,0.00089
input.PKUICST,input.FASILKOM02,0.00040
input.PKUICST2,input.FASILKOM02,0.26815
input.PKUICST3,input.FASILKOM02,0.00000
input.PKUICST4,input.FASILKOM02,0.00000
input.PL2Bo1SDExt,input.FASILKOM02,0.00000
input.PL2NoQENoDM,input.FASILKOM02,0.05489
input.PL2NoQeSd,input.FASILKOM02,0.03902
input.PL2NoQeSdExt,input.FASILKOM02,0.00000
input.PRISrun1,input.FASILKOM02,0.00014
input.PRISrun2,input.FASILKOM02,0.00000
input.PRISrun3,input.FASILKOM02,0.00058
input.PRISrun4,input.FASILKOM02,0.00383
input.QCRIwoTagOrg,input.FASILKOM02,0.01078
input.QCRIwTagOrg,input.FASILKOM02,0.01927
input.qHtagBaseRun,input.FASILKOM02,0.00005
input.qRefLThresh,input.FASILKOM02,0.01107
input.refBalRun,input.FASILKOM02,0.02488
input.refRelRun,input.FASILKOM02,0.15163
input.relevanceRun,input.FASILKOM02,0.41303
input.RFD,input.FASILKOM02,0.94951
input.ri,input.FASILKOM02,0.25082
input.rit,input.FASILKOM02,0.95836
input.rit3,input.FASILKOM02,0.12570
input.RMITAR,input.FASILKOM02,0.10387
input.RMITM,input.FASILKOM02,0.19882
input.RMITMR,input.FASILKOM02,0.14748
input.RMITMRR,input.FASILKOM02,0.73119
input.Rocchio,input.FASILKOM02,0.95536
input.RTB,input.FASILKOM02,0.00000
input.run1,input.FASILKOM02,0.21367
input.run1a,input.FASILKOM02,0.00000
input.run1fix,input.FASILKOM02,0.16857
input.run2,input.FASILKOM02,0.00104
input.run2a,input.FASILKOM02,0.00000
input.run3,input.FASILKOM02,0.00001
input.run3a,input.FASILKOM02,0.00000
input.run4,input.FASILKOM02,0.00023
input.run4a,input.FASILKOM02,0.00000
input.RunAll,input.FASILKOM02,0.00488
input.RunFut,input.FASILKOM02,0.00454
input.runNeMIS,input.FASILKOM02,0.00001
input.runNeMISext,input.FASILKOM02,0.00004
input.RunPure,input.FASILKOM02,0.00743
input.scurtuRun1,input.FASILKOM02,0.00069
input.sielrun1,input.FASILKOM02,0.00010
input.sielrun2,input.FASILKOM02,0.00091
input.sielrun3,input.FASILKOM02,0.00312
input.sielrun4,input.FASILKOM02,0.00082
input.SienaCL1B,input.FASILKOM02,0.28497
input.SienaCL31,input.FASILKOM02,0.25265
input.SienaCL342,input.FASILKOM02,0.35886
input.SienaCLbase,input.FASILKOM02,0.02539
input.simfoll,input.FASILKOM02,0.04284
input.simfollTP01,input.FASILKOM02,0.32016
input.sylesNoRes,input.FASILKOM02,0.68938
input.tfTP01,input.FASILKOM02,0.34428
input.udelIndri,input.FASILKOM02,0.12727
input.udelLucene,input.FASILKOM02,0.00000
input.UDMicroComb1,input.FASILKOM02,0.00087
input.UDMicroComb2,input.FASILKOM02,0.12821
input.UDMicroIDF,input.FASILKOM02,0.38365
input.UDMicroIDFD,input.FASILKOM02,0.01695
input.uicir1,input.FASILKOM02,0.00001
input.uicir2,input.FASILKOM02,0.00023
input.UIowaS1,input.FASILKOM02,0.01406
input.UIowaS2,input.FASILKOM02,0.02992
input.UIowaS3,input.FASILKOM02,0.03253
input.UIowaS4,input.FASILKOM02,0.96188
input.uiucsf,input.FASILKOM02,0.00000
input.uogTrLqea,input.FASILKOM02,0.02055
input.uogTrLqeabd,input.FASILKOM02,0.01170
input.uogTrLqeabdd,input.FASILKOM02,0.00622
input.uogTrUB2,input.FASILKOM02,0.00141
input.UTBase,input.FASILKOM02,0.01087
input.UTBaseRTF,input.FASILKOM02,0.00000
input.UTWngFuture,input.FASILKOM02,0.20284
input.UTWngFutureQ,input.FASILKOM02,0.45871
input.waterlooa1,input.FASILKOM02,0.49686
input.waterlooa2,input.FASILKOM02,0.25978
input.waterlooa3,input.FASILKOM02,0.99576
input.waterlooa4,input.FASILKOM02,0.63669
input.WESTfilext,input.FASILKOM02,0.00193
input.WESTfilter,input.FASILKOM02,0.01292
input.WESTrelint,input.FASILKOM02,0.00001
input.WESTrlext,input.FASILKOM02,0.00000
input.Wise2ndRun,input.FASILKOM02,0.35331
input.WiseFifthRun,input.FASILKOM02,0.19643
input.WiseFouthRun,input.FASILKOM02,0.34501
input.WiseThirdRun,input.FASILKOM02,0.35331
input.ya3,input.FASILKOM02,0.00001
input.ya4,input.FASILKOM02,0.00002
input.YNDXTPC1,input.FASILKOM02,0.00010
input.YNDXTPC2,input.FASILKOM02,0.00022
input.FASILKOM04,input.FASILKOM03,0.22039
input.FDUNLP,input.FASILKOM03,0.12853
input.FDUNLP2,input.FASILKOM03,0.20014
input.Google1GNO,input.FASILKOM03,0.11600
input.gus,input.FASILKOM03,0.03087
input.gust,input.FASILKOM03,0.04785
input.gustc,input.FASILKOM03,0.04785
input.gut,input.FASILKOM03,0.09591
input.hitWId,input.FASILKOM03,0.00000
input.hitWIt,input.FASILKOM03,0.00000
input.ICTNET11MBR1,input.FASILKOM03,0.00000
input.ICTNET11MBR2,input.FASILKOM03,0.00000
input.ICTNET11MBR3,input.FASILKOM03,0.00000
input.ICTNET11MBR4,input.FASILKOM03,0.00000
input.IDEAACTQE,input.FASILKOM03,0.01018
input.IDEABASIC,input.FASILKOM03,0.01557
input.IDEABASICACT,input.FASILKOM03,0.01557
input.IDEABASICQE,input.FASILKOM03,0.00980
input.ikmRun1,input.FASILKOM03,0.61309
input.InL2c1,input.FASILKOM03,0.59306
input.iritfd1,input.FASILKOM03,0.00026
input.iritfd2,input.FASILKOM03,0.00363
input.IRSIGoogle1G,input.FASILKOM03,0.06002
input.IRSIGoogle2G,input.FASILKOM03,0.15662
input.isiFD,input.FASILKOM03,0.48621
input.isiFDL,input.FASILKOM03,0.22751
input.isiFDRM,input.FASILKOM03,0.10544
input.isiFDRML,input.FASILKOM03,0.06704
input.kanopeRun,input.FASILKOM03,0.00000
input.KAUSTBase,input.FASILKOM03,0.28117
input.KAUSTExp,input.FASILKOM03,0.15215
input.KAUSTExpRrnk,input.FASILKOM03,0.80906
input.KAUSTRerank,input.FASILKOM03,0.95237
input.LJQO10,input.FASILKOM03,0.07413
input.LJQO5,input.FASILKOM03,0.84560
input.LMOP10,input.FASILKOM03,0.39853
input.LMOP5,input.FASILKOM03,0.00140
input.LThresh,input.FASILKOM03,0.19183
input.manualWISTUD,input.FASILKOM03,0.00216
input.melblt,input.FASILKOM03,0.40615
input.MONASH1NEW,input.FASILKOM03,0.66695
input.MONASH2NEW,input.FASILKOM03,0.69674
input.MorpheusRun1,input.FASILKOM03,0.00000
input.mulnewWISTUD,input.FASILKOM03,0.03189
input.myRun,input.FASILKOM03,0.96127
input.myrun2,input.FASILKOM03,0.33187
input.myrun3,input.FASILKOM03,0.34112
input.Nestor,input.FASILKOM03,0.18726
input.NestorS,input.FASILKOM03,0.15024
input.normal,input.FASILKOM03,0.59725
input.nQCRIwoTag,input.FASILKOM03,0.12894
input.nQCRIwTag,input.FASILKOM03,0.19062
input.omarRun,input.FASILKOM03,0.02200
input.PKUICST,input.FASILKOM03,0.00000
input.PKUICST2,input.FASILKOM03,0.03244
input.PKUICST3,input.FASILKOM03,0.00000
input.PKUICST4,input.FASILKOM03,0.00000
input.PL2Bo1SDExt,input.FASILKOM03,0.00000
input.PL2NoQENoDM,input.FASILKOM03,0.37446
input.PL2NoQeSd,input.FASILKOM03,0.30190
input.PL2NoQeSdExt,input.FASILKOM03,0.00000
input.PRISrun1,input.FASILKOM03,0.00000
input.PRISrun2,input.FASILKOM03,0.00000
input.PRISrun3,input.FASILKOM03,0.00001
input.PRISrun4,input.FASILKOM03,0.00009
input.QCRIwoTagOrg,input.FASILKOM03,0.12894
input.QCRIwTagOrg,input.FASILKOM03,0.19062
input.qHtagBaseRun,input.FASILKOM03,0.00232
input.qRefLThresh,input.FASILKOM03,0.13133
input.refBalRun,input.FASILKOM03,0.22561
input.refRelRun,input.FASILKOM03,0.68753
input.relevanceRun,input.FASILKOM03,0.83131
input.RFD,input.FASILKOM03,0.27356
input.ri,input.FASILKOM03,0.02926
input.rit,input.FASILKOM03,0.32740
input.rit3,input.FASILKOM03,0.61729
input.RMITAR,input.FASILKOM03,0.00786
input.RMITM,input.FASILKOM03,0.02053
input.RMITMR,input.FASILKOM03,0.01314
input.RMITMRR,input.FASILKOM03,0.16909
input.Rocchio,input.FASILKOM03,0.32926
input.RTB,input.FASILKOM03,0.00000
input.run1,input.FASILKOM03,0.83215
input.run1a,input.FASILKOM03,0.00000
input.run1fix,input.FASILKOM03,0.01602
input.run2,input.FASILKOM03,0.00002
input.run2a,input.FASILKOM03,0.00000
input.run3,input.FASILKOM03,0.00000
input.run3a,input.FASILKOM03,0.00005
input.run4,input.FASILKOM03,0.00000
input.run4a,input.FASILKOM03,0.00003
input.RunAll,input.FASILKOM03,0.07450
input.RunFut,input.FASILKOM03,0.07091
input.runNeMIS,input.FASILKOM03,0.00069
input.runNeMISext,input.FASILKOM03,0.00228
input.RunPure,input.FASILKOM03,0.09986
input.scurtuRun1,input.FASILKOM03,0.01815
input.sielrun1,input.FASILKOM03,0.00429
input.sielrun2,input.FASILKOM03,0.02229
input.sielrun3,input.FASILKOM03,0.05429
input.sielrun4,input.FASILKOM03,0.02056
input.SienaCL1B,input.FASILKOM03,0.96998
input.SienaCL31,input.FASILKOM03,0.91054
input.SienaCL342,input.FASILKOM03,0.90921
input.SienaCLbase,input.FASILKOM03,0.22864
input.simfoll,input.FASILKOM03,0.00224
input.simfollTP01,input.FASILKOM03,0.04279
input.sylesNoRes,input.FASILKOM03,0.15235
input.tfTP01,input.FASILKOM03,0.04800
input.udelIndri,input.FASILKOM03,0.62176
input.udelLucene,input.FASILKOM03,0.00000
input.UDMicroComb1,input.FASILKOM03,0.02155
input.UDMicroComb2,input.FASILKOM03,0.62442
input.UDMicroIDF,input.FASILKOM03,0.87257
input.UDMicroIDFD,input.FASILKOM03,0.17504
input.uicir1,input.FASILKOM03,0.00075
input.uicir2,input.FASILKOM03,0.00810
input.UIowaS1,input.FASILKOM03,0.15443
input.UIowaS2,input.FASILKOM03,0.25446
input.UIowaS3,input.FASILKOM03,0.26864
input.UIowaS4,input.FASILKOM03,0.32522
input.uiucsf,input.FASILKOM03,0.00000
input.uogTrLqea,input.FASILKOM03,0.19896
input.uogTrLqeabd,input.FASILKOM03,0.13635
input.uogTrLqeabdd,input.FASILKOM03,0.08833
input.uogTrUB2,input.FASILKOM03,0.03075
input.UTBase,input.FASILKOM03,0.12972
input.UTBaseRTF,input.FASILKOM03,0.00000
input.UTWngFuture,input.FASILKOM03,0.80883
input.UTWngFutureQ,input.FASILKOM03,0.77134
input.waterlooa1,input.FASILKOM03,0.72473
input.waterlooa2,input.FASILKOM03,0.92405
input.waterlooa3,input.FASILKOM03,0.30477
input.waterlooa4,input.FASILKOM03,0.57599
input.WESTfilext,input.FASILKOM03,0.03855
input.WESTfilter,input.FASILKOM03,0.14585
input.WESTrelint,input.FASILKOM03,0.00045
input.WESTrlext,input.FASILKOM03,0.00010
input.Wise2ndRun,input.FASILKOM03,0.05002
input.WiseFifthRun,input.FASILKOM03,0.79470
input.WiseFouthRun,input.FASILKOM03,0.93045
input.WiseThirdRun,input.FASILKOM03,0.05002
input.ya3,input.FASILKOM03,0.00055
input.ya4,input.FASILKOM03,0.00111
input.YNDXTPC1,input.FASILKOM03,0.00437
input.YNDXTPC2,input.FASILKOM03,0.00785
input.FDUNLP,input.FASILKOM04,0.76842
input.FDUNLP2,input.FASILKOM04,0.01219
input.Google1GNO,input.FASILKOM04,0.72912
input.gus,input.FASILKOM04,0.00071
input.gust,input.FASILKOM04,0.00135
input.gustc,input.FASILKOM04,0.00135
input.gut,input.FASILKOM04,0.00385
input.hitWId,input.FASILKOM04,0.00000
input.hitWIt,input.FASILKOM04,0.00000
input.ICTNET11MBR1,input.FASILKOM04,0.00000
input.ICTNET11MBR2,input.FASILKOM04,0.00046
input.ICTNET11MBR3,input.FASILKOM04,0.00000
input.ICTNET11MBR4,input.FASILKOM04,0.00000
input.IDEAACTQE,input.FASILKOM04,0.17885
input.IDEABASIC,input.FASILKOM04,0.23271
input.IDEABASICACT,input.FASILKOM04,0.23271
input.IDEABASICQE,input.FASILKOM04,0.17464
input.ikmRun1,input.FASILKOM04,0.08342
input.InL2c1,input.FASILKOM04,0.07843
input.iritfd1,input.FASILKOM04,0.01511
input.iritfd2,input.FASILKOM04,0.09228
input.IRSIGoogle1G,input.FASILKOM04,0.51239
input.IRSIGoogle2G,input.FASILKOM04,0.84850
input.isiFD,input.FASILKOM04,0.59671
input.isiFDL,input.FASILKOM04,0.98508
input.isiFDRM,input.FASILKOM04,0.69392
input.isiFDRML,input.FASILKOM04,0.54458
input.kanopeRun,input.FASILKOM04,0.00000
input.KAUSTBase,input.FASILKOM04,0.02127
input.KAUSTExp,input.FASILKOM04,0.00787
input.KAUSTExpRrnk,input.FASILKOM04,0.14234
input.KAUSTRerank,input.FASILKOM04,0.19871
input.LJQO10,input.FASILKOM04,0.57526
input.LJQO5,input.FASILKOM04,0.30266
input.LMOP10,input.FASILKOM04,0.03848
input.LMOP5,input.FASILKOM04,0.00001
input.LThresh,input.FASILKOM04,0.01138
input.manualWISTUD,input.FASILKOM04,0.06545
input.melblt,input.FASILKOM04,0.03977
input.MONASH1NEW,input.FASILKOM04,0.42653
input.MONASH2NEW,input.FASILKOM04,0.10627
input.MorpheusRun1,input.FASILKOM04,0.00000
input.mulnewWISTUD,input.FASILKOM04,0.35739
input.myRun,input.FASILKOM04,0.20264
input.myrun2,input.FASILKOM04,0.79862
input.myrun3,input.FASILKOM04,0.78444
input.Nestor,input.FASILKOM04,0.01095
input.NestorS,input.FASILKOM04,0.00772
input.normal,input.FASILKOM04,0.07946
input.nQCRIwoTag,input.FASILKOM04,0.00607
input.nQCRIwTag,input.FASILKOM04,0.01127
input.omarRun,input.FASILKOM04,0.00044
input.PKUICST,input.FASILKOM04,0.00082
input.PKUICST2,input.FASILKOM04,0.36102
input.PKUICST3,input.FASILKOM04,0.00001
input.PKUICST4,input.FASILKOM04,0.00000
input.PL2Bo1SDExt,input.FASILKOM04,0.00000
input.PL2NoQENoDM,input.FASILKOM04,0.03455
input.PL2NoQeSd,input.FASILKOM04,0.02396
input.PL2NoQeSdExt,input.FASILKOM04,0.00000
input.PRISrun1,input.FASILKOM04,0.00031
input.PRISrun2,input.FASILKOM04,0.00000
input.PRISrun3,input.FASILKOM04,0.00116
input.PRISrun4,input.FASILKOM04,0.00697
input.QCRIwoTagOrg,input.FASILKOM04,0.00607
input.QCRIwTagOrg,input.FASILKOM04,0.01127
input.qHtagBaseRun,input.FASILKOM04,0.00002
input.qRefLThresh,input.FASILKOM04,0.00625
input.refBalRun,input.FASILKOM04,0.01480
input.refRelRun,input.FASILKOM04,0.10359
input.relevanceRun,input.FASILKOM04,0.31131
input.RFD,input.FASILKOM04,0.89610
input.ri,input.FASILKOM04,0.33985
input.rit,input.FASILKOM04,0.80559
input.rit3,input.FASILKOM04,0.08449
input.RMITAR,input.FASILKOM04,0.15201
input.RMITM,input.FASILKOM04,0.27526
input.RMITMR,input.FASILKOM04,0.20963
input.RMITMRR,input.FASILKOM04,0.88105
input.Rocchio,input.FASILKOM04,0.80268
input.RTB,input.FASILKOM04,0.00000
input.run1,input.FASILKOM04,0.15060
input.run1a,input.FASILKOM04,0.00000
input.run1fix,input.FASILKOM04,0.23685
input.run2,input.FASILKOM04,0.00203
input.run2a,input.FASILKOM04,0.00000
input.run3,input.FASILKOM04,0.00001
input.run3a,input.FASILKOM04,0.00000
input.run4,input.FASILKOM04,0.00048
input.run4a,input.FASILKOM04,0.00000
input.RunAll,input.FASILKOM04,0.00262
input.RunFut,input.FASILKOM04,0.00243
input.runNeMIS,input.FASILKOM04,0.00000
input.runNeMISext,input.FASILKOM04,0.00002
input.RunPure,input.FASILKOM04,0.00409
input.scurtuRun1,input.FASILKOM04,0.00033
input.sielrun1,input.FASILKOM04,0.00004
input.sielrun2,input.FASILKOM04,0.00045
input.sielrun3,input.FASILKOM04,0.00163
input.sielrun4,input.FASILKOM04,0.00040
input.SienaCL1B,input.FASILKOM04,0.20655
input.SienaCL31,input.FASILKOM04,0.18094
input.SienaCL342,input.FASILKOM04,0.26637
input.SienaCLbase,input.FASILKOM04,0.01513
input.simfoll,input.FASILKOM04,0.06704
input.simfollTP01,input.FASILKOM04,0.42358
input.sylesNoRes,input.FASILKOM04,0.83695
input.tfTP01,input.FASILKOM04,0.45215
input.udelIndri,input.FASILKOM04,0.08564
input.udelLucene,input.FASILKOM04,0.00000
input.UDMicroComb1,input.FASILKOM04,0.00043
input.UDMicroComb2,input.FASILKOM04,0.08633
input.UDMicroIDF,input.FASILKOM04,0.28683
input.UDMicroIDFD,input.FASILKOM04,0.00983
input.uicir1,input.FASILKOM04,0.00000
input.uicir2,input.FASILKOM04,0.00011
input.UIowaS1,input.FASILKOM04,0.00806
input.UIowaS2,input.FASILKOM04,0.01803
input.UIowaS3,input.FASILKOM04,0.01972
input.UIowaS4,input.FASILKOM04,0.80902
input.uiucsf,input.FASILKOM04,0.00000
input.uogTrLqea,input.FASILKOM04,0.01207
input.uogTrLqeabd,input.FASILKOM04,0.00663
input.uogTrLqeabdd,input.FASILKOM04,0.00339
input.uogTrUB2,input.FASILKOM04,0.00071
input.UTBase,input.FASILKOM04,0.00613
input.UTBaseRTF,input.FASILKOM04,0.00000
input.UTWngFuture,input.FASILKOM04,0.14226
input.UTWngFutureQ,input.FASILKOM04,0.34985
input.waterlooa1,input.FASILKOM04,0.38248
input.waterlooa2,input.FASILKOM04,0.18656
input.waterlooa3,input.FASILKOM04,0.84209
input.waterlooa4,input.FASILKOM04,0.50526
input.WESTfilext,input.FASILKOM04,0.00099
input.WESTfilter,input.FASILKOM04,0.00737
input.WESTrelint,input.FASILKOM04,0.00000
input.WESTrlext,input.FASILKOM04,0.00000
input.Wise2ndRun,input.FASILKOM04,0.46278
input.WiseFifthRun,input.FASILKOM04,0.13736
input.WiseFouthRun,input.FASILKOM04,0.25503
input.WiseThirdRun,input.FASILKOM04,0.46278
input.ya3,input.FASILKOM04,0.00000
input.ya4,input.FASILKOM04,0.00001
input.YNDXTPC1,input.FASILKOM04,0.00005
input.YNDXTPC2,input.FASILKOM04,0.00010
input.FDUNLP2,input.FDUNLP,0.00509
input.Google1GNO,input.FDUNLP,0.95865
input.gus,input.FDUNLP,0.00023
input.gust,input.FDUNLP,0.00047
input.gustc,input.FDUNLP,0.00047
input.gut,input.FDUNLP,0.00145
input.hitWId,input.FDUNLP,0.00001
input.hitWIt,input.FDUNLP,0.00001
input.ICTNET11MBR1,input.FDUNLP,0.00000
input.ICTNET11MBR2,input.FDUNLP,0.00133
input.ICTNET11MBR3,input.FDUNLP,0.00000
input.ICTNET11MBR4,input.FDUNLP,0.00000
input.IDEAACTQE,input.FDUNLP,0.29378
input.IDEABASIC,input.FDUNLP,0.36867
input.IDEABASICACT,input.FDUNLP,0.36867
input.IDEABASICQE,input.FDUNLP,0.28778
input.ikmRun1,input.FDUNLP,0.04281
input.InL2c1,input.FDUNLP,0.03994
input.iritfd1,input.FDUNLP,0.03273
input.iritfd2,input.FDUNLP,0.16482
input.IRSIGoogle1G,input.FDUNLP,0.71833
input.IRSIGoogle2G,input.FDUNLP,0.91764
input.isiFD,input.FDUNLP,0.41018
input.isiFDL,input.FDUNLP,0.75418
input.isiFDRM,input.FDUNLP,0.92106
input.isiFDRML,input.FDUNLP,0.75545
input.kanopeRun,input.FDUNLP,0.00000
input.KAUSTBase,input.FDUNLP,0.00939
input.KAUSTExp,input.FDUNLP,0.00316
input.KAUSTExpRrnk,input.FDUNLP,0.07814
input.KAUSTRerank,input.FDUNLP,0.11418
input.LJQO10,input.FDUNLP,0.79033
input.LJQO5,input.FDUNLP,0.18511
input.LMOP10,input.FDUNLP,0.01807
input.LMOP5,input.FDUNLP,0.00000
input.LThresh,input.FDUNLP,0.00473
input.manualWISTUD,input.FDUNLP,0.12168
input.melblt,input.FDUNLP,0.01874
input.MONASH1NEW,input.FDUNLP,0.27589
input.MONASH2NEW,input.FDUNLP,0.05618
input.MorpheusRun1,input.FDUNLP,0.00000
input.mulnewWISTUD,input.FDUNLP,0.53137
input.myRun,input.FDUNLP,0.11677
input.myrun2,input.FDUNLP,0.58261
input.myrun3,input.FDUNLP,0.57005
input.Nestor,input.FDUNLP,0.00453
input.NestorS,input.FDUNLP,0.00309
input.normal,input.FDUNLP,0.04053
input.nQCRIwoTag,input.FDUNLP,0.00238
input.nQCRIwTag,input.FDUNLP,0.00467
input.omarRun,input.FDUNLP,0.00014
input.PKUICST,input.FDUNLP,0.00228
input.PKUICST2,input.FDUNLP,0.53593
input.PKUICST3,input.FDUNLP,0.00002
input.PKUICST4,input.FDUNLP,0.00000
input.PL2Bo1SDExt,input.FDUNLP,0.00000
input.PL2NoQENoDM,input.FDUNLP,0.01604
input.PL2NoQeSd,input.FDUNLP,0.01070
input.PL2NoQeSdExt,input.FDUNLP,0.00000
input.PRISrun1,input.FDUNLP,0.00092
input.PRISrun2,input.FDUNLP,0.00000
input.PRISrun3,input.FDUNLP,0.00315
input.PRISrun4,input.FDUNLP,0.01622
input.QCRIwoTagOrg,input.FDUNLP,0.00238
input.QCRIwTagOrg,input.FDUNLP,0.00467
input.qHtagBaseRun,input.FDUNLP,0.00000
input.qRefLThresh,input.FDUNLP,0.00246
input.refBalRun,input.FDUNLP,0.00630
input.refRelRun,input.FDUNLP,0.05459
input.relevanceRun,input.FDUNLP,0.19124
input.RFD,input.FDUNLP,0.67082
input.ri,input.FDUNLP,0.50924
input.rit,input.FDUNLP,0.58882
input.rit3,input.FDUNLP,0.04342
input.RMITAR,input.FDUNLP,0.25511
input.RMITM,input.FDUNLP,0.42569
input.RMITMR,input.FDUNLP,0.33699
input.RMITMRR,input.FDUNLP,0.88487
input.Rocchio,input.FDUNLP,0.58622
input.RTB,input.FDUNLP,0.00000
input.run1,input.FDUNLP,0.08330
input.run1a,input.FDUNLP,0.00000
input.run1fix,input.FDUNLP,0.37430
input.run2,input.FDUNLP,0.00524
input.run2a,input.FDUNLP,0.00000
input.run3,input.FDUNLP,0.00005
input.run3a,input.FDUNLP,0.00000
input.run4,input.FDUNLP,0.00138
input.run4a,input.FDUNLP,0.00000
input.RunAll,input.FDUNLP,0.00095
input.RunFut,input.FDUNLP,0.00088
input.runNeMIS,input.FDUNLP,0.00000
input.runNeMISext,input.FDUNLP,0.00000
input.RunPure,input.FDUNLP,0.00155
input.scurtuRun1,input.FDUNLP,0.00010
input.sielrun1,input.FDUNLP,0.00001
input.sielrun2,input.FDUNLP,0.00014
input.sielrun3,input.FDUNLP,0.00057
input.sielrun4,input.FDUNLP,0.00013
input.SienaCL1B,input.FDUNLP,0.11934
input.SienaCL31,input.FDUNLP,0.10262
input.SienaCL342,input.FDUNLP,0.15976
input.SienaCLbase,input.FDUNLP,0.00645
input.simfoll,input.FDUNLP,0.12431
input.simfollTP01,input.FDUNLP,0.61301
input.sylesNoRes,input.FDUNLP,0.92936
input.tfTP01,input.FDUNLP,0.64738
input.udelIndri,input.FDUNLP,0.04408
input.udelLucene,input.FDUNLP,0.00000
input.UDMicroComb1,input.FDUNLP,0.00013
input.UDMicroComb2,input.FDUNLP,0.04448
input.UDMicroIDF,input.FDUNLP,0.17398
input.UDMicroIDFD,input.FDUNLP,0.00403
input.uicir1,input.FDUNLP,0.00000
input.uicir2,input.FDUNLP,0.00003
input.UIowaS1,input.FDUNLP,0.00324
input.UIowaS2,input.FDUNLP,0.00783
input.UIowaS3,input.FDUNLP,0.00864
input.UIowaS4,input.FDUNLP,0.59187
input.uiucsf,input.FDUNLP,0.00000
input.uogTrLqea,input.FDUNLP,0.00504
input.uogTrLqeabd,input.FDUNLP,0.00262
input.uogTrLqeabdd,input.FDUNLP,0.00126
input.uogTrUB2,input.FDUNLP,0.00023
input.UTBase,input.FDUNLP,0.00240
input.UTBaseRTF,input.FDUNLP,0.00000
input.UTWngFuture,input.FDUNLP,0.07809
input.UTWngFutureQ,input.FDUNLP,0.21896
input.waterlooa1,input.FDUNLP,0.24289
input.waterlooa2,input.FDUNLP,0.10625
input.waterlooa3,input.FDUNLP,0.62155
input.waterlooa4,input.FDUNLP,0.33671
input.WESTfilext,input.FDUNLP,0.00033
input.WESTfilter,input.FDUNLP,0.00294
input.WESTrelint,input.FDUNLP,0.00000
input.WESTrlext,input.FDUNLP,0.00000
input.Wise2ndRun,input.FDUNLP,0.66005
input.WiseFifthRun,input.FDUNLP,0.07505
input.WiseFouthRun,input.FDUNLP,0.15196
input.WiseThirdRun,input.FDUNLP,0.66005
input.ya3,input.FDUNLP,0.00000
input.ya4,input.FDUNLP,0.00000
input.YNDXTPC1,input.FDUNLP,0.00001
input.YNDXTPC2,input.FDUNLP,0.00003
input.Google1GNO,input.FDUNLP2,0.00433
input.gus,input.FDUNLP2,0.38014
input.gust,input.FDUNLP2,0.48547
input.gustc,input.FDUNLP2,0.48547
input.gut,input.FDUNLP2,0.70108
input.hitWId,input.FDUNLP2,0.00000
input.hitWIt,input.FDUNLP2,0.00000
input.ICTNET11MBR1,input.FDUNLP2,0.00000
input.ICTNET11MBR2,input.FDUNLP2,0.00000
input.ICTNET11MBR3,input.FDUNLP2,0.00000
input.ICTNET11MBR4,input.FDUNLP2,0.00000
input.IDEAACTQE,input.FDUNLP2,0.00012
input.IDEABASIC,input.FDUNLP2,0.00022
input.IDEABASICACT,input.FDUNLP2,0.00022
input.IDEABASICQE,input.FDUNLP2,0.00011
input.ikmRun1,input.FDUNLP2,0.43805
input.InL2c1,input.FDUNLP2,0.45521
input.iritfd1,input.FDUNLP2,0.00000
input.iritfd2,input.FDUNLP2,0.00003
input.IRSIGoogle1G,input.FDUNLP2,0.00157
input.IRSIGoogle2G,input.FDUNLP2,0.00698
input.isiFD,input.FDUNLP2,0.04798
input.isiFDL,input.FDUNLP2,0.01285
input.isiFDRM,input.FDUNLP2,0.00373
input.isiFDRML,input.FDUNLP2,0.00185
input.kanopeRun,input.FDUNLP2,0.00000
input.KAUSTBase,input.FDUNLP2,0.83877
input.KAUSTExp,input.FDUNLP2,0.88011
input.KAUSTExpRrnk,input.FDUNLP2,0.29856
input.KAUSTRerank,input.FDUNLP2,0.22192
input.LJQO10,input.FDUNLP2,0.00216
input.LJQO5,input.FDUNLP2,0.13997
input.LMOP10,input.FDUNLP2,0.66218
input.LMOP5,input.FDUNLP2,0.05564
input.LThresh,input.FDUNLP2,0.98084
input.manualWISTUD,input.FDUNLP2,0.00001
input.melblt,input.FDUNLP2,0.65237
input.MONASH1NEW,input.FDUNLP2,0.08699
input.MONASH2NEW,input.FDUNLP2,0.37269
input.MorpheusRun1,input.FDUNLP2,0.00000
input.mulnewWISTUD,input.FDUNLP2,0.00061
input.myRun,input.FDUNLP2,0.21773
input.myrun2,input.FDUNLP2,0.02435
input.myrun3,input.FDUNLP2,0.02554
input.Nestor,input.FDUNLP2,0.97003
input.NestorS,input.FDUNLP2,0.87483
input.normal,input.FDUNLP2,0.45157
input.nQCRIwoTag,input.FDUNLP2,0.81254
input.nQCRIwTag,input.FDUNLP2,0.97798
input.omarRun,input.FDUNLP2,0.31289
input.PKUICST,input.FDUNLP2,0.00000
input.PKUICST2,input.FDUNLP2,0.00063
input.PKUICST3,input.FDUNLP2,0.00000
input.PKUICST4,input.FDUNLP2,0.00000
input.PL2Bo1SDExt,input.FDUNLP2,0.00000
input.PL2NoQENoDM,input.FDUNLP2,0.69432
input.PL2NoQeSd,input.FDUNLP2,0.80351
input.PL2NoQeSdExt,input.FDUNLP2,0.00000
input.PRISrun1,input.FDUNLP2,0.00000
input.PRISrun2,input.FDUNLP2,0.00000
input.PRISrun3,input.FDUNLP2,0.00000
input.PRISrun4,input.FDUNLP2,0.00000
input.QCRIwoTagOrg,input.FDUNLP2,0.81254
input.QCRIwTagOrg,input.FDUNLP2,0.97798
input.qHtagBaseRun,input.FDUNLP2,0.07763
input.qRefLThresh,input.FDUNLP2,0.81987
input.refBalRun,input.FDUNLP2,0.94466
input.refRelRun,input.FDUNLP2,0.37942
input.relevanceRun,input.FDUNLP2,0.13513
input.RFD,input.FDUNLP2,0.01750
input.ri,input.FDUNLP2,0.00054
input.rit,input.FDUNLP2,0.02379
input.rit3,input.FDUNLP2,0.43453
input.RMITAR,input.FDUNLP2,0.00008
input.RMITM,input.FDUNLP2,0.00032
input.RMITMR,input.FDUNLP2,0.00017
input.RMITMRR,input.FDUNLP2,0.00790
input.Rocchio,input.FDUNLP2,0.02402
input.RTB,input.FDUNLP2,0.00000
input.run1,input.FDUNLP2,0.28497
input.run1a,input.FDUNLP2,0.00002
input.run1fix,input.FDUNLP2,0.00022
input.run2,input.FDUNLP2,0.00000
input.run2a,input.FDUNLP2,0.00016
input.run3,input.FDUNLP2,0.00000
input.run3a,input.FDUNLP2,0.00543
input.run4,input.FDUNLP2,0.00000
input.run4a,input.FDUNLP2,0.00405
input.RunAll,input.FDUNLP2,0.61540
input.RunFut,input.FDUNLP2,0.59965
input.runNeMIS,input.FDUNLP2,0.03480
input.runNeMISext,input.FDUNLP2,0.07674
input.RunPure,input.FDUNLP2,0.71557
input.scurtuRun1,input.FDUNLP2,0.27954
input.sielrun1,input.FDUNLP2,0.11524
input.sielrun2,input.FDUNLP2,0.31530
input.sielrun3,input.FDUNLP2,0.51999
input.sielrun4,input.FDUNLP2,0.30079
input.SienaCL1B,input.FDUNLP2,0.21367
input.SienaCL31,input.FDUNLP2,0.24249
input.SienaCL342,input.FDUNLP2,0.16296
input.SienaCLbase,input.FDUNLP2,0.93839
input.simfoll,input.FDUNLP2,0.00001
input.simfollTP01,input.FDUNLP2,0.00094
input.sylesNoRes,input.FDUNLP2,0.00668
input.tfTP01,input.FDUNLP2,0.00112
input.udelIndri,input.FDUNLP2,0.43081
input.udelLucene,input.FDUNLP2,0.00000
input.UDMicroComb1,input.FDUNLP2,0.30909
input.UDMicroComb2,input.FDUNLP2,0.42861
input.UDMicroIDF,input.FDUNLP2,0.14943
input.UDMicroIDFD,input.FDUNLP2,0.94019
input.uicir1,input.FDUNLP2,0.03659
input.uicir2,input.FDUNLP2,0.17177
input.UIowaS1,input.FDUNLP2,0.88638
input.UIowaS2,input.FDUNLP2,0.88742
input.UIowaS3,input.FDUNLP2,0.86111
input.UIowaS4,input.FDUNLP2,0.02352
input.uiucsf,input.FDUNLP2,0.00000
input.uogTrLqea,input.FDUNLP2,0.99733
input.uogTrLqeabd,input.FDUNLP2,0.83495
input.uogTrLqeabdd,input.FDUNLP2,0.67221
input.uogTrUB2,input.FDUNLP2,0.37936
input.UTBase,input.FDUNLP2,0.81495
input.UTBaseRTF,input.FDUNLP2,0.00000
input.UTWngFuture,input.FDUNLP2,0.29870
input.UTWngFutureQ,input.FDUNLP2,0.11600
input.waterlooa1,input.FDUNLP2,0.10240
input.waterlooa2,input.FDUNLP2,0.23569
input.waterlooa3,input.FDUNLP2,0.02103
input.waterlooa4,input.FDUNLP2,0.06571
input.WESTfilext,input.FDUNLP2,0.43081
input.WESTfilter,input.FDUNLP2,0.86251
input.WESTrelint,input.FDUNLP2,0.02604
input.WESTrlext,input.FDUNLP2,0.00877
input.Wise2ndRun,input.FDUNLP2,0.00119
input.WiseFifthRun,input.FDUNLP2,0.30728
input.WiseFouthRun,input.FDUNLP2,0.17118
input.WiseThirdRun,input.FDUNLP2,0.00119
input.ya3,input.FDUNLP2,0.02989
input.ya4,input.FDUNLP2,0.04765
input.YNDXTPC1,input.FDUNLP2,0.11657
input.YNDXTPC2,input.FDUNLP2,0.16837
input.gus,input.Google1GNO,0.00019
input.gust,input.Google1GNO,0.00038
input.gustc,input.Google1GNO,0.00038
input.gut,input.Google1GNO,0.00121
input.hitWId,input.Google1GNO,0.00001
input.hitWIt,input.Google1GNO,0.00001
input.ICTNET11MBR1,input.Google1GNO,0.00000
input.ICTNET11MBR2,input.Google1GNO,0.00159
input.ICTNET11MBR3,input.Google1GNO,0.00000
input.ICTNET11MBR4,input.Google1GNO,0.00000
input.IDEAACTQE,input.Google1GNO,0.31827
input.IDEABASIC,input.Google1GNO,0.39693
input.IDEABASICACT,input.Google1GNO,0.39693
input.IDEABASICQE,input.Google1GNO,0.31194
input.ikmRun1,input.Google1GNO,0.03776
input.InL2c1,input.Google1GNO,0.03519
input.iritfd1,input.Google1GNO,0.03720
input.iritfd2,input.Google1GNO,0.18116
input.IRSIGoogle1G,input.Google1GNO,0.75745
input.IRSIGoogle2G,input.Google1GNO,0.87662
input.isiFD,input.Google1GNO,0.38134
input.isiFDL,input.Google1GNO,0.71512
input.isiFDRM,input.Google1GNO,0.96231
input.isiFDRML,input.Google1GNO,0.79516
input.kanopeRun,input.Google1GNO,0.00000
input.KAUSTBase,input.Google1GNO,0.00806
input.KAUSTExp,input.Google1GNO,0.00267
input.KAUSTExpRrnk,input.Google1GNO,0.06977
input.KAUSTRerank,input.Google1GNO,0.10278
input.LJQO10,input.Google1GNO,0.83052
input.LJQO5,input.Google1GNO,0.16850
input.LMOP10,input.Google1GNO,0.01569
input.LMOP5,input.Google1GNO,0.00000
input.LThresh,input.Google1GNO,0.00402
input.manualWISTUD,input.Google1GNO,0.13468
input.melblt,input.Google1GNO,0.01628
input.MONASH1NEW,input.Google1GNO,0.25369
input.MONASH2NEW,input.Google1GNO,0.04982
input.MorpheusRun1,input.Google1GNO,0.00000
input.mulnewWISTUD,input.Google1GNO,0.56592
input.myRun,input.Google1GNO,0.10516
input.myrun2,input.Google1GNO,0.54756
input.myrun3,input.Google1GNO,0.53537
input.Nestor,input.Google1GNO,0.00385
input.NestorS,input.Google1GNO,0.00261
input.normal,input.Google1GNO,0.03572
input.nQCRIwoTag,input.Google1GNO,0.00200
input.nQCRIwTag,input.Google1GNO,0.00397
input.omarRun,input.Google1GNO,0.00011
input.PKUICST,input.Google1GNO,0.00271
input.PKUICST2,input.Google1GNO,0.57062
input.PKUICST3,input.Google1GNO,0.00003
input.PKUICST4,input.Google1GNO,0.00000
input.PL2Bo1SDExt,input.Google1GNO,0.00000
input.PL2NoQENoDM,input.Google1GNO,0.01390
input.PL2NoQeSd,input.Google1GNO,0.00921
input.PL2NoQeSdExt,input.Google1GNO,0.00000
input.PRISrun1,input.Google1GNO,0.00110
input.PRISrun2,input.Google1GNO,0.00000
input.PRISrun3,input.Google1GNO,0.00372
input.PRISrun4,input.Google1GNO,0.01867
input.QCRIwoTagOrg,input.Google1GNO,0.00200
input.QCRIwTagOrg,input.Google1GNO,0.00397
input.qHtagBaseRun,input.Google1GNO,0.00000
input.qRefLThresh,input.Google1GNO,0.00207
input.refBalRun,input.Google1GNO,0.00538
input.refRelRun,input.Google1GNO,0.04838
input.relevanceRun,input.Google1GNO,0.17422
input.RFD,input.Google1GNO,0.63345
input.ri,input.Google1GNO,0.54307
input.rit,input.Google1GNO,0.55358
input.rit3,input.Google1GNO,0.03831
input.RMITAR,input.Google1GNO,0.27740
input.RMITM,input.Google1GNO,0.45643
input.RMITMR,input.Google1GNO,0.36373
input.RMITMRR,input.Google1GNO,0.84410
input.Rocchio,input.Google1GNO,0.55106
input.RTB,input.Google1GNO,0.00000
input.run1,input.Google1GNO,0.07447
input.run1a,input.Google1GNO,0.00000
input.run1fix,input.Google1GNO,0.40281
input.run2,input.Google1GNO,0.00615
input.run2a,input.Google1GNO,0.00000
input.run3,input.Google1GNO,0.00006
input.run3a,input.Google1GNO,0.00000
input.run4,input.Google1GNO,0.00165
input.run4a,input.Google1GNO,0.00000
input.RunAll,input.Google1GNO,0.00079
input.RunFut,input.Google1GNO,0.00073
input.runNeMIS,input.Google1GNO,0.00000
input.runNeMISext,input.Google1GNO,0.00000
input.RunPure,input.Google1GNO,0.00129
input.scurtuRun1,input.Google1GNO,0.00008
input.sielrun1,input.Google1GNO,0.00001
input.sielrun2,input.Google1GNO,0.00011
input.sielrun3,input.Google1GNO,0.00047
input.sielrun4,input.Google1GNO,0.00010
input.SienaCL1B,input.Google1GNO,0.10753
input.SienaCL31,input.Google1GNO,0.09215
input.SienaCL342,input.Google1GNO,0.14491
input.SienaCLbase,input.Google1GNO,0.00551
input.simfoll,input.Google1GNO,0.13752
input.simfollTP01,input.Google1GNO,0.64988
input.sylesNoRes,input.Google1GNO,0.88827
input.tfTP01,input.Google1GNO,0.68507
input.udelIndri,input.Google1GNO,0.03891
input.udelLucene,input.Google1GNO,0.00000
input.UDMicroComb1,input.Google1GNO,0.00011
input.UDMicroComb2,input.Google1GNO,0.03927
input.UDMicroIDF,input.Google1GNO,0.15813
input.UDMicroIDFD,input.Google1GNO,0.00341
input.uicir1,input.Google1GNO,0.00000
input.uicir2,input.Google1GNO,0.00002
input.UIowaS1,input.Google1GNO,0.00274
input.UIowaS2,input.Google1GNO,0.00670
input.UIowaS3,input.Google1GNO,0.00741
input.UIowaS4,input.Google1GNO,0.55654
input.uiucsf,input.Google1GNO,0.00000
input.uogTrLqea,input.Google1GNO,0.00429
input.uogTrLqeabd,input.Google1GNO,0.00220
input.uogTrLqeabdd,input.Google1GNO,0.00105
input.uogTrUB2,input.Google1GNO,0.00019
input.UTBase,input.Google1GNO,0.00202
input.UTBaseRTF,input.Google1GNO,0.00000
input.UTWngFuture,input.Google1GNO,0.06972
input.UTWngFutureQ,input.Google1GNO,0.20014
input.waterlooa1,input.Google1GNO,0.22260
input.waterlooa2,input.Google1GNO,0.09549
input.waterlooa3,input.Google1GNO,0.58540
input.waterlooa4,input.Google1GNO,0.31129
input.WESTfilext,input.Google1GNO,0.00027
input.WESTfilter,input.Google1GNO,0.00248
input.WESTrelint,input.Google1GNO,0.00000
input.WESTrlext,input.Google1GNO,0.00000
input.Wise2ndRun,input.Google1GNO,0.69803
input.WiseFifthRun,input.Google1GNO,0.06695
input.WiseFouthRun,input.Google1GNO,0.13768
input.WiseThirdRun,input.Google1GNO,0.69803
input.ya3,input.Google1GNO,0.00000
input.ya4,input.Google1GNO,0.00000
input.YNDXTPC1,input.Google1GNO,0.00001
input.YNDXTPC2,input.Google1GNO,0.00002
input.gust,input.gus,0.85707
input.gustc,input.gus,0.85707
input.gut,input.gus,0.62146
input.hitWId,input.gus,0.00000
input.hitWIt,input.gus,0.00000
input.ICTNET11MBR1,input.gus,0.00000
input.ICTNET11MBR2,input.gus,0.00000
input.ICTNET11MBR3,input.gus,0.00000
input.ICTNET11MBR4,input.gus,0.00000
input.IDEAACTQE,input.gus,0.00000
input.IDEABASIC,input.gus,0.00000
input.IDEABASICACT,input.gus,0.00000
input.IDEABASICQE,input.gus,0.00000
input.ikmRun1,input.gus,0.09830
input.InL2c1,input.gus,0.10429
input.iritfd1,input.gus,0.00000
input.iritfd2,input.gus,0.00000
input.IRSIGoogle1G,input.gus,0.00005
input.IRSIGoogle2G,input.gus,0.00035
input.isiFD,input.gus,0.00430
input.isiFDL,input.gus,0.00076
input.isiFDRM,input.gus,0.00016
input.isiFDRML,input.gus,0.00007
input.kanopeRun,input.gus,0.00002
input.KAUSTBase,input.gus,0.27965
input.KAUSTExp,input.gus,0.46734
input.KAUSTExpRrnk,input.gus,0.05522
input.KAUSTRerank,input.gus,0.03581
input.LJQO10,input.gus,0.00008
input.LJQO5,input.gus,0.01860
input.LMOP10,input.gus,0.18866
input.LMOP5,input.gus,0.30012
input.LThresh,input.gus,0.39331
input.manualWISTUD,input.gus,0.00000
input.melblt,input.gus,0.18414
input.MONASH1NEW,input.gus,0.00962
input.MONASH2NEW,input.gus,0.07688
input.MorpheusRun1,input.gus,0.00000
input.mulnewWISTUD,input.gus,0.00002
input.myRun,input.gus,0.03484
input.myrun2,input.gus,0.00175
input.myrun3,input.gus,0.00187
input.Nestor,input.gus,0.40087
input.NestorS,input.gus,0.47145
input.normal,input.gus,0.10301
input.nQCRIwoTag,input.gus,0.52185
input.nQCRIwTag,input.gus,0.39530
input.omarRun,input.gus,0.89535
input.PKUICST,input.gus,0.00000
input.PKUICST2,input.gus,0.00002
input.PKUICST3,input.gus,0.00000
input.PKUICST4,input.gus,0.00000
input.PL2Bo1SDExt,input.gus,0.00000
input.PL2NoQENoDM,input.gus,0.20385
input.PL2NoQeSd,input.gus,0.25998
input.PL2NoQeSdExt,input.gus,0.00000
input.PRISrun1,input.gus,0.00000
input.PRISrun2,input.gus,0.00000
input.PRISrun3,input.gus,0.00000
input.PRISrun4,input.gus,0.00000
input.QCRIwoTagOrg,input.gus,0.52185
input.QCRIwTagOrg,input.gus,0.39530
input.qHtagBaseRun,input.gus,0.37510
input.qRefLThresh,input.gus,0.51574
input.refBalRun,input.gus,0.34361
input.refRelRun,input.gus,0.07899
input.relevanceRun,input.gus,0.01770
input.RFD,input.gus,0.00114
input.ri,input.gus,0.00001
input.rit,input.gus,0.00170
input.rit3,input.gus,0.09709
input.RMITAR,input.gus,0.00000
input.RMITM,input.gus,0.00001
input.RMITMR,input.gus,0.00000
input.RMITMRR,input.gus,0.00041
input.Rocchio,input.gus,0.00172
input.RTB,input.gus,0.00000
input.run1,input.gus,0.05155
input.run1a,input.gus,0.00077
input.run1fix,input.gus,0.00000
input.run2,input.gus,0.00000
input.run2a,input.gus,0.00383
input.run3,input.gus,0.00000
input.run3a,input.gus,0.05705
input.run4,input.gus,0.00000
input.run4a,input.gus,0.04589
input.RunAll,input.gus,0.70747
input.RunFut,input.gus,0.72428
input.runNeMIS,input.gus,0.21757
input.runNeMISext,input.gus,0.37224
input.RunPure,input.gus,0.60777
input.scurtuRun1,input.gus,0.83859
input.sielrun1,input.gus,0.48554
input.sielrun2,input.gus,0.89932
input.sielrun3,input.gus,0.81476
input.sielrun4,input.gus,0.87516
input.SienaCL1B,input.gus,0.03391
input.SienaCL31,input.gus,0.04071
input.SienaCL342,input.gus,0.02304
input.SienaCLbase,input.gus,0.33961
input.simfoll,input.gus,0.00000
input.simfollTP01,input.gus,0.00003
input.sylesNoRes,input.gus,0.00033
input.tfTP01,input.gus,0.00004
input.udelIndri,input.gus,0.09582
input.udelLucene,input.gus,0.00002
input.UDMicroComb1,input.gus,0.88907
input.UDMicroComb2,input.gus,0.09508
input.UDMicroIDF,input.gus,0.02038
input.UDMicroIDFD,input.gus,0.42220
input.uicir1,input.gus,0.22524
input.uicir2,input.gus,0.62493
input.UIowaS1,input.gus,0.46249
input.UIowaS2,input.gus,0.30810
input.UIowaS3,input.gus,0.29252
input.UIowaS4,input.gus,0.00167
input.uiucsf,input.gus,0.00000
input.uogTrLqea,input.gus,0.38196
input.uogTrLqeabd,input.gus,0.50331
input.uogTrLqeabdd,input.gus,0.64945
input.uogTrUB2,input.gus,0.99886
input.UTBase,input.gus,0.51984
input.UTBaseRTF,input.gus,0.00000
input.UTWngFuture,input.gus,0.05525
input.UTWngFutureQ,input.gus,0.01431
input.waterlooa1,input.gus,0.01204
input.waterlooa2,input.gus,0.03907
input.waterlooa3,input.gus,0.00145
input.waterlooa4,input.gus,0.00657
input.WESTfilext,input.gus,0.92841
input.WESTfilter,input.gus,0.48114
input.WESTrelint,input.gus,0.17766
input.WESTrlext,input.gus,0.08130
input.Wise2ndRun,input.gus,0.00004
input.WiseFifthRun,input.gus,0.05762
input.WiseFouthRun,input.gus,0.02470
input.WiseThirdRun,input.gus,0.00004
input.ya3,input.gus,0.19568
input.ya4,input.gus,0.27009
input.YNDXTPC1,input.gus,0.48914
input.YNDXTPC2,input.gus,0.61721
input.gustc,input.gust,1.00000
input.gut,input.gust,0.75377
input.hitWId,input.gust,0.00000
input.hitWIt,input.gust,0.00000
input.ICTNET11MBR1,input.gust,0.00000
input.ICTNET11MBR2,input.gust,0.00000
input.ICTNET11MBR3,input.gust,0.00000
input.ICTNET11MBR4,input.gust,0.00000
input.IDEAACTQE,input.gust,0.00001
input.IDEABASIC,input.gust,0.00001
input.IDEABASICACT,input.gust,0.00001
input.IDEABASICQE,input.gust,0.00001
input.ikmRun1,input.gust,0.14074
input.InL2c1,input.gust,0.14865
input.iritfd1,input.gust,0.00000
input.iritfd2,input.gust,0.00000
input.IRSIGoogle1G,input.gust,0.00011
input.IRSIGoogle2G,input.gust,0.00069
input.isiFD,input.gust,0.00747
input.isiFDL,input.gust,0.00145
input.isiFDRM,input.gust,0.00032
input.isiFDRML,input.gust,0.00014
input.kanopeRun,input.gust,0.00001
input.KAUSTBase,input.gust,0.36759
input.KAUSTExp,input.gust,0.58458
input.KAUSTExpRrnk,input.gust,0.08238
input.KAUSTRerank,input.gust,0.05499
input.LJQO10,input.gust,0.00017
input.LJQO5,input.gust,0.02975
input.LMOP10,input.gust,0.25661
input.LMOP5,input.gust,0.22388
input.LThresh,input.gust,0.50061
input.manualWISTUD,input.gust,0.00000
input.melblt,input.gust,0.25096
input.MONASH1NEW,input.gust,0.01599
input.MONASH2NEW,input.gust,0.11206
input.MorpheusRun1,input.gust,0.00000
input.mulnewWISTUD,input.gust,0.00004
input.myRun,input.gust,0.05359
input.myrun2,input.gust,0.00319
input.myrun3,input.gust,0.00338
input.Nestor,input.gust,0.50928
input.NestorS,input.gust,0.58919
input.normal,input.gust,0.14697
input.nQCRIwoTag,input.gust,0.64524
input.nQCRIwTag,input.gust,0.50290
input.omarRun,input.gust,0.75531
input.PKUICST,input.gust,0.00000
input.PKUICST2,input.gust,0.00004
input.PKUICST3,input.gust,0.00000
input.PKUICST4,input.gust,0.00000
input.PL2Bo1SDExt,input.gust,0.00000
input.PL2NoQENoDM,input.gust,0.27547
input.PL2NoQeSd,input.gust,0.34398
input.PL2NoQeSdExt,input.gust,0.00000
input.PRISrun1,input.gust,0.00000
input.PRISrun2,input.gust,0.00000
input.PRISrun3,input.gust,0.00000
input.PRISrun4,input.gust,0.00000
input.QCRIwoTagOrg,input.gust,0.64524
input.QCRIwTagOrg,input.gust,0.50290
input.qHtagBaseRun,input.gust,0.28594
input.qRefLThresh,input.gust,0.63848
input.refBalRun,input.gust,0.44311
input.refRelRun,input.gust,0.11491
input.relevanceRun,input.gust,0.02840
input.RFD,input.gust,0.00211
input.ri,input.gust,0.00003
input.rit,input.gust,0.00310
input.rit3,input.gust,0.13914
input.RMITAR,input.gust,0.00000
input.RMITM,input.gust,0.00002
input.RMITMR,input.gust,0.00001
input.RMITMRR,input.gust,0.00080
input.Rocchio,input.gust,0.00313
input.RTB,input.gust,0.00000
input.run1,input.gust,0.07727
input.run1a,input.gust,0.00039
input.run1fix,input.gust,0.00001
input.run2,input.gust,0.00000
input.run2a,input.gust,0.00213
input.run3,input.gust,0.00000
input.run3a,input.gust,0.03725
input.run4,input.gust,0.00000
input.run4a,input.gust,0.02952
input.RunAll,input.gust,0.84527
input.RunFut,input.gust,0.86294
input.runNeMIS,input.gust,0.15762
input.runNeMISext,input.gust,0.28355
input.RunPure,input.gust,0.73902
input.scurtuRun1,input.gust,0.70112
input.sielrun1,input.gust,0.38020
input.sielrun2,input.gust,0.75913
input.sielrun3,input.gust,0.95679
input.sielrun4,input.gust,0.73596
input.SienaCL1B,input.gust,0.05225
input.SienaCL31,input.gust,0.06199
input.SienaCL342,input.gust,0.03637
input.SienaCLbase,input.gust,0.43844
input.simfoll,input.gust,0.00000
input.simfollTP01,input.gust,0.00006
input.sylesNoRes,input.gust,0.00065
input.tfTP01,input.gust,0.00008
input.udelIndri,input.gust,0.13745
input.udelLucene,input.gust,0.00001
input.UDMicroComb1,input.gust,0.74928
input.UDMicroComb2,input.gust,0.13646
input.UDMicroIDF,input.gust,0.03243
input.UDMicroIDFD,input.gust,0.53361
input.uicir1,input.gust,0.16368
input.uicir2,input.gust,0.50350
input.UIowaS1,input.gust,0.57913
input.UIowaS2,input.gust,0.40141
input.UIowaS3,input.gust,0.38293
input.UIowaS4,input.gust,0.00305
input.uiucsf,input.gust,0.00000
input.uogTrLqea,input.gust,0.48756
input.uogTrLqeabd,input.gust,0.62471
input.uogTrLqeabdd,input.gust,0.78376
input.uogTrUB2,input.gust,0.85595
input.UTBase,input.gust,0.64301
input.UTBaseRTF,input.gust,0.00000
input.UTWngFuture,input.gust,0.08243
input.UTWngFutureQ,input.gust,0.02325
input.waterlooa1,input.gust,0.01976
input.waterlooa2,input.gust,0.05965
input.waterlooa3,input.gust,0.00266
input.waterlooa4,input.gust,0.01115
input.WESTfilext,input.gust,0.92808
input.WESTfilter,input.gust,0.60003
input.WESTrelint,input.gust,0.12649
input.WESTrlext,input.gust,0.05444
input.Wise2ndRun,input.gust,0.00008
input.WiseFifthRun,input.gust,0.08571
input.WiseFouthRun,input.gust,0.03883
input.WiseThirdRun,input.gust,0.00008
input.ya3,input.gust,0.14047
input.ya4,input.gust,0.19951
input.YNDXTPC1,input.gust,0.38332
input.YNDXTPC2,input.gust,0.49656
input.gut,input.gustc,0.75377
input.hitWId,input.gustc,0.00000
input.hitWIt,input.gustc,0.00000
input.ICTNET11MBR1,input.gustc,0.00000
input.ICTNET11MBR2,input.gustc,0.00000
input.ICTNET11MBR3,input.gustc,0.00000
input.ICTNET11MBR4,input.gustc,0.00000
input.IDEAACTQE,input.gustc,0.00001
input.IDEABASIC,input.gustc,0.00001
input.IDEABASICACT,input.gustc,0.00001
input.IDEABASICQE,input.gustc,0.00001
input.ikmRun1,input.gustc,0.14074
input.InL2c1,input.gustc,0.14865
input.iritfd1,input.gustc,0.00000
input.iritfd2,input.gustc,0.00000
input.IRSIGoogle1G,input.gustc,0.00011
input.IRSIGoogle2G,input.gustc,0.00069
input.isiFD,input.gustc,0.00747
input.isiFDL,input.gustc,0.00145
input.isiFDRM,input.gustc,0.00032
input.isiFDRML,input.gustc,0.00014
input.kanopeRun,input.gustc,0.00001
input.KAUSTBase,input.gustc,0.36759
input.KAUSTExp,input.gustc,0.58458
input.KAUSTExpRrnk,input.gustc,0.08238
input.KAUSTRerank,input.gustc,0.05499
input.LJQO10,input.gustc,0.00017
input.LJQO5,input.gustc,0.02975
input.LMOP10,input.gustc,0.25661
input.LMOP5,input.gustc,0.22388
input.LThresh,input.gustc,0.50061
input.manualWISTUD,input.gustc,0.00000
input.melblt,input.gustc,0.25096
input.MONASH1NEW,input.gustc,0.01599
input.MONASH2NEW,input.gustc,0.11206
input.MorpheusRun1,input.gustc,0.00000
input.mulnewWISTUD,input.gustc,0.00004
input.myRun,input.gustc,0.05359
input.myrun2,input.gustc,0.00319
input.myrun3,input.gustc,0.00338
input.Nestor,input.gustc,0.50928
input.NestorS,input.gustc,0.58919
input.normal,input.gustc,0.14697
input.nQCRIwoTag,input.gustc,0.64524
input.nQCRIwTag,input.gustc,0.50290
input.omarRun,input.gustc,0.75531
input.PKUICST,input.gustc,0.00000
input.PKUICST2,input.gustc,0.00004
input.PKUICST3,input.gustc,0.00000
input.PKUICST4,input.gustc,0.00000
input.PL2Bo1SDExt,input.gustc,0.00000
input.PL2NoQENoDM,input.gustc,0.27547
input.PL2NoQeSd,input.gustc,0.34398
input.PL2NoQeSdExt,input.gustc,0.00000
input.PRISrun1,input.gustc,0.00000
input.PRISrun2,input.gustc,0.00000
input.PRISrun3,input.gustc,0.00000
input.PRISrun4,input.gustc,0.00000
input.QCRIwoTagOrg,input.gustc,0.64524
input.QCRIwTagOrg,input.gustc,0.50290
input.qHtagBaseRun,input.gustc,0.28594
input.qRefLThresh,input.gustc,0.63848
input.refBalRun,input.gustc,0.44311
input.refRelRun,input.gustc,0.11491
input.relevanceRun,input.gustc,0.02840
input.RFD,input.gustc,0.00211
input.ri,input.gustc,0.00003
input.rit,input.gustc,0.00310
input.rit3,input.gustc,0.13914
input.RMITAR,input.gustc,0.00000
input.RMITM,input.gustc,0.00002
input.RMITMR,input.gustc,0.00001
input.RMITMRR,input.gustc,0.00080
input.Rocchio,input.gustc,0.00313
input.RTB,input.gustc,0.00000
input.run1,input.gustc,0.07727
input.run1a,input.gustc,0.00039
input.run1fix,input.gustc,0.00001
input.run2,input.gustc,0.00000
input.run2a,input.gustc,0.00213
input.run3,input.gustc,0.00000
input.run3a,input.gustc,0.03725
input.run4,input.gustc,0.00000
input.run4a,input.gustc,0.02952
input.RunAll,input.gustc,0.84527
input.RunFut,input.gustc,0.86294
input.runNeMIS,input.gustc,0.15762
input.runNeMISext,input.gustc,0.28355
input.RunPure,input.gustc,0.73902
input.scurtuRun1,input.gustc,0.70112
input.sielrun1,input.gustc,0.38020
input.sielrun2,input.gustc,0.75913
input.sielrun3,input.gustc,0.95679
input.sielrun4,input.gustc,0.73596
input.SienaCL1B,input.gustc,0.05225
input.SienaCL31,input.gustc,0.06199
input.SienaCL342,input.gustc,0.03637
input.SienaCLbase,input.gustc,0.43844
input.simfoll,input.gustc,0.00000
input.simfollTP01,input.gustc,0.00006
input.sylesNoRes,input.gustc,0.00065
input.tfTP01,input.gustc,0.00008
input.udelIndri,input.gustc,0.13745
input.udelLucene,input.gustc,0.00001
input.UDMicroComb1,input.gustc,0.74928
input.UDMicroComb2,input.gustc,0.13646
input.UDMicroIDF,input.gustc,0.03243
input.UDMicroIDFD,input.gustc,0.53361
input.uicir1,input.gustc,0.16368
input.uicir2,input.gustc,0.50350
input.UIowaS1,input.gustc,0.57913
input.UIowaS2,input.gustc,0.40141
input.UIowaS3,input.gustc,0.38293
input.UIowaS4,input.gustc,0.00305
input.uiucsf,input.gustc,0.00000
input.uogTrLqea,input.gustc,0.48756
input.uogTrLqeabd,input.gustc,0.62471
input.uogTrLqeabdd,input.gustc,0.78376
input.uogTrUB2,input.gustc,0.85595
input.UTBase,input.gustc,0.64301
input.UTBaseRTF,input.gustc,0.00000
input.UTWngFuture,input.gustc,0.08243
input.UTWngFutureQ,input.gustc,0.02325
input.waterlooa1,input.gustc,0.01976
input.waterlooa2,input.gustc,0.05965
input.waterlooa3,input.gustc,0.00266
input.waterlooa4,input.gustc,0.01115
input.WESTfilext,input.gustc,0.92808
input.WESTfilter,input.gustc,0.60003
input.WESTrelint,input.gustc,0.12649
input.WESTrlext,input.gustc,0.05444
input.Wise2ndRun,input.gustc,0.00008
input.WiseFifthRun,input.gustc,0.08571
input.WiseFouthRun,input.gustc,0.03883
input.WiseThirdRun,input.gustc,0.00008
input.ya3,input.gustc,0.14047
input.ya4,input.gustc,0.19951
input.YNDXTPC1,input.gustc,0.38332
input.YNDXTPC2,input.gustc,0.49656
input.hitWId,input.gut,0.00000
input.hitWIt,input.gut,0.00000
input.ICTNET11MBR1,input.gut,0.00000
input.ICTNET11MBR2,input.gut,0.00000
input.ICTNET11MBR3,input.gut,0.00000
input.ICTNET11MBR4,input.gut,0.00000
input.IDEAACTQE,input.gut,0.00002
input.IDEABASIC,input.gut,0.00004
input.IDEABASICACT,input.gut,0.00004
input.IDEABASICQE,input.gut,0.00002
input.ikmRun1,input.gut,0.24631
input.InL2c1,input.gut,0.25821
input.iritfd1,input.gut,0.00000
input.iritfd2,input.gut,0.00000
input.IRSIGoogle1G,input.gut,0.00039
input.IRSIGoogle2G,input.gut,0.00206
input.isiFD,input.gut,0.01821
input.isiFDL,input.gut,0.00408
input.isiFDRM,input.gut,0.00102
input.isiFDRML,input.gut,0.00047
input.kanopeRun,input.gut,0.00000
input.KAUSTBase,input.gut,0.55698
input.KAUSTExp,input.gut,0.81574
input.KAUSTExpRrnk,input.gut,0.15462
input.KAUSTRerank,input.gut,0.10843
input.LJQO10,input.gut,0.00056
input.LJQO5,input.gut,0.06292
input.LMOP10,input.gut,0.41177
input.LMOP5,input.gut,0.12603
input.LThresh,input.gut,0.71896
input.manualWISTUD,input.gut,0.00000
input.melblt,input.gut,0.40409
input.MONASH1NEW,input.gut,0.03614
input.MONASH2NEW,input.gut,0.20220
input.MorpheusRun1,input.gut,0.00000
input.mulnewWISTUD,input.gut,0.00014
input.myRun,input.gut,0.10599
input.myrun2,input.gut,0.00840
input.myrun3,input.gut,0.00887
input.Nestor,input.gut,0.72912
input.NestorS,input.gut,0.82094
input.normal,input.gut,0.25568
input.nQCRIwoTag,input.gut,0.88336
input.nQCRIwTag,input.gut,0.72164
input.omarRun,input.gut,0.53176
input.PKUICST,input.gut,0.00000
input.PKUICST2,input.gut,0.00014
input.PKUICST3,input.gut,0.00000
input.PKUICST4,input.gut,0.00000
input.PL2Bo1SDExt,input.gut,0.00000
input.PL2NoQENoDM,input.gut,0.43724
input.PL2NoQeSd,input.gut,0.52695
input.PL2NoQeSdExt,input.gut,0.00000
input.PRISrun1,input.gut,0.00000
input.PRISrun2,input.gut,0.00000
input.PRISrun3,input.gut,0.00000
input.PRISrun4,input.gut,0.00000
input.QCRIwoTagOrg,input.gut,0.88336
input.QCRIwTagOrg,input.gut,0.72164
input.qHtagBaseRun,input.gut,0.16736
input.qRefLThresh,input.gut,0.87591
input.refBalRun,input.gut,0.65035
input.refRelRun,input.gut,0.20665
input.relevanceRun,input.gut,0.06037
input.RFD,input.gut,0.00578
input.ri,input.gut,0.00012
input.rit,input.gut,0.00818
input.rit3,input.gut,0.24388
input.RMITAR,input.gut,0.00002
input.RMITM,input.gut,0.00007
input.RMITMR,input.gut,0.00003
input.RMITMRR,input.gut,0.00236
input.Rocchio,input.gut,0.00828
input.RTB,input.gut,0.00000
input.run1,input.gut,0.14620
input.run1a,input.gut,0.00011
input.run1fix,input.gut,0.00005
input.run2,input.gut,0.00000
input.run2a,input.gut,0.00071
input.run3,input.gut,0.00000
input.run3a,input.gut,0.01654
input.run4,input.gut,0.00000
input.run4a,input.gut,0.01277
input.RunAll,input.gut,0.90566
input.RunFut,input.gut,0.88784
input.runNeMIS,input.gut,0.08420
input.runNeMISext,input.gut,0.16573
input.RunPure,input.gut,0.98446
input.scurtuRun1,input.gut,0.48550
input.sielrun1,input.gut,0.23358
input.sielrun2,input.gut,0.53506
input.sielrun3,input.gut,0.79525
input.sielrun4,input.gut,0.51512
input.SienaCL1B,input.gut,0.10365
input.SienaCL31,input.gut,0.12050
input.SienaCL342,input.gut,0.07523
input.SienaCLbase,input.gut,0.64468
input.simfoll,input.gut,0.00000
input.simfollTP01,input.gut,0.00022
input.sylesNoRes,input.gut,0.00196
input.tfTP01,input.gut,0.00027
input.udelIndri,input.gut,0.24133
input.udelLucene,input.gut,0.00000
input.UDMicroComb1,input.gut,0.52656
input.UDMicroComb2,input.gut,0.23982
input.UDMicroIDF,input.gut,0.06794
input.UDMicroIDFD,input.gut,0.75745
input.uicir1,input.gut,0.08792
input.uicir2,input.gut,0.32577
input.UIowaS1,input.gut,0.80957
input.UIowaS2,input.gut,0.59928
input.UIowaS3,input.gut,0.57628
input.UIowaS4,input.gut,0.00808
input.uiucsf,input.gut,0.00000
input.uogTrLqea,input.gut,0.70356
input.uogTrLqeabd,input.gut,0.86068
input.uogTrLqeabdd,input.gut,0.96869
input.uogTrUB2,input.gut,0.62045
input.UTBase,input.gut,0.88091
input.UTBaseRTF,input.gut,0.00000
input.UTWngFuture,input.gut,0.15471
input.UTWngFutureQ,input.gut,0.05051
input.waterlooa1,input.gut,0.04368
input.waterlooa2,input.gut,0.11649
input.waterlooa3,input.gut,0.00712
input.waterlooa4,input.gut,0.02613
input.WESTfilext,input.gut,0.68626
input.WESTfilter,input.gut,0.83313
input.WESTrelint,input.gut,0.06551
input.WESTrlext,input.gut,0.02529
input.Wise2ndRun,input.gut,0.00029
input.WiseFifthRun,input.gut,0.16008
input.WiseFouthRun,input.gut,0.07972
input.WiseThirdRun,input.gut,0.00029
input.ya3,input.gut,0.07382
input.ya4,input.gut,0.11035
input.YNDXTPC1,input.gut,0.23583
input.YNDXTPC2,input.gut,0.32042
input.hitWIt,input.hitWId,0.97503
input.ICTNET11MBR1,input.hitWId,0.41372
input.ICTNET11MBR2,input.hitWId,0.18616
input.ICTNET11MBR3,input.hitWId,0.50213
input.ICTNET11MBR4,input.hitWId,0.47784
input.IDEAACTQE,input.hitWId,0.00050
input.IDEABASIC,input.hitWId,0.00028
input.IDEABASICACT,input.hitWId,0.00028
input.IDEABASICQE,input.hitWId,0.00052
input.ikmRun1,input.hitWId,0.00000
input.InL2c1,input.hitWId,0.00000
input.iritfd1,input.hitWId,0.01659
input.iritfd2,input.hitWId,0.00168
input.IRSIGoogle1G,input.hitWId,0.00003
input.IRSIGoogle2G,input.hitWId,0.00000
input.isiFD,input.hitWId,0.00000
input.isiFDL,input.hitWId,0.00000
input.isiFDRM,input.hitWId,0.00001
input.isiFDRML,input.hitWId,0.00002
input.kanopeRun,input.hitWId,0.00000
input.KAUSTBase,input.hitWId,0.00000
input.KAUSTExp,input.hitWId,0.00000
input.KAUSTExpRrnk,input.hitWId,0.00000
input.KAUSTRerank,input.hitWId,0.00000
input.LJQO10,input.hitWId,0.00002
input.LJQO5,input.hitWId,0.00000
input.LMOP10,input.hitWId,0.00000
input.LMOP5,input.hitWId,0.00000
input.LThresh,input.hitWId,0.00000
input.manualWISTUD,input.hitWId,0.00285
input.melblt,input.hitWId,0.00000
input.MONASH1NEW,input.hitWId,0.00000
input.MONASH2NEW,input.hitWId,0.00000
input.MorpheusRun1,input.hitWId,0.00000
input.mulnewWISTUD,input.hitWId,0.00009
input.myRun,input.hitWId,0.00000
input.myrun2,input.hitWId,0.00000
input.myrun3,input.hitWId,0.00000
input.Nestor,input.hitWId,0.00000
input.NestorS,input.hitWId,0.00000
input.normal,input.hitWId,0.00000
input.nQCRIwoTag,input.hitWId,0.00000
input.nQCRIwTag,input.hitWId,0.00000
input.omarRun,input.hitWId,0.00000
input.PKUICST,input.hitWId,0.13885
input.PKUICST2,input.hitWId,0.00009
input.PKUICST3,input.hitWId,0.77967
input.PKUICST4,input.hitWId,0.05362
input.PL2Bo1SDExt,input.hitWId,0.00000
input.PL2NoQENoDM,input.hitWId,0.00000
input.PL2NoQeSd,input.hitWId,0.00000
input.PL2NoQeSdExt,input.hitWId,0.00000
input.PRISrun1,input.hitWId,0.22376
input.PRISrun2,input.hitWId,0.02004
input.PRISrun3,input.hitWId,0.11457
input.PRISrun4,input.hitWId,0.03341
input.QCRIwoTagOrg,input.hitWId,0.00000
input.QCRIwTagOrg,input.hitWId,0.00000
input.qHtagBaseRun,input.hitWId,0.00000
input.qRefLThresh,input.hitWId,0.00000
input.refBalRun,input.hitWId,0.00000
input.refRelRun,input.hitWId,0.00000
input.relevanceRun,input.hitWId,0.00000
input.RFD,input.hitWId,0.00000
input.ri,input.hitWId,0.00011
input.rit,input.hitWId,0.00000
input.rit3,input.hitWId,0.00000
input.RMITAR,input.hitWId,0.00069
input.RMITM,input.hitWId,0.00019
input.RMITMR,input.hitWId,0.00036
input.RMITMRR,input.hitWId,0.00000
input.Rocchio,input.hitWId,0.00000
input.RTB,input.hitWId,0.00000
input.run1,input.hitWId,0.00000
input.run1a,input.hitWId,0.00000
input.run1fix,input.hitWId,0.00027
input.run2,input.hitWId,0.08196
input.run2a,input.hitWId,0.00000
input.run3,input.hitWId,0.63086
input.run3a,input.hitWId,0.00000
input.run4,input.hitWId,0.18268
input.run4a,input.hitWId,0.00000
input.RunAll,input.hitWId,0.00000
input.RunFut,input.hitWId,0.00000
input.runNeMIS,input.hitWId,0.00000
input.runNeMISext,input.hitWId,0.00000
input.RunPure,input.hitWId,0.00000
input.scurtuRun1,input.hitWId,0.00000
input.sielrun1,input.hitWId,0.00000
input.sielrun2,input.hitWId,0.00000
input.sielrun3,input.hitWId,0.00000
input.sielrun4,input.hitWId,0.00000
input.SienaCL1B,input.hitWId,0.00000
input.SienaCL31,input.hitWId,0.00000
input.SienaCL342,input.hitWId,0.00000
input.SienaCLbase,input.hitWId,0.00000
input.simfoll,input.hitWId,0.00275
input.simfollTP01,input.hitWId,0.00006
input.sylesNoRes,input.hitWId,0.00000
input.tfTP01,input.hitWId,0.00005
input.udelIndri,input.hitWId,0.00000
input.udelLucene,input.hitWId,0.00000
input.UDMicroComb1,input.hitWId,0.00000
input.UDMicroComb2,input.hitWId,0.00000
input.UDMicroIDF,input.hitWId,0.00000
input.UDMicroIDFD,input.hitWId,0.00000
input.uicir1,input.hitWId,0.00000
input.uicir2,input.hitWId,0.00000
input.UIowaS1,input.hitWId,0.00000
input.UIowaS2,input.hitWId,0.00000
input.UIowaS3,input.hitWId,0.00000
input.UIowaS4,input.hitWId,0.00000
input.uiucsf,input.hitWId,0.00000
input.uogTrLqea,input.hitWId,0.00000
input.uogTrLqeabd,input.hitWId,0.00000
input.uogTrLqeabdd,input.hitWId,0.00000
input.uogTrUB2,input.hitWId,0.00000
input.UTBase,input.hitWId,0.00000
input.UTBaseRTF,input.hitWId,0.00000
input.UTWngFuture,input.hitWId,0.00000
input.UTWngFutureQ,input.hitWId,0.00000
input.waterlooa1,input.hitWId,0.00000
input.waterlooa2,input.hitWId,0.00000
input.waterlooa3,input.hitWId,0.00000
input.waterlooa4,input.hitWId,0.00000
input.WESTfilext,input.hitWId,0.00000
input.WESTfilter,input.hitWId,0.00000
input.WESTrelint,input.hitWId,0.00000
input.WESTrlext,input.hitWId,0.00000
input.Wise2ndRun,input.hitWId,0.00004
input.WiseFifthRun,input.hitWId,0.00000
input.WiseFouthRun,input.hitWId,0.00000
input.WiseThirdRun,input.hitWId,0.00004
input.ya3,input.hitWId,0.00000
input.ya4,input.hitWId,0.00000
input.YNDXTPC1,input.hitWId,0.00000
input.YNDXTPC2,input.hitWId,0.00000
input.ICTNET11MBR1,input.hitWIt,0.43183
input.ICTNET11MBR2,input.hitWIt,0.17595
input.ICTNET11MBR3,input.hitWIt,0.52228
input.ICTNET11MBR4,input.hitWIt,0.49747
input.IDEAACTQE,input.hitWIt,0.00044
input.IDEABASIC,input.hitWIt,0.00025
input.IDEABASICACT,input.hitWIt,0.00025
input.IDEABASICQE,input.hitWIt,0.00047
input.ikmRun1,input.hitWIt,0.00000
input.InL2c1,input.hitWIt,0.00000
input.iritfd1,input.hitWIt,0.01523
input.iritfd2,input.hitWIt,0.00151
input.IRSIGoogle1G,input.hitWIt,0.00003
input.IRSIGoogle2G,input.hitWIt,0.00000
input.isiFD,input.hitWIt,0.00000
input.isiFDL,input.hitWIt,0.00000
input.isiFDRM,input.hitWIt,0.00001
input.isiFDRML,input.hitWIt,0.00002
input.kanopeRun,input.hitWIt,0.00000
input.KAUSTBase,input.hitWIt,0.00000
input.KAUSTExp,input.hitWIt,0.00000
input.KAUSTExpRrnk,input.hitWIt,0.00000
input.KAUSTRerank,input.hitWIt,0.00000
input.LJQO10,input.hitWIt,0.00002
input.LJQO5,input.hitWIt,0.00000
input.LMOP10,input.hitWIt,0.00000
input.LMOP5,input.hitWIt,0.00000
input.LThresh,input.hitWIt,0.00000
input.manualWISTUD,input.hitWIt,0.00257
input.melblt,input.hitWIt,0.00000
input.MONASH1NEW,input.hitWIt,0.00000
input.MONASH2NEW,input.hitWIt,0.00000
input.MorpheusRun1,input.hitWIt,0.00000
input.mulnewWISTUD,input.hitWIt,0.00008
input.myRun,input.hitWIt,0.00000
input.myrun2,input.hitWIt,0.00000
input.myrun3,input.hitWIt,0.00000
input.Nestor,input.hitWIt,0.00000
input.NestorS,input.hitWIt,0.00000
input.normal,input.hitWIt,0.00000
input.nQCRIwoTag,input.hitWIt,0.00000
input.nQCRIwTag,input.hitWIt,0.00000
input.omarRun,input.hitWIt,0.00000
input.PKUICST,input.hitWIt,0.13069
input.PKUICST2,input.hitWIt,0.00008
input.PKUICST3,input.hitWIt,0.75577
input.PKUICST4,input.hitWIt,0.05762
input.PL2Bo1SDExt,input.hitWIt,0.00000
input.PL2NoQENoDM,input.hitWIt,0.00000
input.PL2NoQeSd,input.hitWIt,0.00000
input.PL2NoQeSdExt,input.hitWIt,0.00000
input.PRISrun1,input.hitWIt,0.21207
input.PRISrun2,input.hitWIt,0.02177
input.PRISrun3,input.hitWIt,0.10755
input.PRISrun4,input.hitWIt,0.03089
input.QCRIwoTagOrg,input.hitWIt,0.00000
input.QCRIwTagOrg,input.hitWIt,0.00000
input.qHtagBaseRun,input.hitWIt,0.00000
input.qRefLThresh,input.hitWIt,0.00000
input.refBalRun,input.hitWIt,0.00000
input.refRelRun,input.hitWIt,0.00000
input.relevanceRun,input.hitWIt,0.00000
input.RFD,input.hitWIt,0.00000
input.ri,input.hitWIt,0.00010
input.rit,input.hitWIt,0.00000
input.rit3,input.hitWIt,0.00000
input.RMITAR,input.hitWIt,0.00062
input.RMITM,input.hitWIt,0.00017
input.RMITMR,input.hitWIt,0.00032
input.RMITMRR,input.hitWIt,0.00000
input.Rocchio,input.hitWIt,0.00000
input.RTB,input.hitWIt,0.00000
input.run1,input.hitWIt,0.00000
input.run1a,input.hitWIt,0.00000
input.run1fix,input.hitWIt,0.00024
input.run2,input.hitWIt,0.07661
input.run2a,input.hitWIt,0.00000
input.run3,input.hitWIt,0.60878
input.run3a,input.hitWIt,0.00000
input.run4,input.hitWIt,0.17262
input.run4a,input.hitWIt,0.00000
input.RunAll,input.hitWIt,0.00000
input.RunFut,input.hitWIt,0.00000
input.runNeMIS,input.hitWIt,0.00000
input.runNeMISext,input.hitWIt,0.00000
input.RunPure,input.hitWIt,0.00000
input.scurtuRun1,input.hitWIt,0.00000
input.sielrun1,input.hitWIt,0.00000
input.sielrun2,input.hitWIt,0.00000
input.sielrun3,input.hitWIt,0.00000
input.sielrun4,input.hitWIt,0.00000
input.SienaCL1B,input.hitWIt,0.00000
input.SienaCL31,input.hitWIt,0.00000
input.SienaCL342,input.hitWIt,0.00000
input.SienaCLbase,input.hitWIt,0.00000
input.simfoll,input.hitWIt,0.00248
input.simfollTP01,input.hitWIt,0.00005
input.sylesNoRes,input.hitWIt,0.00000
input.tfTP01,input.hitWIt,0.00004
input.udelIndri,input.hitWIt,0.00000
input.udelLucene,input.hitWIt,0.00000
input.UDMicroComb1,input.hitWIt,0.00000
input.UDMicroComb2,input.hitWIt,0.00000
input.UDMicroIDF,input.hitWIt,0.00000
input.UDMicroIDFD,input.hitWIt,0.00000
input.uicir1,input.hitWIt,0.00000
input.uicir2,input.hitWIt,0.00000
input.UIowaS1,input.hitWIt,0.00000
input.UIowaS2,input.hitWIt,0.00000
input.UIowaS3,input.hitWIt,0.00000
input.UIowaS4,input.hitWIt,0.00000
input.uiucsf,input.hitWIt,0.00000
input.uogTrLqea,input.hitWIt,0.00000
input.uogTrLqeabd,input.hitWIt,0.00000
input.uogTrLqeabdd,input.hitWIt,0.00000
input.uogTrUB2,input.hitWIt,0.00000
input.UTBase,input.hitWIt,0.00000
input.UTBaseRTF,input.hitWIt,0.00000
input.UTWngFuture,input.hitWIt,0.00000
input.UTWngFutureQ,input.hitWIt,0.00000
input.waterlooa1,input.hitWIt,0.00000
input.waterlooa2,input.hitWIt,0.00000
input.waterlooa3,input.hitWIt,0.00000
input.waterlooa4,input.hitWIt,0.00000
input.WESTfilext,input.hitWIt,0.00000
input.WESTfilter,input.hitWIt,0.00000
input.WESTrelint,input.hitWIt,0.00000
input.WESTrlext,input.hitWIt,0.00000
input.Wise2ndRun,input.hitWIt,0.00004
input.WiseFifthRun,input.hitWIt,0.00000
input.WiseFouthRun,input.hitWIt,0.00000
input.WiseThirdRun,input.hitWIt,0.00004
input.ya3,input.hitWIt,0.00000
input.ya4,input.hitWIt,0.00000
input.YNDXTPC1,input.hitWIt,0.00000
input.YNDXTPC2,input.hitWIt,0.00000
input.ICTNET11MBR2,input.ICTNET11MBR1,0.03240
input.ICTNET11MBR3,input.ICTNET11MBR1,0.88374
input.ICTNET11MBR4,input.ICTNET11MBR1,0.91433
input.IDEAACTQE,input.ICTNET11MBR1,0.00002
input.IDEABASIC,input.ICTNET11MBR1,0.00001
input.IDEABASICACT,input.ICTNET11MBR1,0.00001
input.IDEABASICQE,input.ICTNET11MBR1,0.00002
input.ikmRun1,input.ICTNET11MBR1,0.00000
input.InL2c1,input.ICTNET11MBR1,0.00000
input.iritfd1,input.ICTNET11MBR1,0.00131
input.iritfd2,input.ICTNET11MBR1,0.00008
input.IRSIGoogle1G,input.ICTNET11MBR1,0.00000
input.IRSIGoogle2G,input.ICTNET11MBR1,0.00000
input.isiFD,input.ICTNET11MBR1,0.00000
input.isiFDL,input.ICTNET11MBR1,0.00000
input.isiFDRM,input.ICTNET11MBR1,0.00000
input.isiFDRML,input.ICTNET11MBR1,0.00000
input.kanopeRun,input.ICTNET11MBR1,0.00000
input.KAUSTBase,input.ICTNET11MBR1,0.00000
input.KAUSTExp,input.ICTNET11MBR1,0.00000
input.KAUSTExpRrnk,input.ICTNET11MBR1,0.00000
input.KAUSTRerank,input.ICTNET11MBR1,0.00000
input.LJQO10,input.ICTNET11MBR1,0.00000
input.LJQO5,input.ICTNET11MBR1,0.00000
input.LMOP10,input.ICTNET11MBR1,0.00000
input.LMOP5,input.ICTNET11MBR1,0.00000
input.LThresh,input.ICTNET11MBR1,0.00000
input.manualWISTUD,input.ICTNET11MBR1,0.00014
input.melblt,input.ICTNET11MBR1,0.00000
input.MONASH1NEW,input.ICTNET11MBR1,0.00000
input.MONASH2NEW,input.ICTNET11MBR1,0.00000
input.MorpheusRun1,input.ICTNET11MBR1,0.00000
input.mulnewWISTUD,input.ICTNET11MBR1,0.00000
input.myRun,input.ICTNET11MBR1,0.00000
input.myrun2,input.ICTNET11MBR1,0.00000
input.myrun3,input.ICTNET11MBR1,0.00000
input.Nestor,input.ICTNET11MBR1,0.00000
input.NestorS,input.ICTNET11MBR1,0.00000
input.normal,input.ICTNET11MBR1,0.00000
input.nQCRIwoTag,input.ICTNET11MBR1,0.00000
input.nQCRIwTag,input.ICTNET11MBR1,0.00000
input.omarRun,input.ICTNET11MBR1,0.00000
input.PKUICST,input.ICTNET11MBR1,0.02159
input.PKUICST2,input.ICTNET11MBR1,0.00000
input.PKUICST3,input.ICTNET11MBR1,0.27259
input.PKUICST4,input.ICTNET11MBR1,0.26591
input.PL2Bo1SDExt,input.ICTNET11MBR1,0.00000
input.PL2NoQENoDM,input.ICTNET11MBR1,0.00000
input.PL2NoQeSd,input.ICTNET11MBR1,0.00000
input.PL2NoQeSdExt,input.ICTNET11MBR1,0.00000
input.PRISrun1,input.ICTNET11MBR1,0.04196
input.PRISrun2,input.ICTNET11MBR1,0.13148
input.PRISrun3,input.ICTNET11MBR1,0.01660
input.PRISrun4,input.ICTNET11MBR1,0.00323
input.QCRIwoTagOrg,input.ICTNET11MBR1,0.00000
input.QCRIwTagOrg,input.ICTNET11MBR1,0.00000
input.qHtagBaseRun,input.ICTNET11MBR1,0.00000
input.qRefLThresh,input.ICTNET11MBR1,0.00000
input.refBalRun,input.ICTNET11MBR1,0.00000
input.refRelRun,input.ICTNET11MBR1,0.00000
input.relevanceRun,input.ICTNET11MBR1,0.00000
input.RFD,input.ICTNET11MBR1,0.00000
input.ri,input.ICTNET11MBR1,0.00000
input.rit,input.ICTNET11MBR1,0.00000
input.rit3,input.ICTNET11MBR1,0.00000
input.RMITAR,input.ICTNET11MBR1,0.00003
input.RMITM,input.ICTNET11MBR1,0.00001
input.RMITMR,input.ICTNET11MBR1,0.00001
input.RMITMRR,input.ICTNET11MBR1,0.00000
input.Rocchio,input.ICTNET11MBR1,0.00000
input.RTB,input.ICTNET11MBR1,0.00000
input.run1,input.ICTNET11MBR1,0.00000
input.run1a,input.ICTNET11MBR1,0.00000
input.run1fix,input.ICTNET11MBR1,0.00001
input.run2,input.ICTNET11MBR1,0.01056
input.run2a,input.ICTNET11MBR1,0.00000
input.run3,input.ICTNET11MBR1,0.19433
input.run3a,input.ICTNET11MBR1,0.00000
input.run4,input.ICTNET11MBR1,0.03156
input.run4a,input.ICTNET11MBR1,0.00000
input.RunAll,input.ICTNET11MBR1,0.00000
input.RunFut,input.ICTNET11MBR1,0.00000
input.runNeMIS,input.ICTNET11MBR1,0.00000
input.runNeMISext,input.ICTNET11MBR1,0.00000
input.RunPure,input.ICTNET11MBR1,0.00000
input.scurtuRun1,input.ICTNET11MBR1,0.00000
input.sielrun1,input.ICTNET11MBR1,0.00000
input.sielrun2,input.ICTNET11MBR1,0.00000
input.sielrun3,input.ICTNET11MBR1,0.00000
input.sielrun4,input.ICTNET11MBR1,0.00000
input.SienaCL1B,input.ICTNET11MBR1,0.00000
input.SienaCL31,input.ICTNET11MBR1,0.00000
input.SienaCL342,input.ICTNET11MBR1,0.00000
input.SienaCLbase,input.ICTNET11MBR1,0.00000
input.simfoll,input.ICTNET11MBR1,0.00014
input.simfollTP01,input.ICTNET11MBR1,0.00000
input.sylesNoRes,input.ICTNET11MBR1,0.00000
input.tfTP01,input.ICTNET11MBR1,0.00000
input.udelIndri,input.ICTNET11MBR1,0.00000
input.udelLucene,input.ICTNET11MBR1,0.00000
input.UDMicroComb1,input.ICTNET11MBR1,0.00000
input.UDMicroComb2,input.ICTNET11MBR1,0.00000
input.UDMicroIDF,input.ICTNET11MBR1,0.00000
input.UDMicroIDFD,input.ICTNET11MBR1,0.00000
input.uicir1,input.ICTNET11MBR1,0.00000
input.uicir2,input.ICTNET11MBR1,0.00000
input.UIowaS1,input.ICTNET11MBR1,0.00000
input.UIowaS2,input.ICTNET11MBR1,0.00000
input.UIowaS3,input.ICTNET11MBR1,0.00000
input.UIowaS4,input.ICTNET11MBR1,0.00000
input.uiucsf,input.ICTNET11MBR1,0.00000
input.uogTrLqea,input.ICTNET11MBR1,0.00000
input.uogTrLqeabd,input.ICTNET11MBR1,0.00000
input.uogTrLqeabdd,input.ICTNET11MBR1,0.00000
input.uogTrUB2,input.ICTNET11MBR1,0.00000
input.UTBase,input.ICTNET11MBR1,0.00000
input.UTBaseRTF,input.ICTNET11MBR1,0.00000
input.UTWngFuture,input.ICTNET11MBR1,0.00000
input.UTWngFutureQ,input.ICTNET11MBR1,0.00000
input.waterlooa1,input.ICTNET11MBR1,0.00000
input.waterlooa2,input.ICTNET11MBR1,0.00000
input.waterlooa3,input.ICTNET11MBR1,0.00000
input.waterlooa4,input.ICTNET11MBR1,0.00000
input.WESTfilext,input.ICTNET11MBR1,0.00000
input.WESTfilter,input.ICTNET11MBR1,0.00000
input.WESTrelint,input.ICTNET11MBR1,0.00000
input.WESTrlext,input.ICTNET11MBR1,0.00000
input.Wise2ndRun,input.ICTNET11MBR1,0.00000
input.WiseFifthRun,input.ICTNET11MBR1,0.00000
input.WiseFouthRun,input.ICTNET11MBR1,0.00000
input.WiseThirdRun,input.ICTNET11MBR1,0.00000
input.ya3,input.ICTNET11MBR1,0.00000
input.ya4,input.ICTNET11MBR1,0.00000
input.YNDXTPC1,input.ICTNET11MBR1,0.00000
input.YNDXTPC2,input.ICTNET11MBR1,0.00000
input.ICTNET11MBR3,input.ICTNET11MBR2,0.04624
input.ICTNET11MBR4,input.ICTNET11MBR2,0.04217
input.IDEAACTQE,input.ICTNET11MBR2,0.03084
input.IDEABASIC,input.ICTNET11MBR2,0.02089
input.IDEABASICACT,input.ICTNET11MBR2,0.02089
input.IDEABASICQE,input.ICTNET11MBR2,0.03188
input.ikmRun1,input.ICTNET11MBR2,0.00000
input.InL2c1,input.ICTNET11MBR2,0.00000
input.iritfd1,input.ICTNET11MBR2,0.28301
input.iritfd2,input.ICTNET11MBR2,0.06877
input.IRSIGoogle1G,input.ICTNET11MBR2,0.00440
input.IRSIGoogle2G,input.ICTNET11MBR2,0.00093
input.isiFD,input.ICTNET11MBR2,0.00006
input.isiFDL,input.ICTNET11MBR2,0.00043
input.isiFDRM,input.ICTNET11MBR2,0.00187
input.isiFDRML,input.ICTNET11MBR2,0.00376
input.kanopeRun,input.ICTNET11MBR2,0.00000
input.KAUSTBase,input.ICTNET11MBR2,0.00000
input.KAUSTExp,input.ICTNET11MBR2,0.00000
input.KAUSTExpRrnk,input.ICTNET11MBR2,0.00000
input.KAUSTRerank,input.ICTNET11MBR2,0.00000
input.LJQO10,input.ICTNET11MBR2,0.00325
input.LJQO5,input.ICTNET11MBR2,0.00001
input.LMOP10,input.ICTNET11MBR2,0.00000
input.LMOP5,input.ICTNET11MBR2,0.00000
input.LThresh,input.ICTNET11MBR2,0.00000
input.manualWISTUD,input.ICTNET11MBR2,0.09667
input.melblt,input.ICTNET11MBR2,0.00000
input.MONASH1NEW,input.ICTNET11MBR2,0.00002
input.MONASH2NEW,input.ICTNET11MBR2,0.00000
input.MorpheusRun1,input.ICTNET11MBR2,0.00000
input.mulnewWISTUD,input.ICTNET11MBR2,0.00979
input.myRun,input.ICTNET11MBR2,0.00000
input.myrun2,input.ICTNET11MBR2,0.00017
input.myrun3,input.ICTNET11MBR2,0.00016
input.Nestor,input.ICTNET11MBR2,0.00000
input.NestorS,input.ICTNET11MBR2,0.00000
input.normal,input.ICTNET11MBR2,0.00000
input.nQCRIwoTag,input.ICTNET11MBR2,0.00000
input.nQCRIwTag,input.ICTNET11MBR2,0.00000
input.omarRun,input.ICTNET11MBR2,0.00000
input.PKUICST,input.ICTNET11MBR2,0.87441
input.PKUICST2,input.ICTNET11MBR2,0.00960
input.PKUICST3,input.ICTNET11MBR2,0.29728
input.PKUICST4,input.ICTNET11MBR2,0.00115
input.PL2Bo1SDExt,input.ICTNET11MBR2,0.00000
input.PL2NoQENoDM,input.ICTNET11MBR2,0.00000
input.PL2NoQeSd,input.ICTNET11MBR2,0.00000
input.PL2NoQeSdExt,input.ICTNET11MBR2,0.00000
input.PRISrun1,input.ICTNET11MBR2,0.91603
input.PRISrun2,input.ICTNET11MBR2,0.00026
input.PRISrun3,input.ICTNET11MBR2,0.79797
input.PRISrun4,input.ICTNET11MBR2,0.42075
input.QCRIwoTagOrg,input.ICTNET11MBR2,0.00000
input.QCRIwTagOrg,input.ICTNET11MBR2,0.00000
input.qHtagBaseRun,input.ICTNET11MBR2,0.00000
input.qRefLThresh,input.ICTNET11MBR2,0.00000
input.refBalRun,input.ICTNET11MBR2,0.00000
input.refRelRun,input.ICTNET11MBR2,0.00000
input.relevanceRun,input.ICTNET11MBR2,0.00001
input.RFD,input.ICTNET11MBR2,0.00028
input.ri,input.ICTNET11MBR2,0.01081
input.rit,input.ICTNET11MBR2,0.00018
input.rit3,input.ICTNET11MBR2,0.00000
input.RMITAR,input.ICTNET11MBR2,0.03837
input.RMITM,input.ICTNET11MBR2,0.01585
input.RMITMR,input.ICTNET11MBR2,0.02452
input.RMITMRR,input.ICTNET11MBR2,0.00080
input.Rocchio,input.ICTNET11MBR2,0.00017
input.RTB,input.ICTNET11MBR2,0.00000
input.run1,input.ICTNET11MBR2,0.00000
input.run1a,input.ICTNET11MBR2,0.00000
input.run1fix,input.ICTNET11MBR2,0.02031
input.run2,input.ICTNET11MBR2,0.67640
input.run2a,input.ICTNET11MBR2,0.00000
input.run3,input.ICTNET11MBR2,0.40007
input.run3a,input.ICTNET11MBR2,0.00000
input.run4,input.ICTNET11MBR2,0.99161
input.run4a,input.ICTNET11MBR2,0.00000
input.RunAll,input.ICTNET11MBR2,0.00000
input.RunFut,input.ICTNET11MBR2,0.00000
input.runNeMIS,input.ICTNET11MBR2,0.00000
input.runNeMISext,input.ICTNET11MBR2,0.00000
input.RunPure,input.ICTNET11MBR2,0.00000
input.scurtuRun1,input.ICTNET11MBR2,0.00000
input.sielrun1,input.ICTNET11MBR2,0.00000
input.sielrun2,input.ICTNET11MBR2,0.00000
input.sielrun3,input.ICTNET11MBR2,0.00000
input.sielrun4,input.ICTNET11MBR2,0.00000
input.SienaCL1B,input.ICTNET11MBR2,0.00000
input.SienaCL31,input.ICTNET11MBR2,0.00000
input.SienaCL342,input.ICTNET11MBR2,0.00000
input.SienaCLbase,input.ICTNET11MBR2,0.00000
input.simfoll,input.ICTNET11MBR2,0.09452
input.simfollTP01,input.ICTNET11MBR2,0.00687
input.sylesNoRes,input.ICTNET11MBR2,0.00098
input.tfTP01,input.ICTNET11MBR2,0.00593
input.udelIndri,input.ICTNET11MBR2,0.00000
input.udelLucene,input.ICTNET11MBR2,0.00000
input.UDMicroComb1,input.ICTNET11MBR2,0.00000
input.UDMicroComb2,input.ICTNET11MBR2,0.00000
input.UDMicroIDF,input.ICTNET11MBR2,0.00000
input.UDMicroIDFD,input.ICTNET11MBR2,0.00000
input.uicir1,input.ICTNET11MBR2,0.00000
input.uicir2,input.ICTNET11MBR2,0.00000
input.UIowaS1,input.ICTNET11MBR2,0.00000
input.UIowaS2,input.ICTNET11MBR2,0.00000
input.UIowaS3,input.ICTNET11MBR2,0.00000
input.UIowaS4,input.ICTNET11MBR2,0.00018
input.uiucsf,input.ICTNET11MBR2,0.00000
input.uogTrLqea,input.ICTNET11MBR2,0.00000
input.uogTrLqeabd,input.ICTNET11MBR2,0.00000
input.uogTrLqeabdd,input.ICTNET11MBR2,0.00000
input.uogTrUB2,input.ICTNET11MBR2,0.00000
input.UTBase,input.ICTNET11MBR2,0.00000
input.UTBaseRTF,input.ICTNET11MBR2,0.00000
input.UTWngFuture,input.ICTNET11MBR2,0.00000
input.UTWngFutureQ,input.ICTNET11MBR2,0.00001
input.waterlooa1,input.ICTNET11MBR2,0.00001
input.waterlooa2,input.ICTNET11MBR2,0.00000
input.waterlooa3,input.ICTNET11MBR2,0.00021
input.waterlooa4,input.ICTNET11MBR2,0.00003
input.WESTfilext,input.ICTNET11MBR2,0.00000
input.WESTfilter,input.ICTNET11MBR2,0.00000
input.WESTrelint,input.ICTNET11MBR2,0.00000
input.WESTrlext,input.ICTNET11MBR2,0.00000
input.Wise2ndRun,input.ICTNET11MBR2,0.00562
input.WiseFifthRun,input.ICTNET11MBR2,0.00000
input.WiseFouthRun,input.ICTNET11MBR2,0.00000
input.WiseThirdRun,input.ICTNET11MBR2,0.00562
input.ya3,input.ICTNET11MBR2,0.00000
input.ya4,input.ICTNET11MBR2,0.00000
input.YNDXTPC1,input.ICTNET11MBR2,0.00000
input.YNDXTPC2,input.ICTNET11MBR2,0.00000
input.ICTNET11MBR4,input.ICTNET11MBR3,0.96917
input.IDEAACTQE,input.ICTNET11MBR3,0.00003
input.IDEABASIC,input.ICTNET11MBR3,0.00002
input.IDEABASICACT,input.ICTNET11MBR3,0.00002
input.IDEABASICQE,input.ICTNET11MBR3,0.00003
input.ikmRun1,input.ICTNET11MBR3,0.00000
input.InL2c1,input.ICTNET11MBR3,0.00000
input.iritfd1,input.ICTNET11MBR3,0.00216
input.iritfd2,input.ICTNET11MBR3,0.00014
input.IRSIGoogle1G,input.ICTNET11MBR3,0.00000
input.IRSIGoogle2G,input.ICTNET11MBR3,0.00000
input.isiFD,input.ICTNET11MBR3,0.00000
input.isiFDL,input.ICTNET11MBR3,0.00000
input.isiFDRM,input.ICTNET11MBR3,0.00000
input.isiFDRML,input.ICTNET11MBR3,0.00000
input.kanopeRun,input.ICTNET11MBR3,0.00000
input.KAUSTBase,input.ICTNET11MBR3,0.00000
input.KAUSTExp,input.ICTNET11MBR3,0.00000
input.KAUSTExpRrnk,input.ICTNET11MBR3,0.00000
input.KAUSTRerank,input.ICTNET11MBR3,0.00000
input.LJQO10,input.ICTNET11MBR3,0.00000
input.LJQO5,input.ICTNET11MBR3,0.00000
input.LMOP10,input.ICTNET11MBR3,0.00000
input.LMOP5,input.ICTNET11MBR3,0.00000
input.LThresh,input.ICTNET11MBR3,0.00000
input.manualWISTUD,input.ICTNET11MBR3,0.00026
input.melblt,input.ICTNET11MBR3,0.00000
input.MONASH1NEW,input.ICTNET11MBR3,0.00000
input.MONASH2NEW,input.ICTNET11MBR3,0.00000
input.MorpheusRun1,input.ICTNET11MBR3,0.00000
input.mulnewWISTUD,input.ICTNET11MBR3,0.00000
input.myRun,input.ICTNET11MBR3,0.00000
input.myrun2,input.ICTNET11MBR3,0.00000
input.myrun3,input.ICTNET11MBR3,0.00000
input.Nestor,input.ICTNET11MBR3,0.00000
input.NestorS,input.ICTNET11MBR3,0.00000
input.normal,input.ICTNET11MBR3,0.00000
input.nQCRIwoTag,input.ICTNET11MBR3,0.00000
input.nQCRIwTag,input.ICTNET11MBR3,0.00000
input.omarRun,input.ICTNET11MBR3,0.00000
input.PKUICST,input.ICTNET11MBR3,0.03146
input.PKUICST2,input.ICTNET11MBR3,0.00000
input.PKUICST3,input.ICTNET11MBR3,0.34167
input.PKUICST4,input.ICTNET11MBR3,0.20812
input.PL2Bo1SDExt,input.ICTNET11MBR3,0.00000
input.PL2NoQENoDM,input.ICTNET11MBR3,0.00000
input.PL2NoQeSd,input.ICTNET11MBR3,0.00000
input.PL2NoQeSdExt,input.ICTNET11MBR3,0.00000
input.PRISrun1,input.ICTNET11MBR3,0.05906
input.PRISrun2,input.ICTNET11MBR3,0.09802
input.PRISrun3,input.ICTNET11MBR3,0.02450
input.PRISrun4,input.ICTNET11MBR3,0.00514
input.QCRIwoTagOrg,input.ICTNET11MBR3,0.00000
input.QCRIwTagOrg,input.ICTNET11MBR3,0.00000
input.qHtagBaseRun,input.ICTNET11MBR3,0.00000
input.qRefLThresh,input.ICTNET11MBR3,0.00000
input.refBalRun,input.ICTNET11MBR3,0.00000
input.refRelRun,input.ICTNET11MBR3,0.00000
input.relevanceRun,input.ICTNET11MBR3,0.00000
input.RFD,input.ICTNET11MBR3,0.00000
input.ri,input.ICTNET11MBR3,0.00001
input.rit,input.ICTNET11MBR3,0.00000
input.rit3,input.ICTNET11MBR3,0.00000
input.RMITAR,input.ICTNET11MBR3,0.00005
input.RMITM,input.ICTNET11MBR3,0.00001
input.RMITMR,input.ICTNET11MBR3,0.00002
input.RMITMRR,input.ICTNET11MBR3,0.00000
input.Rocchio,input.ICTNET11MBR3,0.00000
input.RTB,input.ICTNET11MBR3,0.00000
input.run1,input.ICTNET11MBR3,0.00000
input.run1a,input.ICTNET11MBR3,0.00000
input.run1fix,input.ICTNET11MBR3,0.00002
input.run2,input.ICTNET11MBR3,0.01593
input.run2a,input.ICTNET11MBR3,0.00000
input.run3,input.ICTNET11MBR3,0.24946
input.run3a,input.ICTNET11MBR3,0.00000
input.run4,input.ICTNET11MBR3,0.04511
input.run4a,input.ICTNET11MBR3,0.00000
input.RunAll,input.ICTNET11MBR3,0.00000
input.RunFut,input.ICTNET11MBR3,0.00000
input.runNeMIS,input.ICTNET11MBR3,0.00000
input.runNeMISext,input.ICTNET11MBR3,0.00000
input.RunPure,input.ICTNET11MBR3,0.00000
input.scurtuRun1,input.ICTNET11MBR3,0.00000
input.sielrun1,input.ICTNET11MBR3,0.00000
input.sielrun2,input.ICTNET11MBR3,0.00000
input.sielrun3,input.ICTNET11MBR3,0.00000
input.sielrun4,input.ICTNET11MBR3,0.00000
input.SienaCL1B,input.ICTNET11MBR3,0.00000
input.SienaCL31,input.ICTNET11MBR3,0.00000
input.SienaCL342,input.ICTNET11MBR3,0.00000
input.SienaCLbase,input.ICTNET11MBR3,0.00000
input.simfoll,input.ICTNET11MBR3,0.00025
input.simfollTP01,input.ICTNET11MBR3,0.00000
input.sylesNoRes,input.ICTNET11MBR3,0.00000
input.tfTP01,input.ICTNET11MBR3,0.00000
input.udelIndri,input.ICTNET11MBR3,0.00000
input.udelLucene,input.ICTNET11MBR3,0.00000
input.UDMicroComb1,input.ICTNET11MBR3,0.00000
input.UDMicroComb2,input.ICTNET11MBR3,0.00000
input.UDMicroIDF,input.ICTNET11MBR3,0.00000
input.UDMicroIDFD,input.ICTNET11MBR3,0.00000
input.uicir1,input.ICTNET11MBR3,0.00000
input.uicir2,input.ICTNET11MBR3,0.00000
input.UIowaS1,input.ICTNET11MBR3,0.00000
input.UIowaS2,input.ICTNET11MBR3,0.00000
input.UIowaS3,input.ICTNET11MBR3,0.00000
input.UIowaS4,input.ICTNET11MBR3,0.00000
input.uiucsf,input.ICTNET11MBR3,0.00000
input.uogTrLqea,input.ICTNET11MBR3,0.00000
input.uogTrLqeabd,input.ICTNET11MBR3,0.00000
input.uogTrLqeabdd,input.ICTNET11MBR3,0.00000
input.uogTrUB2,input.ICTNET11MBR3,0.00000
input.UTBase,input.ICTNET11MBR3,0.00000
input.UTBaseRTF,input.ICTNET11MBR3,0.00000
input.UTWngFuture,input.ICTNET11MBR3,0.00000
input.UTWngFutureQ,input.ICTNET11MBR3,0.00000
input.waterlooa1,input.ICTNET11MBR3,0.00000
input.waterlooa2,input.ICTNET11MBR3,0.00000
input.waterlooa3,input.ICTNET11MBR3,0.00000
input.waterlooa4,input.ICTNET11MBR3,0.00000
input.WESTfilext,input.ICTNET11MBR3,0.00000
input.WESTfilter,input.ICTNET11MBR3,0.00000
input.WESTrelint,input.ICTNET11MBR3,0.00000
input.WESTrlext,input.ICTNET11MBR3,0.00000
input.Wise2ndRun,input.ICTNET11MBR3,0.00000
input.WiseFifthRun,input.ICTNET11MBR3,0.00000
input.WiseFouthRun,input.ICTNET11MBR3,0.00000
input.WiseThirdRun,input.ICTNET11MBR3,0.00000
input.ya3,input.ICTNET11MBR3,0.00000
input.ya4,input.ICTNET11MBR3,0.00000
input.YNDXTPC1,input.ICTNET11MBR3,0.00000
input.YNDXTPC2,input.ICTNET11MBR3,0.00000
input.IDEAACTQE,input.ICTNET11MBR4,0.00003
input.IDEABASIC,input.ICTNET11MBR4,0.00001
input.IDEABASICACT,input.ICTNET11MBR4,0.00001
input.IDEABASICQE,input.ICTNET11MBR4,0.00003
input.ikmRun1,input.ICTNET11MBR4,0.00000
input.InL2c1,input.ICTNET11MBR4,0.00000
input.iritfd1,input.ICTNET11MBR4,0.00190
input.iritfd2,input.ICTNET11MBR4,0.00012
input.IRSIGoogle1G,input.ICTNET11MBR4,0.00000
input.IRSIGoogle2G,input.ICTNET11MBR4,0.00000
input.isiFD,input.ICTNET11MBR4,0.00000
input.isiFDL,input.ICTNET11MBR4,0.00000
input.isiFDRM,input.ICTNET11MBR4,0.00000
input.isiFDRML,input.ICTNET11MBR4,0.00000
input.kanopeRun,input.ICTNET11MBR4,0.00000
input.KAUSTBase,input.ICTNET11MBR4,0.00000
input.KAUSTExp,input.ICTNET11MBR4,0.00000
input.KAUSTExpRrnk,input.ICTNET11MBR4,0.00000
input.KAUSTRerank,input.ICTNET11MBR4,0.00000
input.LJQO10,input.ICTNET11MBR4,0.00000
input.LJQO5,input.ICTNET11MBR4,0.00000
input.LMOP10,input.ICTNET11MBR4,0.00000
input.LMOP5,input.ICTNET11MBR4,0.00000
input.LThresh,input.ICTNET11MBR4,0.00000
input.manualWISTUD,input.ICTNET11MBR4,0.00022
input.melblt,input.ICTNET11MBR4,0.00000
input.MONASH1NEW,input.ICTNET11MBR4,0.00000
input.MONASH2NEW,input.ICTNET11MBR4,0.00000
input.MorpheusRun1,input.ICTNET11MBR4,0.00000
input.mulnewWISTUD,input.ICTNET11MBR4,0.00000
input.myRun,input.ICTNET11MBR4,0.00000
input.myrun2,input.ICTNET11MBR4,0.00000
input.myrun3,input.ICTNET11MBR4,0.00000
input.Nestor,input.ICTNET11MBR4,0.00000
input.NestorS,input.ICTNET11MBR4,0.00000
input.normal,input.ICTNET11MBR4,0.00000
input.nQCRIwoTag,input.ICTNET11MBR4,0.00000
input.nQCRIwTag,input.ICTNET11MBR4,0.00000
input.omarRun,input.ICTNET11MBR4,0.00000
input.PKUICST,input.ICTNET11MBR4,0.02853
input.PKUICST2,input.ICTNET11MBR4,0.00000
input.PKUICST3,input.ICTNET11MBR4,0.32240
input.PKUICST4,input.ICTNET11MBR4,0.22242
input.PL2Bo1SDExt,input.ICTNET11MBR4,0.00000
input.PL2NoQENoDM,input.ICTNET11MBR4,0.00000
input.PL2NoQeSd,input.ICTNET11MBR4,0.00000
input.PL2NoQeSdExt,input.ICTNET11MBR4,0.00000
input.PRISrun1,input.ICTNET11MBR4,0.05406
input.PRISrun2,input.ICTNET11MBR4,0.10612
input.PRISrun3,input.ICTNET11MBR4,0.02215
input.PRISrun4,input.ICTNET11MBR4,0.00455
input.QCRIwoTagOrg,input.ICTNET11MBR4,0.00000
input.QCRIwTagOrg,input.ICTNET11MBR4,0.00000
input.qHtagBaseRun,input.ICTNET11MBR4,0.00000
input.qRefLThresh,input.ICTNET11MBR4,0.00000
input.refBalRun,input.ICTNET11MBR4,0.00000
input.refRelRun,input.ICTNET11MBR4,0.00000
input.relevanceRun,input.ICTNET11MBR4,0.00000
input.RFD,input.ICTNET11MBR4,0.00000
input.ri,input.ICTNET11MBR4,0.00000
input.rit,input.ICTNET11MBR4,0.00000
input.rit3,input.ICTNET11MBR4,0.00000
input.RMITAR,input.ICTNET11MBR4,0.00004
input.RMITM,input.ICTNET11MBR4,0.00001
input.RMITMR,input.ICTNET11MBR4,0.00002
input.RMITMRR,input.ICTNET11MBR4,0.00000
input.Rocchio,input.ICTNET11MBR4,0.00000
input.RTB,input.ICTNET11MBR4,0.00000
input.run1,input.ICTNET11MBR4,0.00000
input.run1a,input.ICTNET11MBR4,0.00000
input.run1fix,input.ICTNET11MBR4,0.00001
input.run2,input.ICTNET11MBR4,0.01432
input.run2a,input.ICTNET11MBR4,0.00000
input.run3,input.ICTNET11MBR4,0.23393
input.run3a,input.ICTNET11MBR4,0.00000
input.run4,input.ICTNET11MBR4,0.04112
input.run4a,input.ICTNET11MBR4,0.00000
input.RunAll,input.ICTNET11MBR4,0.00000
input.RunFut,input.ICTNET11MBR4,0.00000
input.runNeMIS,input.ICTNET11MBR4,0.00000
input.runNeMISext,input.ICTNET11MBR4,0.00000
input.RunPure,input.ICTNET11MBR4,0.00000
input.scurtuRun1,input.ICTNET11MBR4,0.00000
input.sielrun1,input.ICTNET11MBR4,0.00000
input.sielrun2,input.ICTNET11MBR4,0.00000
input.sielrun3,input.ICTNET11MBR4,0.00000
input.sielrun4,input.ICTNET11MBR4,0.00000
input.SienaCL1B,input.ICTNET11MBR4,0.00000
input.SienaCL31,input.ICTNET11MBR4,0.00000
input.SienaCL342,input.ICTNET11MBR4,0.00000
input.SienaCLbase,input.ICTNET11MBR4,0.00000
input.simfoll,input.ICTNET11MBR4,0.00021
input.simfollTP01,input.ICTNET11MBR4,0.00000
input.sylesNoRes,input.ICTNET11MBR4,0.00000
input.tfTP01,input.ICTNET11MBR4,0.00000
input.udelIndri,input.ICTNET11MBR4,0.00000
input.udelLucene,input.ICTNET11MBR4,0.00000
input.UDMicroComb1,input.ICTNET11MBR4,0.00000
input.UDMicroComb2,input.ICTNET11MBR4,0.00000
input.UDMicroIDF,input.ICTNET11MBR4,0.00000
input.UDMicroIDFD,input.ICTNET11MBR4,0.00000
input.uicir1,input.ICTNET11MBR4,0.00000
input.uicir2,input.ICTNET11MBR4,0.00000
input.UIowaS1,input.ICTNET11MBR4,0.00000
input.UIowaS2,input.ICTNET11MBR4,0.00000
input.UIowaS3,input.ICTNET11MBR4,0.00000
input.UIowaS4,input.ICTNET11MBR4,0.00000
input.uiucsf,input.ICTNET11MBR4,0.00000
input.uogTrLqea,input.ICTNET11MBR4,0.00000
input.uogTrLqeabd,input.ICTNET11MBR4,0.00000
input.uogTrLqeabdd,input.ICTNET11MBR4,0.00000
input.uogTrUB2,input.ICTNET11MBR4,0.00000
input.UTBase,input.ICTNET11MBR4,0.00000
input.UTBaseRTF,input.ICTNET11MBR4,0.00000
input.UTWngFuture,input.ICTNET11MBR4,0.00000
input.UTWngFutureQ,input.ICTNET11MBR4,0.00000
input.waterlooa1,input.ICTNET11MBR4,0.00000
input.waterlooa2,input.ICTNET11MBR4,0.00000
input.waterlooa3,input.ICTNET11MBR4,0.00000
input.waterlooa4,input.ICTNET11MBR4,0.00000
input.WESTfilext,input.ICTNET11MBR4,0.00000
input.WESTfilter,input.ICTNET11MBR4,0.00000
input.WESTrelint,input.ICTNET11MBR4,0.00000
input.WESTrlext,input.ICTNET11MBR4,0.00000
input.Wise2ndRun,input.ICTNET11MBR4,0.00000
input.WiseFifthRun,input.ICTNET11MBR4,0.00000
input.WiseFouthRun,input.ICTNET11MBR4,0.00000
input.WiseThirdRun,input.ICTNET11MBR4,0.00000
input.ya3,input.ICTNET11MBR4,0.00000
input.ya4,input.ICTNET11MBR4,0.00000
input.YNDXTPC1,input.ICTNET11MBR4,0.00000
input.YNDXTPC2,input.ICTNET11MBR4,0.00000
input.IDEABASIC,input.IDEAACTQE,0.88006
input.IDEABASICACT,input.IDEAACTQE,0.88006
input.IDEABASICQE,input.IDEAACTQE,0.98951
input.ikmRun1,input.IDEAACTQE,0.00210
input.InL2c1,input.IDEAACTQE,0.00191
input.iritfd1,input.IDEAACTQE,0.27769
input.iritfd2,input.IDEAACTQE,0.73447
input.IRSIGoogle1G,input.IDEAACTQE,0.49071
input.IRSIGoogle2G,input.IDEAACTQE,0.24880
input.isiFD,input.IDEAACTQE,0.06101
input.isiFDL,input.IDEAACTQE,0.17288
input.isiFDRM,input.IDEAACTQE,0.34173
input.isiFDRML,input.IDEAACTQE,0.46027
input.kanopeRun,input.IDEAACTQE,0.00000
input.KAUSTBase,input.IDEAACTQE,0.00026
input.KAUSTExp,input.IDEAACTQE,0.00006
input.KAUSTExpRrnk,input.IDEAACTQE,0.00493
input.KAUSTRerank,input.IDEAACTQE,0.00855
input.LJQO10,input.IDEAACTQE,0.43305
input.LJQO5,input.IDEAACTQE,0.01755
input.LMOP10,input.IDEAACTQE,0.00064
input.LMOP5,input.IDEAACTQE,0.00000
input.LThresh,input.IDEAACTQE,0.00011
input.manualWISTUD,input.IDEAACTQE,0.61855
input.melblt,input.IDEAACTQE,0.00067
input.MONASH1NEW,input.IDEAACTQE,0.03240
input.MONASH2NEW,input.IDEAACTQE,0.00308
input.MorpheusRun1,input.IDEAACTQE,0.00000
input.mulnewWISTUD,input.IDEAACTQE,0.67160
input.myRun,input.IDEAACTQE,0.00884
input.myrun2,input.IDEAACTQE,0.10972
input.myrun3,input.IDEAACTQE,0.10570
input.Nestor,input.IDEAACTQE,0.00010
input.NestorS,input.IDEAACTQE,0.00006
input.normal,input.IDEAACTQE,0.00195
input.nQCRIwoTag,input.IDEAACTQE,0.00004
input.nQCRIwTag,input.IDEAACTQE,0.00011
input.omarRun,input.IDEAACTQE,0.00000
input.PKUICST,input.IDEAACTQE,0.04539
input.PKUICST2,input.IDEAACTQE,0.66656
input.PKUICST3,input.IDEAACTQE,0.00137
input.PKUICST4,input.IDEAACTQE,0.00000
input.PL2Bo1SDExt,input.IDEAACTQE,0.00000
input.PL2NoQENoDM,input.IDEAACTQE,0.00054
input.PL2NoQeSd,input.IDEAACTQE,0.00032
input.PL2NoQeSdExt,input.IDEAACTQE,0.00000
input.PRISrun1,input.IDEAACTQE,0.02354
input.PRISrun2,input.IDEAACTQE,0.00000
input.PRISrun3,input.IDEAACTQE,0.05702
input.PRISrun4,input.IDEAACTQE,0.17574
input.QCRIwoTagOrg,input.IDEAACTQE,0.00004
input.QCRIwTagOrg,input.IDEAACTQE,0.00011
input.qHtagBaseRun,input.IDEAACTQE,0.00000
input.qRefLThresh,input.IDEAACTQE,0.00005
input.refBalRun,input.IDEAACTQE,0.00016
input.refRelRun,input.IDEAACTQE,0.00296
input.relevanceRun,input.IDEAACTQE,0.01843
input.RFD,input.IDEAACTQE,0.14024
input.ri,input.IDEAACTQE,0.69666
input.rit,input.IDEAACTQE,0.11174
input.rit3,input.IDEAACTQE,0.00214
input.RMITAR,input.IDEAACTQE,0.92974
input.RMITM,input.IDEAACTQE,0.80005
input.RMITMR,input.IDEAACTQE,0.92851
input.RMITMRR,input.IDEAACTQE,0.23222
input.Rocchio,input.IDEAACTQE,0.11090
input.RTB,input.IDEAACTQE,0.00000
input.run1,input.IDEAACTQE,0.00541
input.run1a,input.IDEAACTQE,0.00000
input.run1fix,input.IDEAACTQE,0.87177
input.run2,input.IDEAACTQE,0.08156
input.run2a,input.IDEAACTQE,0.00000
input.run3,input.IDEAACTQE,0.00269
input.run3a,input.IDEAACTQE,0.00000
input.run4,input.IDEAACTQE,0.03167
input.run4a,input.IDEAACTQE,0.00000
input.RunAll,input.IDEAACTQE,0.00001
input.RunFut,input.IDEAACTQE,0.00001
input.runNeMIS,input.IDEAACTQE,0.00000
input.runNeMISext,input.IDEAACTQE,0.00000
input.RunPure,input.IDEAACTQE,0.00002
input.scurtuRun1,input.IDEAACTQE,0.00000
input.sielrun1,input.IDEAACTQE,0.00000
input.sielrun2,input.IDEAACTQE,0.00000
input.sielrun3,input.IDEAACTQE,0.00001
input.sielrun4,input.IDEAACTQE,0.00000
input.SienaCL1B,input.IDEAACTQE,0.00912
input.SienaCL31,input.IDEAACTQE,0.00731
input.SienaCL342,input.IDEAACTQE,0.01406
input.SienaCLbase,input.IDEAACTQE,0.00016
input.simfoll,input.IDEAACTQE,0.62620
input.simfollTP01,input.IDEAACTQE,0.58639
input.sylesNoRes,input.IDEAACTQE,0.25491
input.tfTP01,input.IDEAACTQE,0.55354
input.udelIndri,input.IDEAACTQE,0.00219
input.udelLucene,input.IDEAACTQE,0.00000
input.UDMicroComb1,input.IDEAACTQE,0.00000
input.UDMicroComb2,input.IDEAACTQE,0.00222
input.UDMicroIDF,input.IDEAACTQE,0.01598
input.UDMicroIDFD,input.IDEAACTQE,0.00009
input.uicir1,input.IDEAACTQE,0.00000
input.uicir2,input.IDEAACTQE,0.00000
input.UIowaS1,input.IDEAACTQE,0.00007
input.UIowaS2,input.IDEAACTQE,0.00021
input.UIowaS3,input.IDEAACTQE,0.00024
input.UIowaS4,input.IDEAACTQE,0.11274
input.uiucsf,input.IDEAACTQE,0.00000
input.uogTrLqea,input.IDEAACTQE,0.00012
input.uogTrLqeabd,input.IDEAACTQE,0.00005
input.uogTrLqeabdd,input.IDEAACTQE,0.00002
input.uogTrUB2,input.IDEAACTQE,0.00000
input.UTBase,input.IDEAACTQE,0.00004
input.UTBaseRTF,input.IDEAACTQE,0.00000
input.UTWngFuture,input.IDEAACTQE,0.00493
input.UTWngFutureQ,input.IDEAACTQE,0.02266
input.waterlooa1,input.IDEAACTQE,0.02658
input.waterlooa2,input.IDEAACTQE,0.00770
input.waterlooa3,input.IDEAACTQE,0.12270
input.waterlooa4,input.IDEAACTQE,0.04437
input.WESTfilext,input.IDEAACTQE,0.00000
input.WESTfilter,input.IDEAACTQE,0.00006
input.WESTrelint,input.IDEAACTQE,0.00000
input.WESTrlext,input.IDEAACTQE,0.00000
input.Wise2ndRun,input.IDEAACTQE,0.54184
input.WiseFifthRun,input.IDEAACTQE,0.00465
input.WiseFouthRun,input.IDEAACTQE,0.01305
input.WiseThirdRun,input.IDEAACTQE,0.54184
input.ya3,input.IDEAACTQE,0.00000
input.ya4,input.IDEAACTQE,0.00000
input.YNDXTPC1,input.IDEAACTQE,0.00000
input.YNDXTPC2,input.IDEAACTQE,0.00000
input.IDEABASICACT,input.IDEABASIC,1.00000
input.IDEABASICQE,input.IDEABASIC,0.86970
input.ikmRun1,input.IDEABASIC,0.00345
input.InL2c1,input.IDEABASIC,0.00314
input.iritfd1,input.IDEABASIC,0.21630
input.iritfd2,input.IDEABASIC,0.62408
input.IRSIGoogle1G,input.IDEABASIC,0.59038
input.IRSIGoogle2G,input.IDEABASIC,0.31616
input.isiFD,input.IDEABASIC,0.08497
input.isiFDL,input.IDEABASIC,0.22547
input.isiFDRM,input.IDEABASIC,0.42379
input.isiFDRML,input.IDEABASIC,0.55686
input.kanopeRun,input.IDEABASIC,0.00000
input.KAUSTBase,input.IDEABASIC,0.00047
input.KAUSTExp,input.IDEABASIC,0.00012
input.KAUSTExpRrnk,input.IDEABASIC,0.00780
input.KAUSTRerank,input.IDEABASIC,0.01319
input.LJQO10,input.IDEABASIC,0.52668
input.LJQO5,input.IDEABASIC,0.02614
input.LMOP10,input.IDEABASIC,0.00110
input.LMOP5,input.IDEABASIC,0.00000
input.LThresh,input.IDEABASIC,0.00020
input.manualWISTUD,input.IDEABASIC,0.51647
input.melblt,input.IDEABASIC,0.00116
input.MONASH1NEW,input.IDEABASIC,0.04675
input.MONASH2NEW,input.IDEABASIC,0.00498
input.MorpheusRun1,input.IDEABASIC,0.00000
input.mulnewWISTUD,input.IDEABASIC,0.78481
input.myRun,input.IDEABASIC,0.01361
input.myrun2,input.IDEABASIC,0.14747
input.myrun3,input.IDEABASIC,0.14239
input.Nestor,input.IDEABASIC,0.00019
input.NestorS,input.IDEABASIC,0.00011
input.normal,input.IDEABASIC,0.00321
input.nQCRIwoTag,input.IDEABASIC,0.00008
input.nQCRIwTag,input.IDEABASIC,0.00019
input.omarRun,input.IDEABASIC,0.00000
input.PKUICST,input.IDEABASIC,0.03140
input.PKUICST2,input.IDEABASIC,0.77949
input.PKUICST3,input.IDEABASIC,0.00080
input.PKUICST4,input.IDEABASIC,0.00000
input.PL2Bo1SDExt,input.IDEABASIC,0.00000
input.PL2NoQENoDM,input.IDEABASIC,0.00094
input.PL2NoQeSd,input.IDEABASIC,0.00056
input.PL2NoQeSdExt,input.IDEABASIC,0.00000
input.PRISrun1,input.IDEABASIC,0.01572
input.PRISrun2,input.IDEABASIC,0.00000
input.PRISrun3,input.IDEABASIC,0.03997
input.PRISrun4,input.IDEABASIC,0.13236
input.QCRIwoTagOrg,input.IDEABASIC,0.00008
input.QCRIwTagOrg,input.IDEABASIC,0.00019
input.qHtagBaseRun,input.IDEABASIC,0.00000
input.qRefLThresh,input.IDEABASIC,0.00009
input.refBalRun,input.IDEABASIC,0.00028
input.refRelRun,input.IDEABASIC,0.00479
input.relevanceRun,input.IDEABASIC,0.02739
input.RFD,input.IDEABASIC,0.18551
input.ri,input.IDEABASIC,0.81115
input.rit,input.IDEABASIC,0.15000
input.rit3,input.IDEABASIC,0.00352
input.RMITAR,input.IDEABASIC,0.81106
input.RMITM,input.IDEABASIC,0.91845
input.RMITMR,input.IDEABASIC,0.95122
input.RMITMRR,input.IDEABASIC,0.29659
input.Rocchio,input.IDEABASIC,0.14894
input.RTB,input.IDEABASIC,0.00000
input.run1,input.IDEABASIC,0.00852
input.run1a,input.IDEABASIC,0.00000
input.run1fix,input.IDEABASIC,0.99161
input.run2,input.IDEABASIC,0.05841
input.run2a,input.IDEABASIC,0.00000
input.run3,input.IDEABASIC,0.00162
input.run3a,input.IDEABASIC,0.00000
input.run4,input.IDEABASIC,0.02148
input.run4a,input.IDEABASIC,0.00000
input.RunAll,input.IDEABASIC,0.00003
input.RunFut,input.IDEABASIC,0.00002
input.runNeMIS,input.IDEABASIC,0.00000
input.runNeMISext,input.IDEABASIC,0.00000
input.RunPure,input.IDEABASIC,0.00005
input.scurtuRun1,input.IDEABASIC,0.00000
input.sielrun1,input.IDEABASIC,0.00000
input.sielrun2,input.IDEABASIC,0.00000
input.sielrun3,input.IDEABASIC,0.00001
input.sielrun4,input.IDEABASIC,0.00000
input.SienaCL1B,input.IDEABASIC,0.01403
input.SienaCL31,input.IDEABASIC,0.01137
input.SienaCL342,input.IDEABASIC,0.02117
input.SienaCLbase,input.IDEABASIC,0.00029
input.simfoll,input.IDEABASIC,0.52349
input.simfollTP01,input.IDEABASIC,0.69418
input.sylesNoRes,input.IDEABASIC,0.32334
input.tfTP01,input.IDEABASIC,0.65880
input.udelIndri,input.IDEABASIC,0.00359
input.udelLucene,input.IDEABASIC,0.00000
input.UDMicroComb1,input.IDEABASIC,0.00000
input.UDMicroComb2,input.IDEABASIC,0.00363
input.UDMicroIDF,input.IDEABASIC,0.02391
input.UDMicroIDFD,input.IDEABASIC,0.00016
input.uicir1,input.IDEABASIC,0.00000
input.uicir2,input.IDEABASIC,0.00000
input.UIowaS1,input.IDEABASIC,0.00012
input.UIowaS2,input.IDEABASIC,0.00037
input.UIowaS3,input.IDEABASIC,0.00042
input.UIowaS4,input.IDEABASIC,0.15126
input.uiucsf,input.IDEABASIC,0.00000
input.uogTrLqea,input.IDEABASIC,0.00021
input.uogTrLqeabd,input.IDEABASIC,0.00009
input.uogTrLqeabdd,input.IDEABASIC,0.00004
input.uogTrUB2,input.IDEABASIC,0.00000
input.UTBase,input.IDEABASIC,0.00008
input.UTBaseRTF,input.IDEABASIC,0.00000
input.UTWngFuture,input.IDEABASIC,0.00779
input.UTWngFutureQ,input.IDEABASIC,0.03331
input.waterlooa1,input.IDEABASIC,0.03876
input.waterlooa2,input.IDEABASIC,0.01193
input.waterlooa3,input.IDEABASIC,0.16373
input.waterlooa4,input.IDEABASIC,0.06294
input.WESTfilext,input.IDEABASIC,0.00001
input.WESTfilter,input.IDEABASIC,0.00011
input.WESTrelint,input.IDEABASIC,0.00000
input.WESTrlext,input.IDEABASIC,0.00000
input.Wise2ndRun,input.IDEABASIC,0.64614
input.WiseFifthRun,input.IDEABASIC,0.00738
input.WiseFouthRun,input.IDEABASIC,0.01972
input.WiseThirdRun,input.IDEABASIC,0.64614
input.ya3,input.IDEABASIC,0.00000
input.ya4,input.IDEABASIC,0.00000
input.YNDXTPC1,input.IDEABASIC,0.00000
input.YNDXTPC2,input.IDEABASIC,0.00000
input.IDEABASICQE,input.IDEABASICACT,0.86970
input.ikmRun1,input.IDEABASICACT,0.00345
input.InL2c1,input.IDEABASICACT,0.00314
input.iritfd1,input.IDEABASICACT,0.21630
input.iritfd2,input.IDEABASICACT,0.62408
input.IRSIGoogle1G,input.IDEABASICACT,0.59038
input.IRSIGoogle2G,input.IDEABASICACT,0.31616
input.isiFD,input.IDEABASICACT,0.08497
input.isiFDL,input.IDEABASICACT,0.22547
input.isiFDRM,input.IDEABASICACT,0.42379
input.isiFDRML,input.IDEABASICACT,0.55686
input.kanopeRun,input.IDEABASICACT,0.00000
input.KAUSTBase,input.IDEABASICACT,0.00047
input.KAUSTExp,input.IDEABASICACT,0.00012
input.KAUSTExpRrnk,input.IDEABASICACT,0.00780
input.KAUSTRerank,input.IDEABASICACT,0.01319
input.LJQO10,input.IDEABASICACT,0.52668
input.LJQO5,input.IDEABASICACT,0.02614
input.LMOP10,input.IDEABASICACT,0.00110
input.LMOP5,input.IDEABASICACT,0.00000
input.LThresh,input.IDEABASICACT,0.00020
input.manualWISTUD,input.IDEABASICACT,0.51647
input.melblt,input.IDEABASICACT,0.00116
input.MONASH1NEW,input.IDEABASICACT,0.04675
input.MONASH2NEW,input.IDEABASICACT,0.00498
input.MorpheusRun1,input.IDEABASICACT,0.00000
input.mulnewWISTUD,input.IDEABASICACT,0.78481
input.myRun,input.IDEABASICACT,0.01361
input.myrun2,input.IDEABASICACT,0.14747
input.myrun3,input.IDEABASICACT,0.14239
input.Nestor,input.IDEABASICACT,0.00019
input.NestorS,input.IDEABASICACT,0.00011
input.normal,input.IDEABASICACT,0.00321
input.nQCRIwoTag,input.IDEABASICACT,0.00008
input.nQCRIwTag,input.IDEABASICACT,0.00019
input.omarRun,input.IDEABASICACT,0.00000
input.PKUICST,input.IDEABASICACT,0.03140
input.PKUICST2,input.IDEABASICACT,0.77949
input.PKUICST3,input.IDEABASICACT,0.00080
input.PKUICST4,input.IDEABASICACT,0.00000
input.PL2Bo1SDExt,input.IDEABASICACT,0.00000
input.PL2NoQENoDM,input.IDEABASICACT,0.00094
input.PL2NoQeSd,input.IDEABASICACT,0.00056
input.PL2NoQeSdExt,input.IDEABASICACT,0.00000
input.PRISrun1,input.IDEABASICACT,0.01572
input.PRISrun2,input.IDEABASICACT,0.00000
input.PRISrun3,input.IDEABASICACT,0.03997
input.PRISrun4,input.IDEABASICACT,0.13236
input.QCRIwoTagOrg,input.IDEABASICACT,0.00008
input.QCRIwTagOrg,input.IDEABASICACT,0.00019
input.qHtagBaseRun,input.IDEABASICACT,0.00000
input.qRefLThresh,input.IDEABASICACT,0.00009
input.refBalRun,input.IDEABASICACT,0.00028
input.refRelRun,input.IDEABASICACT,0.00479
input.relevanceRun,input.IDEABASICACT,0.02739
input.RFD,input.IDEABASICACT,0.18551
input.ri,input.IDEABASICACT,0.81115
input.rit,input.IDEABASICACT,0.15000
input.rit3,input.IDEABASICACT,0.00352
input.RMITAR,input.IDEABASICACT,0.81106
input.RMITM,input.IDEABASICACT,0.91845
input.RMITMR,input.IDEABASICACT,0.95122
input.RMITMRR,input.IDEABASICACT,0.29659
input.Rocchio,input.IDEABASICACT,0.14894
input.RTB,input.IDEABASICACT,0.00000
input.run1,input.IDEABASICACT,0.00852
input.run1a,input.IDEABASICACT,0.00000
input.run1fix,input.IDEABASICACT,0.99161
input.run2,input.IDEABASICACT,0.05841
input.run2a,input.IDEABASICACT,0.00000
input.run3,input.IDEABASICACT,0.00162
input.run3a,input.IDEABASICACT,0.00000
input.run4,input.IDEABASICACT,0.02148
input.run4a,input.IDEABASICACT,0.00000
input.RunAll,input.IDEABASICACT,0.00003
input.RunFut,input.IDEABASICACT,0.00002
input.runNeMIS,input.IDEABASICACT,0.00000
input.runNeMISext,input.IDEABASICACT,0.00000
input.RunPure,input.IDEABASICACT,0.00005
input.scurtuRun1,input.IDEABASICACT,0.00000
input.sielrun1,input.IDEABASICACT,0.00000
input.sielrun2,input.IDEABASICACT,0.00000
input.sielrun3,input.IDEABASICACT,0.00001
input.sielrun4,input.IDEABASICACT,0.00000
input.SienaCL1B,input.IDEABASICACT,0.01403
input.SienaCL31,input.IDEABASICACT,0.01137
input.SienaCL342,input.IDEABASICACT,0.02117
input.SienaCLbase,input.IDEABASICACT,0.00029
input.simfoll,input.IDEABASICACT,0.52349
input.simfollTP01,input.IDEABASICACT,0.69418
input.sylesNoRes,input.IDEABASICACT,0.32334
input.tfTP01,input.IDEABASICACT,0.65880
input.udelIndri,input.IDEABASICACT,0.00359
input.udelLucene,input.IDEABASICACT,0.00000
input.UDMicroComb1,input.IDEABASICACT,0.00000
input.UDMicroComb2,input.IDEABASICACT,0.00363
input.UDMicroIDF,input.IDEABASICACT,0.02391
input.UDMicroIDFD,input.IDEABASICACT,0.00016
input.uicir1,input.IDEABASICACT,0.00000
input.uicir2,input.IDEABASICACT,0.00000
input.UIowaS1,input.IDEABASICACT,0.00012
input.UIowaS2,input.IDEABASICACT,0.00037
input.UIowaS3,input.IDEABASICACT,0.00042
input.UIowaS4,input.IDEABASICACT,0.15126
input.uiucsf,input.IDEABASICACT,0.00000
input.uogTrLqea,input.IDEABASICACT,0.00021
input.uogTrLqeabd,input.IDEABASICACT,0.00009
input.uogTrLqeabdd,input.IDEABASICACT,0.00004
input.uogTrUB2,input.IDEABASICACT,0.00000
input.UTBase,input.IDEABASICACT,0.00008
input.UTBaseRTF,input.IDEABASICACT,0.00000
input.UTWngFuture,input.IDEABASICACT,0.00779
input.UTWngFutureQ,input.IDEABASICACT,0.03331
input.waterlooa1,input.IDEABASICACT,0.03876
input.waterlooa2,input.IDEABASICACT,0.01193
input.waterlooa3,input.IDEABASICACT,0.16373
input.waterlooa4,input.IDEABASICACT,0.06294
input.WESTfilext,input.IDEABASICACT,0.00001
input.WESTfilter,input.IDEABASICACT,0.00011
input.WESTrelint,input.IDEABASICACT,0.00000
input.WESTrlext,input.IDEABASICACT,0.00000
input.Wise2ndRun,input.IDEABASICACT,0.64614
input.WiseFifthRun,input.IDEABASICACT,0.00738
input.WiseFouthRun,input.IDEABASICACT,0.01972
input.WiseThirdRun,input.IDEABASICACT,0.64614
input.ya3,input.IDEABASICACT,0.00000
input.ya4,input.IDEABASICACT,0.00000
input.YNDXTPC1,input.IDEABASICACT,0.00000
input.YNDXTPC2,input.IDEABASICACT,0.00000
input.ikmRun1,input.IDEABASICQE,0.00201
input.InL2c1,input.IDEABASICQE,0.00182
input.iritfd1,input.IDEABASICQE,0.28355
input.iritfd2,input.IDEABASICQE,0.74439
input.IRSIGoogle1G,input.IDEABASICQE,0.48248
input.IRSIGoogle2G,input.IDEABASICQE,0.24345
input.isiFD,input.IDEABASICQE,0.05922
input.isiFDL,input.IDEABASICQE,0.16878
input.isiFDRM,input.IDEABASICQE,0.33509
input.isiFDRML,input.IDEABASICQE,0.45233
input.kanopeRun,input.IDEABASICQE,0.00000
input.KAUSTBase,input.IDEABASICQE,0.00025
input.KAUSTExp,input.IDEABASICQE,0.00006
input.KAUSTExpRrnk,input.IDEABASICQE,0.00473
input.KAUSTRerank,input.IDEABASICQE,0.00823
input.LJQO10,input.IDEABASICQE,0.42538
input.LJQO5,input.IDEABASICQE,0.01693
input.LMOP10,input.IDEABASICQE,0.00061
input.LMOP5,input.IDEABASICQE,0.00000
input.LThresh,input.IDEABASICQE,0.00010
input.manualWISTUD,input.IDEABASICQE,0.62785
input.melblt,input.IDEABASICQE,0.00064
input.MONASH1NEW,input.IDEABASICQE,0.03135
input.MONASH2NEW,input.IDEABASICQE,0.00295
input.MorpheusRun1,input.IDEABASICQE,0.00000
input.mulnewWISTUD,input.IDEABASICQE,0.66205
input.myRun,input.IDEABASICQE,0.00850
input.myrun2,input.IDEABASICQE,0.10684
input.myrun3,input.IDEABASICQE,0.10290
input.Nestor,input.IDEABASICQE,0.00010
input.NestorS,input.IDEABASICQE,0.00006
input.normal,input.IDEABASICQE,0.00186
input.nQCRIwoTag,input.IDEABASICQE,0.00004
input.nQCRIwTag,input.IDEABASICQE,0.00010
input.omarRun,input.IDEABASICQE,0.00000
input.PKUICST,input.IDEABASICQE,0.04682
input.PKUICST2,input.IDEABASICQE,0.65703
input.PKUICST3,input.IDEABASICQE,0.00143
input.PKUICST4,input.IDEABASICQE,0.00000
input.PL2Bo1SDExt,input.IDEABASICQE,0.00000
input.PL2NoQENoDM,input.IDEABASICQE,0.00052
input.PL2NoQeSd,input.IDEABASICQE,0.00030
input.PL2NoQeSdExt,input.IDEABASICQE,0.00000
input.PRISrun1,input.IDEABASICQE,0.02436
input.PRISrun2,input.IDEABASICQE,0.00000
input.PRISrun3,input.IDEABASICQE,0.05876
input.PRISrun4,input.IDEABASICQE,0.17997
input.QCRIwoTagOrg,input.IDEABASICQE,0.00004
input.QCRIwTagOrg,input.IDEABASICQE,0.00010
input.qHtagBaseRun,input.IDEABASICQE,0.00000
input.qRefLThresh,input.IDEABASICQE,0.00004
input.refBalRun,input.IDEABASICQE,0.00015
input.refRelRun,input.IDEABASICQE,0.00283
input.relevanceRun,input.IDEABASICQE,0.01779
input.RFD,input.IDEABASICQE,0.13674
input.ri,input.IDEABASICQE,0.68696
input.rit,input.IDEABASICQE,0.10881
input.rit3,input.IDEABASICQE,0.00205
input.RMITAR,input.IDEABASICQE,0.94019
input.RMITM,input.IDEABASICQE,0.78991
input.RMITMR,input.IDEABASICQE,0.91807
input.RMITMRR,input.IDEABASICQE,0.22712
input.Rocchio,input.IDEABASICQE,0.10798
input.RTB,input.IDEABASICQE,0.00000
input.run1,input.IDEABASICQE,0.00519
input.run1a,input.IDEABASICQE,0.00000
input.run1fix,input.IDEABASICQE,0.86143
input.run2,input.IDEABASICQE,0.08388
input.run2a,input.IDEABASICQE,0.00000
input.run3,input.IDEABASICQE,0.00281
input.run3a,input.IDEABASICQE,0.00000
input.run4,input.IDEABASICQE,0.03272
input.run4a,input.IDEABASICQE,0.00000
input.RunAll,input.IDEABASICQE,0.00001
input.RunFut,input.IDEABASICQE,0.00001
input.runNeMIS,input.IDEABASICQE,0.00000
input.runNeMISext,input.IDEABASICQE,0.00000
input.RunPure,input.IDEABASICQE,0.00002
input.scurtuRun1,input.IDEABASICQE,0.00000
input.sielrun1,input.IDEABASICQE,0.00000
input.sielrun2,input.IDEABASICQE,0.00000
input.sielrun3,input.IDEABASICQE,0.00001
input.sielrun4,input.IDEABASICQE,0.00000
input.SienaCL1B,input.IDEABASICQE,0.00878
input.SienaCL31,input.IDEABASICQE,0.00703
input.SienaCL342,input.IDEABASICQE,0.01355
input.SienaCLbase,input.IDEABASICQE,0.00015
input.simfoll,input.IDEABASICQE,0.63554
input.simfollTP01,input.IDEABASICQE,0.57738
input.sylesNoRes,input.IDEABASICQE,0.24946
input.tfTP01,input.IDEABASICQE,0.54478
input.udelIndri,input.IDEABASICQE,0.00210
input.udelLucene,input.IDEABASICQE,0.00000
input.UDMicroComb1,input.IDEABASICQE,0.00000
input.UDMicroComb2,input.IDEABASICQE,0.00212
input.UDMicroIDF,input.IDEABASICQE,0.01541
input.UDMicroIDFD,input.IDEABASICQE,0.00008
input.uicir1,input.IDEABASICQE,0.00000
input.uicir2,input.IDEABASICQE,0.00000
input.UIowaS1,input.IDEABASICQE,0.00006
input.UIowaS2,input.IDEABASICQE,0.00020
input.UIowaS3,input.IDEABASICQE,0.00023
input.UIowaS4,input.IDEABASICQE,0.10979
input.uiucsf,input.IDEABASICQE,0.00000
input.uogTrLqea,input.IDEABASICQE,0.00011
input.uogTrLqeabd,input.IDEABASICQE,0.00005
input.uogTrLqeabdd,input.IDEABASICQE,0.00002
input.uogTrUB2,input.IDEABASICQE,0.00000
input.UTBase,input.IDEABASICQE,0.00004
input.UTBaseRTF,input.IDEABASICQE,0.00000
input.UTWngFuture,input.IDEABASICQE,0.00473
input.UTWngFutureQ,input.IDEABASICQE,0.02189
input.waterlooa1,input.IDEABASICQE,0.02570
input.waterlooa2,input.IDEABASICQE,0.00740
input.waterlooa3,input.IDEABASICQE,0.11955
input.waterlooa4,input.IDEABASICQE,0.04300
input.WESTfilext,input.IDEABASICQE,0.00000
input.WESTfilter,input.IDEABASICQE,0.00005
input.WESTrelint,input.IDEABASICQE,0.00000
input.WESTrlext,input.IDEABASICQE,0.00000
input.Wise2ndRun,input.IDEABASICQE,0.53317
input.WiseFifthRun,input.IDEABASICQE,0.00447
input.WiseFouthRun,input.IDEABASICQE,0.01257
input.WiseThirdRun,input.IDEABASICQE,0.53317
input.ya3,input.IDEABASICQE,0.00000
input.ya4,input.IDEABASICQE,0.00000
input.YNDXTPC1,input.IDEABASICQE,0.00000
input.YNDXTPC2,input.IDEABASICQE,0.00000
input.InL2c1,input.ikmRun1,0.97708
input.iritfd1,input.ikmRun1,0.00003
input.iritfd2,input.ikmRun1,0.00064
input.IRSIGoogle1G,input.ikmRun1,0.01702
input.IRSIGoogle2G,input.ikmRun1,0.05458
input.isiFD,input.ikmRun1,0.22936
input.isiFDL,input.ikmRun1,0.08681
input.isiFDRM,input.ikmRun1,0.03361
input.isiFDRML,input.ikmRun1,0.01944
input.kanopeRun,input.ikmRun1,0.00000
input.KAUSTBase,input.ikmRun1,0.56730
input.KAUSTExp,input.ikmRun1,0.35428
input.KAUSTExpRrnk,input.ikmRun1,0.79175
input.KAUSTRerank,input.ikmRun1,0.65565
input.LJQO10,input.ikmRun1,0.02194
input.LJQO5,input.ikmRun1,0.48367
input.LMOP10,input.ikmRun1,0.73492
input.LMOP5,input.ikmRun1,0.00716
input.LThresh,input.ikmRun1,0.42400
input.manualWISTUD,input.ikmRun1,0.00035
input.melblt,input.ikmRun1,0.74516
input.MONASH1NEW,input.ikmRun1,0.34927
input.MONASH2NEW,input.ikmRun1,0.90769
input.MorpheusRun1,input.ikmRun1,0.00000
input.mulnewWISTUD,input.ikmRun1,0.00801
input.myRun,input.ikmRun1,0.64760
input.myrun2,input.ikmRun1,0.13994
input.myrun3,input.ikmRun1,0.14494
input.Nestor,input.ikmRun1,0.41618
input.NestorS,input.ikmRun1,0.35081
input.normal,input.ikmRun1,0.98189
input.nQCRIwoTag,input.ikmRun1,0.31123
input.nQCRIwTag,input.ikmRun1,0.42192
input.omarRun,input.ikmRun1,0.07431
input.PKUICST,input.ikmRun1,0.00000
input.PKUICST2,input.ikmRun1,0.00818
input.PKUICST3,input.ikmRun1,0.00000
input.PKUICST4,input.ikmRun1,0.00000
input.PL2Bo1SDExt,input.ikmRun1,0.00000
input.PL2NoQENoDM,input.ikmRun1,0.70210
input.PL2NoQeSd,input.ikmRun1,0.59841
input.PL2NoQeSdExt,input.ikmRun1,0.00000
input.PRISrun1,input.ikmRun1,0.00000
input.PRISrun2,input.ikmRun1,0.00000
input.PRISrun3,input.ikmRun1,0.00000
input.PRISrun4,input.ikmRun1,0.00001
input.QCRIwoTagOrg,input.ikmRun1,0.31123
input.QCRIwTagOrg,input.ikmRun1,0.42192
input.qHtagBaseRun,input.ikmRun1,0.01108
input.qRefLThresh,input.ikmRun1,0.31576
input.refBalRun,input.ikmRun1,0.48014
input.refRelRun,input.ikmRun1,0.91760
input.relevanceRun,input.ikmRun1,0.47233
input.RFD,input.ikmRun1,0.10947
input.ri,input.ikmRun1,0.00724
input.rit,input.ikmRun1,0.13753
input.rit3,input.ikmRun1,0.99523
input.RMITAR,input.ikmRun1,0.00156
input.RMITM,input.ikmRun1,0.00477
input.RMITMR,input.ikmRun1,0.00283
input.RMITMRR,input.ikmRun1,0.06000
input.Rocchio,input.ikmRun1,0.13853
input.RTB,input.ikmRun1,0.00000
input.run1,input.ikmRun1,0.76897
input.run1a,input.ikmRun1,0.00000
input.run1fix,input.ikmRun1,0.00357
input.run2,input.ikmRun1,0.00000
input.run2a,input.ikmRun1,0.00001
input.run3,input.ikmRun1,0.00000
input.run3a,input.ikmRun1,0.00038
input.run4,input.ikmRun1,0.00000
input.run4a,input.ikmRun1,0.00026
input.RunAll,input.ikmRun1,0.20129
input.RunFut,input.ikmRun1,0.19347
input.runNeMIS,input.ikmRun1,0.00390
input.runNeMISext,input.ikmRun1,0.01091
input.RunPure,input.ikmRun1,0.25433
input.scurtuRun1,input.ikmRun1,0.06333
input.sielrun1,input.ikmRun1,0.01875
input.sielrun2,input.ikmRun1,0.07513
input.sielrun3,input.ikmRun1,0.15594
input.sielrun4,input.ikmRun1,0.07026
input.SienaCL1B,input.ikmRun1,0.63976
input.SienaCL31,input.ikmRun1,0.69410
input.SienaCL342,input.ikmRun1,0.53545
input.SienaCLbase,input.ikmRun1,0.48505
input.simfoll,input.ikmRun1,0.00037
input.simfollTP01,input.ikmRun1,0.01136
input.sylesNoRes,input.ikmRun1,0.05275
input.tfTP01,input.ikmRun1,0.01303
input.udelIndri,input.ikmRun1,0.99018
input.udelLucene,input.ikmRun1,0.00000
input.UDMicroComb1,input.ikmRun1,0.07303
input.UDMicroComb2,input.ikmRun1,0.98718
input.UDMicroIDF,input.ikmRun1,0.50537
input.UDMicroIDFD,input.ikmRun1,0.39503
input.uicir1,input.ikmRun1,0.00416
input.uicir2,input.ikmRun1,0.03219
input.UIowaS1,input.ikmRun1,0.35842
input.UIowaS2,input.ikmRun1,0.52613
input.UIowaS3,input.ikmRun1,0.54815
input.UIowaS4,input.ikmRun1,0.13637
input.uiucsf,input.ikmRun1,0.00000
input.uogTrLqea,input.ikmRun1,0.43607
input.uogTrLqeabd,input.ikmRun1,0.32519
input.uogTrLqeabdd,input.ikmRun1,0.23068
input.uogTrUB2,input.ikmRun1,0.09801
input.UTBase,input.ikmRun1,0.31272
input.UTBaseRTF,input.ikmRun1,0.00000
input.UTWngFuture,input.ikmRun1,0.79198
input.UTWngFutureQ,input.ikmRun1,0.42587
input.waterlooa1,input.ikmRun1,0.39100
input.waterlooa2,input.ikmRun1,0.68157
input.waterlooa3,input.ikmRun1,0.12554
input.waterlooa4,input.ikmRun1,0.28691
input.WESTfilext,input.ikmRun1,0.11798
input.WESTfilter,input.ikmRun1,0.34279
input.WESTrelint,input.ikmRun1,0.00269
input.WESTrlext,input.ikmRun1,0.00068
input.Wise2ndRun,input.ikmRun1,0.01368
input.WiseFifthRun,input.ikmRun1,0.80610
input.WiseFouthRun,input.ikmRun1,0.55322
input.WiseThirdRun,input.ikmRun1,0.01368
input.ya3,input.ikmRun1,0.00321
input.ya4,input.ikmRun1,0.00585
input.YNDXTPC1,input.ikmRun1,0.01904
input.YNDXTPC2,input.ikmRun1,0.03132
input.iritfd1,input.InL2c1,0.00003
input.iritfd2,input.InL2c1,0.00057
input.IRSIGoogle1G,input.InL2c1,0.01573
input.IRSIGoogle2G,input.InL2c1,0.05107
input.isiFD,input.InL2c1,0.21842
input.isiFDL,input.InL2c1,0.08165
input.isiFDRM,input.InL2c1,0.03128
input.isiFDRML,input.InL2c1,0.01799
input.kanopeRun,input.InL2c1,0.00000
input.KAUSTBase,input.InL2c1,0.58692
input.KAUSTExp,input.InL2c1,0.36940
input.KAUSTExpRrnk,input.InL2c1,0.76970
input.KAUSTRerank,input.InL2c1,0.63503
input.LJQO10,input.InL2c1,0.02033
input.LJQO5,input.InL2c1,0.46592
input.LMOP10,input.InL2c1,0.75667
input.LMOP5,input.InL2c1,0.00780
input.LThresh,input.InL2c1,0.44084
input.manualWISTUD,input.InL2c1,0.00032
input.melblt,input.InL2c1,0.76701
input.MONASH1NEW,input.InL2c1,0.33468
input.MONASH2NEW,input.InL2c1,0.88496
input.MorpheusRun1,input.InL2c1,0.00000
input.mulnewWISTUD,input.InL2c1,0.00736
input.myRun,input.InL2c1,0.62708
input.myrun2,input.InL2c1,0.13239
input.myrun3,input.InL2c1,0.13719
input.Nestor,input.InL2c1,0.43284
input.NestorS,input.InL2c1,0.36584
input.normal,input.InL2c1,0.99519
input.nQCRIwoTag,input.InL2c1,0.32516
input.nQCRIwTag,input.InL2c1,0.43872
input.omarRun,input.InL2c1,0.07910
input.PKUICST,input.InL2c1,0.00000
input.PKUICST2,input.InL2c1,0.00751
input.PKUICST3,input.InL2c1,0.00000
input.PKUICST4,input.InL2c1,0.00000
input.PL2Bo1SDExt,input.InL2c1,0.00000
input.PL2NoQENoDM,input.InL2c1,0.72352
input.PL2NoQeSd,input.InL2c1,0.61851
input.PL2NoQeSdExt,input.InL2c1,0.00000
input.PRISrun1,input.InL2c1,0.00000
input.PRISrun2,input.InL2c1,0.00000
input.PRISrun3,input.InL2c1,0.00000
input.PRISrun4,input.InL2c1,0.00001
input.QCRIwoTagOrg,input.InL2c1,0.32516
input.QCRIwTagOrg,input.InL2c1,0.43872
input.qHtagBaseRun,input.InL2c1,0.01203
input.qRefLThresh,input.InL2c1,0.32982
input.refBalRun,input.InL2c1,0.49818
input.refRelRun,input.InL2c1,0.89483
input.relevanceRun,input.InL2c1,0.45481
input.RFD,input.InL2c1,0.10325
input.ri,input.InL2c1,0.00664
input.rit,input.InL2c1,0.13008
input.rit3,input.InL2c1,0.97231
input.RMITAR,input.InL2c1,0.00141
input.RMITM,input.InL2c1,0.00436
input.RMITMR,input.InL2c1,0.00257
input.RMITMRR,input.InL2c1,0.05619
input.Rocchio,input.InL2c1,0.13104
input.RTB,input.InL2c1,0.00000
input.run1,input.InL2c1,0.74711
input.run1a,input.InL2c1,0.00000
input.run1fix,input.InL2c1,0.00325
input.run2,input.InL2c1,0.00000
input.run2a,input.InL2c1,0.00001
input.run3,input.InL2c1,0.00000
input.run3a,input.InL2c1,0.00042
input.run4,input.InL2c1,0.00000
input.run4a,input.InL2c1,0.00029
input.RunAll,input.InL2c1,0.21161
input.RunFut,input.InL2c1,0.20349
input.runNeMIS,input.InL2c1,0.00427
input.runNeMISext,input.InL2c1,0.01185
input.RunPure,input.InL2c1,0.26650
input.scurtuRun1,input.InL2c1,0.06753
input.sielrun1,input.InL2c1,0.02024
input.sielrun2,input.InL2c1,0.07996
input.sielrun3,input.InL2c1,0.16449
input.sielrun4,input.InL2c1,0.07483
input.SienaCL1B,input.InL2c1,0.61935
input.SienaCL31,input.InL2c1,0.67300
input.SienaCL342,input.InL2c1,0.51670
input.SienaCLbase,input.InL2c1,0.50320
input.simfoll,input.InL2c1,0.00033
input.simfollTP01,input.InL2c1,0.01046
input.sylesNoRes,input.InL2c1,0.04934
input.tfTP01,input.InL2c1,0.01201
input.udelIndri,input.InL2c1,0.96727
input.udelLucene,input.InL2c1,0.00000
input.UDMicroComb1,input.InL2c1,0.07775
input.UDMicroComb2,input.InL2c1,0.96427
input.UDMicroIDF,input.InL2c1,0.48719
input.UDMicroIDFD,input.InL2c1,0.41120
input.uicir1,input.InL2c1,0.00455
input.uicir2,input.InL2c1,0.03458
input.UIowaS1,input.InL2c1,0.37365
input.UIowaS2,input.InL2c1,0.54505
input.UIowaS3,input.InL2c1,0.56746
input.UIowaS4,input.InL2c1,0.12897
input.uiucsf,input.InL2c1,0.00000
input.uogTrLqea,input.InL2c1,0.45319
input.uogTrLqeabd,input.InL2c1,0.33952
input.uogTrLqeabdd,input.InL2c1,0.24205
input.uogTrUB2,input.InL2c1,0.10398
input.UTBase,input.InL2c1,0.32669
input.UTBaseRTF,input.InL2c1,0.00000
input.UTWngFuture,input.InL2c1,0.76993
input.UTWngFutureQ,input.InL2c1,0.40936
input.waterlooa1,input.InL2c1,0.37532
input.waterlooa2,input.InL2c1,0.66062
input.waterlooa3,input.InL2c1,0.11860
input.waterlooa4,input.InL2c1,0.27411
input.WESTfilext,input.InL2c1,0.12489
input.WESTfilter,input.InL2c1,0.35761
input.WESTrelint,input.InL2c1,0.00295
input.WESTrlext,input.InL2c1,0.00076
input.Wise2ndRun,input.InL2c1,0.01263
input.WiseFifthRun,input.InL2c1,0.78394
input.WiseFouthRun,input.InL2c1,0.53416
input.WiseThirdRun,input.InL2c1,0.01263
input.ya3,input.InL2c1,0.00352
input.ya4,input.InL2c1,0.00639
input.YNDXTPC1,input.InL2c1,0.02055
input.YNDXTPC2,input.InL2c1,0.03365
input.iritfd2,input.iritfd1,0.45546
input.IRSIGoogle1G,input.iritfd1,0.07595
input.IRSIGoogle2G,input.iritfd1,0.02517
input.isiFD,input.iritfd1,0.00309
input.isiFDL,input.iritfd1,0.01434
input.isiFDRM,input.iritfd1,0.04172
input.isiFDRML,input.iritfd1,0.06816
input.kanopeRun,input.iritfd1,0.00000
input.KAUSTBase,input.iritfd1,0.00000
input.KAUSTExp,input.iritfd1,0.00000
input.KAUSTExpRrnk,input.iritfd1,0.00010
input.KAUSTRerank,input.iritfd1,0.00020
input.LJQO10,input.iritfd1,0.06155
input.LJQO5,input.iritfd1,0.00054
input.LMOP10,input.iritfd1,0.00001
input.LMOP5,input.iritfd1,0.00000
input.LThresh,input.iritfd1,0.00000
input.manualWISTUD,input.iritfd1,0.55678
input.melblt,input.iritfd1,0.00001
input.MONASH1NEW,input.iritfd1,0.00126
input.MONASH2NEW,input.iritfd1,0.00005
input.MorpheusRun1,input.iritfd1,0.00000
input.mulnewWISTUD,input.iritfd1,0.13118
input.myRun,input.iritfd1,0.00021
input.myrun2,input.iritfd1,0.00725
input.myrun3,input.iritfd1,0.00686
input.Nestor,input.iritfd1,0.00000
input.NestorS,input.iritfd1,0.00000
input.normal,input.iritfd1,0.00003
input.nQCRIwoTag,input.iritfd1,0.00000
input.nQCRIwTag,input.iritfd1,0.00000
input.omarRun,input.iritfd1,0.00000
input.PKUICST,input.iritfd1,0.35992
input.PKUICST2,input.iritfd1,0.12942
input.PKUICST3,input.iritfd1,0.03436
input.PKUICST4,input.iritfd1,0.00002
input.PL2Bo1SDExt,input.iritfd1,0.00000
input.PL2NoQENoDM,input.iritfd1,0.00001
input.PL2NoQeSd,input.iritfd1,0.00000
input.PL2NoQeSdExt,input.iritfd1,0.00000
input.PRISrun1,input.iritfd1,0.23839
input.PRISrun2,input.iritfd1,0.00000
input.PRISrun3,input.iritfd1,0.41358
input.PRISrun4,input.iritfd1,0.78835
input.QCRIwoTagOrg,input.iritfd1,0.00000
input.QCRIwTagOrg,input.iritfd1,0.00000
input.qHtagBaseRun,input.iritfd1,0.00000
input.qRefLThresh,input.iritfd1,0.00000
input.refBalRun,input.iritfd1,0.00000
input.refRelRun,input.iritfd1,0.00005
input.relevanceRun,input.iritfd1,0.00058
input.RFD,input.iritfd1,0.01045
input.ri,input.iritfd1,0.14011
input.rit,input.iritfd1,0.00745
input.rit3,input.iritfd1,0.00003
input.RMITAR,input.iritfd1,0.31859
input.RMITM,input.iritfd1,0.18063
input.RMITMR,input.iritfd1,0.23989
input.RMITMRR,input.iritfd1,0.02260
input.Rocchio,input.iritfd1,0.00737
input.RTB,input.iritfd1,0.00000
input.run1,input.iritfd1,0.00011
input.run1a,input.iritfd1,0.00000
input.run1fix,input.iritfd1,0.21242
input.run2,input.iritfd1,0.51169
input.run2a,input.iritfd1,0.00000
input.run3,input.iritfd1,0.05548
input.run3a,input.iritfd1,0.00000
input.run4,input.iritfd1,0.28775
input.run4a,input.iritfd1,0.00000
input.RunAll,input.iritfd1,0.00000
input.RunFut,input.iritfd1,0.00000
input.runNeMIS,input.iritfd1,0.00000
input.runNeMISext,input.iritfd1,0.00000
input.RunPure,input.iritfd1,0.00000
input.scurtuRun1,input.iritfd1,0.00000
input.sielrun1,input.iritfd1,0.00000
input.sielrun2,input.iritfd1,0.00000
input.sielrun3,input.iritfd1,0.00000
input.sielrun4,input.iritfd1,0.00000
input.SienaCL1B,input.iritfd1,0.00022
input.SienaCL31,input.iritfd1,0.00016
input.SienaCL342,input.iritfd1,0.00040
input.SienaCLbase,input.iritfd1,0.00000
input.simfoll,input.iritfd1,0.54955
input.simfollTP01,input.iritfd1,0.10319
input.sylesNoRes,input.iritfd1,0.02615
input.tfTP01,input.iritfd1,0.09335
input.udelIndri,input.iritfd1,0.00003
input.udelLucene,input.iritfd1,0.00000
input.UDMicroComb1,input.iritfd1,0.00000
input.UDMicroComb2,input.iritfd1,0.00003
input.UDMicroIDF,input.iritfd1,0.00047
input.UDMicroIDFD,input.iritfd1,0.00000
input.uicir1,input.iritfd1,0.00000
input.uicir2,input.iritfd1,0.00000
input.UIowaS1,input.iritfd1,0.00000
input.UIowaS2,input.iritfd1,0.00000
input.UIowaS3,input.iritfd1,0.00000
input.UIowaS4,input.iritfd1,0.00755
input.uiucsf,input.iritfd1,0.00000
input.uogTrLqea,input.iritfd1,0.00000
input.uogTrLqeabd,input.iritfd1,0.00000
input.uogTrLqeabdd,input.iritfd1,0.00000
input.uogTrUB2,input.iritfd1,0.00000
input.UTBase,input.iritfd1,0.00000
input.UTBaseRTF,input.iritfd1,0.00000
input.UTWngFuture,input.iritfd1,0.00010
input.UTWngFutureQ,input.iritfd1,0.00077
input.waterlooa1,input.iritfd1,0.00096
input.waterlooa2,input.iritfd1,0.00018
input.waterlooa3,input.iritfd1,0.00856
input.waterlooa4,input.iritfd1,0.00196
input.WESTfilext,input.iritfd1,0.00000
input.WESTfilter,input.iritfd1,0.00000
input.WESTrelint,input.iritfd1,0.00000
input.WESTrlext,input.iritfd1,0.00000
input.Wise2ndRun,input.iritfd1,0.08997
input.WiseFifthRun,input.iritfd1,0.00009
input.WiseFouthRun,input.iritfd1,0.00036
input.WiseThirdRun,input.iritfd1,0.08997
input.ya3,input.iritfd1,0.00000
input.ya4,input.iritfd1,0.00000
input.YNDXTPC1,input.iritfd1,0.00000
input.YNDXTPC2,input.iritfd1,0.00000
input.IRSIGoogle1G,input.iritfd2,0.30378
input.IRSIGoogle2G,input.iritfd2,0.13558
input.isiFD,input.iritfd2,0.02692
input.isiFDL,input.iritfd2,0.08872
input.isiFDRM,input.iritfd2,0.19707
input.isiFDRML,input.iritfd2,0.28122
input.kanopeRun,input.iritfd2,0.00000
input.KAUSTBase,input.iritfd2,0.00007
input.KAUSTExp,input.iritfd2,0.00001
input.KAUSTExpRrnk,input.iritfd2,0.00163
input.KAUSTRerank,input.iritfd2,0.00299
input.LJQO10,input.iritfd2,0.26137
input.LJQO5,input.iritfd2,0.00664
input.LMOP10,input.iritfd2,0.00017
input.LMOP5,input.iritfd2,0.00000
input.LThresh,input.iritfd2,0.00003
input.manualWISTUD,input.iritfd2,0.87389
input.melblt,input.iritfd2,0.00018
input.MONASH1NEW,input.iritfd2,0.01319
input.MONASH2NEW,input.iritfd2,0.00097
input.MorpheusRun1,input.iritfd2,0.00000
input.mulnewWISTUD,input.iritfd2,0.44539
input.myRun,input.iritfd2,0.00310
input.myrun2,input.iritfd2,0.05255
input.myrun3,input.iritfd2,0.05035
input.Nestor,input.iritfd2,0.00002
input.NestorS,input.iritfd2,0.00001
input.normal,input.iritfd2,0.00059
input.nQCRIwoTag,input.iritfd2,0.00001
input.nQCRIwTag,input.iritfd2,0.00002
input.omarRun,input.iritfd2,0.00000
input.PKUICST,input.iritfd2,0.09654
input.PKUICST2,input.iritfd2,0.44126
input.PKUICST3,input.iritfd2,0.00421
input.PKUICST4,input.iritfd2,0.00000
input.PL2Bo1SDExt,input.iritfd2,0.00000
input.PL2NoQENoDM,input.iritfd2,0.00015
input.PL2NoQeSd,input.iritfd2,0.00008
input.PL2NoQeSdExt,input.iritfd2,0.00000
input.PRISrun1,input.iritfd2,0.05418
input.PRISrun2,input.iritfd2,0.00000
input.PRISrun3,input.iritfd2,0.11783
input.PRISrun4,input.iritfd2,0.31020
input.QCRIwoTagOrg,input.iritfd2,0.00001
input.QCRIwTagOrg,input.iritfd2,0.00002
input.qHtagBaseRun,input.iritfd2,0.00000
input.qRefLThresh,input.iritfd2,0.00001
input.refBalRun,input.iritfd2,0.00004
input.refRelRun,input.iritfd2,0.00093
input.relevanceRun,input.iritfd2,0.00702
input.RFD,input.iritfd2,0.06967
input.ri,input.iritfd2,0.46599
input.rit,input.iritfd2,0.05366
input.rit3,input.iritfd2,0.00065
input.RMITAR,input.iritfd2,0.80181
input.RMITM,input.iritfd2,0.55354
input.RMITMR,input.iritfd2,0.66799
input.RMITMRR,input.iritfd2,0.12507
input.Rocchio,input.iritfd2,0.05319
input.RTB,input.iritfd2,0.00000
input.run1,input.iritfd2,0.00180
input.run1a,input.iritfd2,0.00000
input.run1fix,input.iritfd2,0.61666
input.run2,input.iritfd2,0.16075
input.run2a,input.iritfd2,0.00000
input.run3,input.iritfd2,0.00778
input.run3a,input.iritfd2,0.00000
input.run4,input.iritfd2,0.07039
input.run4a,input.iritfd2,0.00000
input.RunAll,input.iritfd2,0.00000
input.RunFut,input.iritfd2,0.00000
input.runNeMIS,input.iritfd2,0.00000
input.runNeMISext,input.iritfd2,0.00000
input.RunPure,input.iritfd2,0.00001
input.scurtuRun1,input.iritfd2,0.00000
input.sielrun1,input.iritfd2,0.00000
input.sielrun2,input.iritfd2,0.00000
input.sielrun3,input.iritfd2,0.00000
input.sielrun4,input.iritfd2,0.00000
input.SienaCL1B,input.iritfd2,0.00321
input.SienaCL31,input.iritfd2,0.00252
input.SienaCL342,input.iritfd2,0.00519
input.SienaCLbase,input.iritfd2,0.00004
input.simfoll,input.iritfd2,0.88242
input.simfollTP01,input.iritfd2,0.37710
input.sylesNoRes,input.iritfd2,0.13949
input.tfTP01,input.iritfd2,0.35152
input.udelIndri,input.iritfd2,0.00067
input.udelLucene,input.iritfd2,0.00000
input.UDMicroComb1,input.iritfd2,0.00000
input.UDMicroComb2,input.iritfd2,0.00068
input.UDMicroIDF,input.iritfd2,0.00599
input.UDMicroIDFD,input.iritfd2,0.00002
input.uicir1,input.iritfd2,0.00000
input.uicir2,input.iritfd2,0.00000
input.UIowaS1,input.iritfd2,0.00001
input.UIowaS2,input.iritfd2,0.00005
input.UIowaS3,input.iritfd2,0.00006
input.UIowaS4,input.iritfd2,0.05421
input.uiucsf,input.iritfd2,0.00000
input.uogTrLqea,input.iritfd2,0.00003
input.uogTrLqeabd,input.iritfd2,0.00001
input.uogTrLqeabdd,input.iritfd2,0.00000
input.uogTrUB2,input.iritfd2,0.00000
input.UTBase,input.iritfd2,0.00001
input.UTBaseRTF,input.iritfd2,0.00000
input.UTWngFuture,input.iritfd2,0.00163
input.UTWngFutureQ,input.iritfd2,0.00884
input.waterlooa1,input.iritfd2,0.01056
input.waterlooa2,input.iritfd2,0.00266
input.waterlooa3,input.iritfd2,0.05974
input.waterlooa4,input.iritfd2,0.01879
input.WESTfilext,input.iritfd2,0.00000
input.WESTfilter,input.iritfd2,0.00001
input.WESTrelint,input.iritfd2,0.00000
input.WESTrlext,input.iritfd2,0.00000
input.Wise2ndRun,input.iritfd2,0.34251
input.WiseFifthRun,input.iritfd2,0.00153
input.WiseFouthRun,input.iritfd2,0.00478
input.WiseThirdRun,input.iritfd2,0.34251
input.ya3,input.iritfd2,0.00000
input.ya4,input.iritfd2,0.00000
input.YNDXTPC1,input.iritfd2,0.00000
input.YNDXTPC2,input.iritfd2,0.00000
input.IRSIGoogle2G,input.IRSIGoogle1G,0.64258
input.isiFD,input.IRSIGoogle1G,0.23631
input.isiFDL,input.IRSIGoogle1G,0.50042
input.isiFDRM,input.IRSIGoogle1G,0.79364
input.isiFDRML,input.IRSIGoogle1G,0.96074
input.kanopeRun,input.IRSIGoogle1G,0.00000
input.KAUSTBase,input.IRSIGoogle1G,0.00309
input.KAUSTExp,input.IRSIGoogle1G,0.00092
input.KAUSTExpRrnk,input.IRSIGoogle1G,0.03382
input.KAUSTRerank,input.IRSIGoogle1G,0.05234
input.LJQO10,input.IRSIGoogle1G,0.92447
input.LJQO5,input.IRSIGoogle1G,0.09182
input.LMOP10,input.IRSIGoogle1G,0.00643
input.LMOP5,input.IRSIGoogle1G,0.00000
input.LThresh,input.IRSIGoogle1G,0.00144
input.manualWISTUD,input.IRSIGoogle1G,0.23520
input.melblt,input.IRSIGoogle1G,0.00670
input.MONASH1NEW,input.IRSIGoogle1G,0.14698
input.MONASH2NEW,input.IRSIGoogle1G,0.02319
input.MorpheusRun1,input.IRSIGoogle1G,0.00000
input.mulnewWISTUD,input.IRSIGoogle1G,0.79083
input.myRun,input.IRSIGoogle1G,0.05371
input.myrun2,input.IRSIGoogle1G,0.36269
input.myrun3,input.IRSIGoogle1G,0.35307
input.Nestor,input.IRSIGoogle1G,0.00138
input.NestorS,input.IRSIGoogle1G,0.00090
input.normal,input.IRSIGoogle1G,0.01600
input.nQCRIwoTag,input.IRSIGoogle1G,0.00068
input.nQCRIwTag,input.IRSIGoogle1G,0.00143
input.omarRun,input.IRSIGoogle1G,0.00003
input.PKUICST,input.IRSIGoogle1G,0.00714
input.PKUICST2,input.IRSIGoogle1G,0.79618
input.PKUICST3,input.IRSIGoogle1G,0.00010
input.PKUICST4,input.IRSIGoogle1G,0.00000
input.PL2Bo1SDExt,input.IRSIGoogle1G,0.00000
input.PL2NoQENoDM,input.IRSIGoogle1G,0.00563
input.PL2NoQeSd,input.IRSIGoogle1G,0.00358
input.PL2NoQeSdExt,input.IRSIGoogle1G,0.00000
input.PRISrun1,input.IRSIGoogle1G,0.00314
input.PRISrun2,input.IRSIGoogle1G,0.00000
input.PRISrun3,input.IRSIGoogle1G,0.00953
input.PRISrun4,input.IRSIGoogle1G,0.04104
input.QCRIwoTagOrg,input.IRSIGoogle1G,0.00068
input.QCRIwTagOrg,input.IRSIGoogle1G,0.00143
input.qHtagBaseRun,input.IRSIGoogle1G,0.00000
input.qRefLThresh,input.IRSIGoogle1G,0.00070
input.refBalRun,input.IRSIGoogle1G,0.00199
input.refRelRun,input.IRSIGoogle1G,0.02244
input.relevanceRun,input.IRSIGoogle1G,0.09540
input.RFD,input.IRSIGoogle1G,0.43204
input.ri,input.IRSIGoogle1G,0.76468
input.rit,input.IRSIGoogle1G,0.36746
input.rit3,input.IRSIGoogle1G,0.01730
input.RMITAR,input.IRSIGoogle1G,0.43695
input.RMITM,input.IRSIGoogle1G,0.66291
input.RMITMR,input.IRSIGoogle1G,0.54887
input.RMITMRR,input.IRSIGoogle1G,0.61322
input.Rocchio,input.IRSIGoogle1G,0.36546
input.RTB,input.IRSIGoogle1G,0.00000
input.run1,input.IRSIGoogle1G,0.03639
input.run1a,input.IRSIGoogle1G,0.00000
input.run1fix,input.IRSIGoogle1G,0.59766
input.run2,input.IRSIGoogle1G,0.01506
input.run2a,input.IRSIGoogle1G,0.00000
input.run3,input.IRSIGoogle1G,0.00022
input.run3a,input.IRSIGoogle1G,0.00000
input.run4,input.IRSIGoogle1G,0.00454
input.run4a,input.IRSIGoogle1G,0.00000
input.RunAll,input.IRSIGoogle1G,0.00025
input.RunFut,input.IRSIGoogle1G,0.00023
input.runNeMIS,input.IRSIGoogle1G,0.00000
input.runNeMISext,input.IRSIGoogle1G,0.00000
input.RunPure,input.IRSIGoogle1G,0.00042
input.scurtuRun1,input.IRSIGoogle1G,0.00002
input.sielrun1,input.IRSIGoogle1G,0.00000
input.sielrun2,input.IRSIGoogle1G,0.00003
input.sielrun3,input.IRSIGoogle1G,0.00014
input.sielrun4,input.IRSIGoogle1G,0.00003
input.SienaCL1B,input.IRSIGoogle1G,0.05508
input.SienaCL31,input.IRSIGoogle1G,0.04626
input.SienaCL342,input.IRSIGoogle1G,0.07730
input.SienaCLbase,input.IRSIGoogle1G,0.00204
input.simfoll,input.IRSIGoogle1G,0.23949
input.simfollTP01,input.IRSIGoogle1G,0.88463
input.sylesNoRes,input.IRSIGoogle1G,0.65319
input.tfTP01,input.IRSIGoogle1G,0.92295
input.udelIndri,input.IRSIGoogle1G,0.01760
input.udelLucene,input.IRSIGoogle1G,0.00000
input.UDMicroComb1,input.IRSIGoogle1G,0.00003
input.UDMicroComb2,input.IRSIGoogle1G,0.01778
input.UDMicroIDF,input.IRSIGoogle1G,0.08539
input.UDMicroIDFD,input.IRSIGoogle1G,0.00121
input.uicir1,input.IRSIGoogle1G,0.00000
input.uicir2,input.IRSIGoogle1G,0.00001
input.UIowaS1,input.IRSIGoogle1G,0.00095
input.UIowaS2,input.IRSIGoogle1G,0.00253
input.UIowaS3,input.IRSIGoogle1G,0.00282
input.UIowaS4,input.IRSIGoogle1G,0.36982
input.uiucsf,input.IRSIGoogle1G,0.00000
input.uogTrLqea,input.IRSIGoogle1G,0.00155
input.uogTrLqeabd,input.IRSIGoogle1G,0.00075
input.uogTrLqeabdd,input.IRSIGoogle1G,0.00034
input.uogTrUB2,input.IRSIGoogle1G,0.00005
input.UTBase,input.IRSIGoogle1G,0.00068
input.UTBaseRTF,input.IRSIGoogle1G,0.00000
input.UTWngFuture,input.IRSIGoogle1G,0.03379
input.UTWngFutureQ,input.IRSIGoogle1G,0.11184
input.waterlooa1,input.IRSIGoogle1G,0.12640
input.waterlooa2,input.IRSIGoogle1G,0.04816
input.waterlooa3,input.IRSIGoogle1G,0.39291
input.waterlooa4,input.IRSIGoogle1G,0.18638
input.WESTfilext,input.IRSIGoogle1G,0.00008
input.WESTfilter,input.IRSIGoogle1G,0.00085
input.WESTrelint,input.IRSIGoogle1G,0.00000
input.WESTrlext,input.IRSIGoogle1G,0.00000
input.Wise2ndRun,input.IRSIGoogle1G,0.93691
input.WiseFifthRun,input.IRSIGoogle1G,0.03229
input.WiseFouthRun,input.IRSIGoogle1G,0.07292
input.WiseThirdRun,input.IRSIGoogle1G,0.93691
input.ya3,input.IRSIGoogle1G,0.00000
input.ya4,input.IRSIGoogle1G,0.00000
input.YNDXTPC1,input.IRSIGoogle1G,0.00000
input.YNDXTPC2,input.IRSIGoogle1G,0.00001
input.isiFD,input.IRSIGoogle2G,0.47141
input.isiFDL,input.IRSIGoogle2G,0.83388
input.isiFDRM,input.IRSIGoogle2G,0.83952
input.isiFDRML,input.IRSIGoogle2G,0.67824
input.kanopeRun,input.IRSIGoogle2G,0.00000
input.KAUSTBase,input.IRSIGoogle2G,0.01262
input.KAUSTExp,input.IRSIGoogle2G,0.00439
input.KAUSTExpRrnk,input.IRSIGoogle2G,0.09729
input.KAUSTRerank,input.IRSIGoogle2G,0.13987
input.LJQO10,input.IRSIGoogle2G,0.71191
input.LJQO5,input.IRSIGoogle2G,0.22179
input.LMOP10,input.IRSIGoogle2G,0.02377
input.LMOP5,input.IRSIGoogle2G,0.00000
input.LThresh,input.IRSIGoogle2G,0.00649
input.manualWISTUD,input.IRSIGoogle2G,0.09870
input.melblt,input.IRSIGoogle2G,0.02463
input.MONASH1NEW,input.IRSIGoogle2G,0.32404
input.MONASH2NEW,input.IRSIGoogle2G,0.07088
input.MorpheusRun1,input.IRSIGoogle2G,0.00000
input.mulnewWISTUD,input.IRSIGoogle2G,0.46581
input.myRun,input.IRSIGoogle2G,0.14290
input.myrun2,input.IRSIGoogle2G,0.65547
input.myrun3,input.IRSIGoogle2G,0.64224
input.Nestor,input.IRSIGoogle2G,0.00623
input.NestorS,input.IRSIGoogle2G,0.00430
input.normal,input.IRSIGoogle2G,0.05179
input.nQCRIwoTag,input.IRSIGoogle2G,0.00334
input.nQCRIwTag,input.IRSIGoogle2G,0.00642
input.omarRun,input.IRSIGoogle2G,0.00021
input.PKUICST,input.IRSIGoogle2G,0.00161
input.PKUICST2,input.IRSIGoogle2G,0.47006
input.PKUICST3,input.IRSIGoogle2G,0.00001
input.PKUICST4,input.IRSIGoogle2G,0.00000
input.PL2Bo1SDExt,input.IRSIGoogle2G,0.00000
input.PL2NoQENoDM,input.IRSIGoogle2G,0.02118
input.PL2NoQeSd,input.IRSIGoogle2G,0.01433
input.PL2NoQeSdExt,input.IRSIGoogle2G,0.00000
input.PRISrun1,input.IRSIGoogle2G,0.00063
input.PRISrun2,input.IRSIGoogle2G,0.00000
input.PRISrun3,input.IRSIGoogle2G,0.00224
input.PRISrun4,input.IRSIGoogle2G,0.01217
input.QCRIwoTagOrg,input.IRSIGoogle2G,0.00334
input.QCRIwTagOrg,input.IRSIGoogle2G,0.00642
input.qHtagBaseRun,input.IRSIGoogle2G,0.00001
input.qRefLThresh,input.IRSIGoogle2G,0.00344
input.refBalRun,input.IRSIGoogle2G,0.00858
input.refRelRun,input.IRSIGoogle2G,0.06895
input.relevanceRun,input.IRSIGoogle2G,0.22878
input.RFD,input.IRSIGoogle2G,0.74774
input.ri,input.IRSIGoogle2G,0.44521
input.rit,input.IRSIGoogle2G,0.66200
input.rit3,input.IRSIGoogle2G,0.05534
input.RMITAR,input.IRSIGoogle2G,0.21444
input.RMITM,input.IRSIGoogle2G,0.36813
input.RMITMR,input.IRSIGoogle2G,0.28754
input.RMITMRR,input.IRSIGoogle2G,0.96698
input.Rocchio,input.IRSIGoogle2G,0.65928
input.RTB,input.IRSIGoogle2G,0.00000
input.run1,input.IRSIGoogle2G,0.10343
input.run1a,input.IRSIGoogle2G,0.00000
input.run1fix,input.IRSIGoogle2G,0.32127
input.run2,input.IRSIGoogle2G,0.00379
input.run2a,input.IRSIGoogle2G,0.00000
input.run3,input.IRSIGoogle2G,0.00003
input.run3a,input.IRSIGoogle2G,0.00000
input.run4,input.IRSIGoogle2G,0.00096
input.run4a,input.IRSIGoogle2G,0.00000
input.RunAll,input.IRSIGoogle2G,0.00137
input.RunFut,input.IRSIGoogle2G,0.00127
input.runNeMIS,input.IRSIGoogle2G,0.00000
input.runNeMISext,input.IRSIGoogle2G,0.00001
input.RunPure,input.IRSIGoogle2G,0.00220
input.scurtuRun1,input.IRSIGoogle2G,0.00016
input.sielrun1,input.IRSIGoogle2G,0.00002
input.sielrun2,input.IRSIGoogle2G,0.00021
input.sielrun3,input.IRSIGoogle2G,0.00083
input.sielrun4,input.IRSIGoogle2G,0.00019
input.SienaCL1B,input.IRSIGoogle2G,0.14590
input.SienaCL31,input.IRSIGoogle2G,0.12629
input.SienaCL342,input.IRSIGoogle2G,0.19275
input.SienaCLbase,input.IRSIGoogle2G,0.00878
input.simfoll,input.IRSIGoogle2G,0.10093
input.simfollTP01,input.IRSIGoogle2G,0.54240
input.sylesNoRes,input.IRSIGoogle2G,0.98823
input.tfTP01,input.IRSIGoogle2G,0.57493
input.udelIndri,input.IRSIGoogle2G,0.05615
input.udelLucene,input.IRSIGoogle2G,0.00000
input.UDMicroComb1,input.IRSIGoogle2G,0.00020
input.UDMicroComb2,input.IRSIGoogle2G,0.05663
input.UDMicroIDF,input.IRSIGoogle2G,0.20907
input.UDMicroIDFD,input.IRSIGoogle2G,0.00556
input.uicir1,input.IRSIGoogle2G,0.00000
input.uicir2,input.IRSIGoogle2G,0.00005
input.UIowaS1,input.IRSIGoogle2G,0.00450
input.UIowaS2,input.IRSIGoogle2G,0.01058
input.UIowaS3,input.IRSIGoogle2G,0.01165
input.UIowaS4,input.IRSIGoogle2G,0.66521
input.uiucsf,input.IRSIGoogle2G,0.00000
input.uogTrLqea,input.IRSIGoogle2G,0.00691
input.uogTrLqeabd,input.IRSIGoogle2G,0.00366
input.uogTrLqeabdd,input.IRSIGoogle2G,0.00180
input.uogTrUB2,input.IRSIGoogle2G,0.00035
input.UTBase,input.IRSIGoogle2G,0.00337
input.UTBaseRTF,input.IRSIGoogle2G,0.00000
input.UTWngFuture,input.IRSIGoogle2G,0.09723
input.UTWngFutureQ,input.IRSIGoogle2G,0.26020
input.waterlooa1,input.IRSIGoogle2G,0.28716
input.waterlooa2,input.IRSIGoogle2G,0.13057
input.waterlooa3,input.IRSIGoogle2G,0.69635
input.waterlooa4,input.IRSIGoogle2G,0.39129
input.WESTfilext,input.IRSIGoogle2G,0.00049
input.WESTfilter,input.IRSIGoogle2G,0.00409
input.WESTrelint,input.IRSIGoogle2G,0.00000
input.WESTrlext,input.IRSIGoogle2G,0.00000
input.Wise2ndRun,input.IRSIGoogle2G,0.58696
input.WiseFifthRun,input.IRSIGoogle2G,0.09359
input.WiseFouthRun,input.IRSIGoogle2G,0.18377
input.WiseThirdRun,input.IRSIGoogle2G,0.58696
input.ya3,input.IRSIGoogle2G,0.00000
input.ya4,input.IRSIGoogle2G,0.00000
input.YNDXTPC1,input.IRSIGoogle2G,0.00002
input.YNDXTPC2,input.IRSIGoogle2G,0.00005
input.isiFDL,input.isiFD,0.60974
input.isiFDRM,input.isiFD,0.35617
input.isiFDRML,input.isiFD,0.25636
input.kanopeRun,input.isiFD,0.00000
input.KAUSTBase,input.isiFD,0.07606
input.KAUSTExp,input.isiFD,0.03331
input.KAUSTExpRrnk,input.isiFD,0.34826
input.KAUSTRerank,input.isiFD,0.44960
input.LJQO10,input.isiFD,0.27595
input.LJQO5,input.isiFD,0.61595
input.LMOP10,input.isiFD,0.12342
input.LMOP5,input.isiFD,0.00010
input.LThresh,input.isiFD,0.04534
input.manualWISTUD,input.isiFD,0.01772
input.melblt,input.isiFD,0.12675
input.MONASH1NEW,input.isiFD,0.79024
input.MONASH2NEW,input.isiFD,0.27745
input.MorpheusRun1,input.isiFD,0.00000
input.mulnewWISTUD,input.isiFD,0.14720
input.myRun,input.isiFD,0.45633
input.myrun2,input.isiFD,0.78408
input.myrun3,input.isiFD,0.79825
input.Nestor,input.isiFD,0.04390
input.NestorS,input.isiFD,0.03276
input.normal,input.isiFD,0.22068
input.nQCRIwoTag,input.isiFD,0.02678
input.nQCRIwTag,input.isiFD,0.04495
input.omarRun,input.isiFD,0.00282
input.PKUICST,input.isiFD,0.00011
input.PKUICST2,input.isiFD,0.14914
input.PKUICST3,input.isiFD,0.00000
input.PKUICST4,input.isiFD,0.00000
input.PL2Bo1SDExt,input.isiFD,0.00000
input.PL2NoQENoDM,input.isiFD,0.11308
input.PL2NoQeSd,input.isiFD,0.08386
input.PL2NoQeSdExt,input.isiFD,0.00000
input.PRISrun1,input.isiFD,0.00004
input.PRISrun2,input.isiFD,0.00000
input.PRISrun3,input.isiFD,0.00016
input.PRISrun4,input.isiFD,0.00125
input.QCRIwoTagOrg,input.isiFD,0.02678
input.QCRIwTagOrg,input.isiFD,0.04495
input.qHtagBaseRun,input.isiFD,0.00018
input.qRefLThresh,input.isiFD,0.02744
input.refBalRun,input.isiFD,0.05638
input.refRelRun,input.isiFD,0.27197
input.relevanceRun,input.isiFD,0.62886
input.RFD,input.isiFD,0.69022
input.ri,input.isiFD,0.13791
input.rit,input.isiFD,0.77715
input.rit3,input.isiFD,0.23168
input.RMITAR,input.isiFD,0.04981
input.RMITM,input.isiFD,0.10520
input.RMITMR,input.isiFD,0.07447
input.RMITMRR,input.isiFD,0.49728
input.Rocchio,input.isiFD,0.78004
input.RTB,input.isiFD,0.00000
input.run1,input.isiFD,0.36373
input.run1a,input.isiFD,0.00000
input.run1fix,input.isiFD,0.08689
input.run2,input.isiFD,0.00030
input.run2a,input.isiFD,0.00000
input.run3,input.isiFD,0.00000
input.run3a,input.isiFD,0.00000
input.run4,input.isiFD,0.00006
input.run4a,input.isiFD,0.00000
input.RunAll,input.isiFD,0.01314
input.RunFut,input.isiFD,0.01234
input.runNeMIS,input.isiFD,0.00004
input.runNeMISext,input.isiFD,0.00018
input.RunPure,input.isiFD,0.01919
input.scurtuRun1,input.isiFD,0.00222
input.sielrun1,input.isiFD,0.00038
input.sielrun2,input.isiFD,0.00287
input.sielrun3,input.isiFD,0.00877
input.sielrun4,input.isiFD,0.00259
input.SienaCL1B,input.isiFD,0.46296
input.SienaCL31,input.isiFD,0.41868
input.SienaCL342,input.isiFD,0.56036
input.SienaCLbase,input.isiFD,0.05741
input.simfoll,input.isiFD,0.01825
input.simfollTP01,input.isiFD,0.18373
input.sylesNoRes,input.isiFD,0.46238
input.tfTP01,input.isiFD,0.20020
input.udelIndri,input.isiFD,0.23416
input.udelLucene,input.isiFD,0.00000
input.UDMicroComb1,input.isiFD,0.00275
input.UDMicroComb2,input.isiFD,0.23565
input.UDMicroIDF,input.isiFD,0.59199
input.UDMicroIDFD,input.isiFD,0.04012
input.uicir1,input.isiFD,0.00005
input.uicir2,input.isiFD,0.00083
input.UIowaS1,input.isiFD,0.03397
input.UIowaS2,input.isiFD,0.06637
input.UIowaS3,input.isiFD,0.07146
input.UIowaS4,input.isiFD,0.77377
input.uiucsf,input.isiFD,0.00000
input.uogTrLqea,input.isiFD,0.04761
input.uogTrLqeabd,input.isiFD,0.02883
input.uogTrLqeabdd,input.isiFD,0.01637
input.uogTrUB2,input.isiFD,0.00428
input.UTBase,input.isiFD,0.02700
input.UTBaseRTF,input.isiFD,0.00000
input.UTWngFuture,input.isiFD,0.34810
input.UTWngFutureQ,input.isiFD,0.68494
input.waterlooa1,input.isiFD,0.73070
input.waterlooa2,input.isiFD,0.42855
input.waterlooa3,input.isiFD,0.74146
input.waterlooa4,input.isiFD,0.89096
input.WESTfilext,input.isiFD,0.00569
input.WESTfilter,input.isiFD,0.03150
input.WESTrelint,input.isiFD,0.00003
input.WESTrlext,input.isiFD,0.00000
input.Wise2ndRun,input.isiFD,0.20644
input.WiseFifthRun,input.isiFD,0.33879
input.WiseFouthRun,input.isiFD,0.54248
input.WiseThirdRun,input.isiFD,0.20644
input.ya3,input.isiFD,0.00003
input.ya4,input.isiFD,0.00008
input.YNDXTPC1,input.isiFD,0.00039
input.YNDXTPC2,input.isiFD,0.00079
input.isiFDRM,input.isiFDL,0.68016
input.isiFDRML,input.isiFDL,0.53223
input.kanopeRun,input.isiFDL,0.00000
input.KAUSTBase,input.isiFDL,0.02234
input.KAUSTExp,input.isiFDL,0.00832
input.KAUSTExpRrnk,input.isiFDL,0.14750
input.KAUSTRerank,input.isiFDL,0.20532
input.LJQO10,input.isiFDL,0.56257
input.LJQO5,input.isiFDL,0.31151
input.LMOP10,input.isiFDL,0.04026
input.LMOP5,input.isiFDL,0.00001
input.LThresh,input.isiFDL,0.01201
input.manualWISTUD,input.isiFDL,0.06276
input.melblt,input.isiFDL,0.04160
input.MONASH1NEW,input.isiFDL,0.43748
input.MONASH2NEW,input.isiFDL,0.11038
input.MorpheusRun1,input.isiFDL,0.00000
input.mulnewWISTUD,input.isiFDL,0.34770
input.myRun,input.isiFDL,0.20935
input.myrun2,input.isiFDL,0.81309
input.myrun3,input.isiFDL,0.79885
input.Nestor,input.isiFDL,0.01155
input.NestorS,input.isiFDL,0.00816
input.normal,input.isiFDL,0.08271
input.nQCRIwoTag,input.isiFDL,0.00643
input.nQCRIwTag,input.isiFDL,0.01188
input.omarRun,input.isiFDL,0.00047
input.PKUICST,input.isiFDL,0.00077
input.PKUICST2,input.isiFDL,0.35127
input.PKUICST3,input.isiFDL,0.00001
input.PKUICST4,input.isiFDL,0.00000
input.PL2Bo1SDExt,input.isiFDL,0.00000
input.PL2NoQENoDM,input.isiFDL,0.03618
input.PL2NoQeSd,input.isiFDL,0.02515
input.PL2NoQeSdExt,input.isiFDL,0.00000
input.PRISrun1,input.isiFDL,0.00029
input.PRISrun2,input.isiFDL,0.00000
input.PRISrun3,input.isiFDL,0.00109
input.PRISrun4,input.isiFDL,0.00659
input.QCRIwoTagOrg,input.isiFDL,0.00643
input.QCRIwTagOrg,input.isiFDL,0.01188
input.qHtagBaseRun,input.isiFDL,0.00002
input.qRefLThresh,input.isiFDL,0.00661
input.refBalRun,input.isiFDL,0.01558
input.refRelRun,input.isiFDL,0.10762
input.relevanceRun,input.isiFDL,0.32033
input.RFD,input.isiFDL,0.91091
input.ri,input.isiFDL,0.33047
input.rit,input.isiFDL,0.82010
input.rit3,input.isiFDL,0.08792
input.RMITAR,input.isiFDL,0.14673
input.RMITM,input.isiFDL,0.26712
input.RMITMR,input.isiFDL,0.20292
input.RMITMRR,input.isiFDL,0.86632
input.Rocchio,input.isiFDL,0.81718
input.RTB,input.isiFDL,0.00000
input.run1,input.isiFDL,0.15598
input.run1a,input.isiFDL,0.00000
input.run1fix,input.isiFDL,0.22952
input.run2,input.isiFDL,0.00190
input.run2a,input.isiFDL,0.00000
input.run3,input.isiFDL,0.00001
input.run3a,input.isiFDL,0.00000
input.run4,input.isiFDL,0.00045
input.run4a,input.isiFDL,0.00000
input.RunAll,input.isiFDL,0.00279
input.RunFut,input.isiFDL,0.00259
input.runNeMIS,input.isiFDL,0.00000
input.runNeMISext,input.isiFDL,0.00002
input.RunPure,input.isiFDL,0.00434
input.scurtuRun1,input.isiFDL,0.00036
input.sielrun1,input.isiFDL,0.00005
input.sielrun2,input.isiFDL,0.00048
input.sielrun3,input.isiFDL,0.00174
input.sielrun4,input.isiFDL,0.00043
input.SienaCL1B,input.isiFDL,0.21334
input.SienaCL31,input.isiFDL,0.18712
input.SienaCL342,input.isiFDL,0.27450
input.SienaCLbase,input.isiFDL,0.01592
input.simfoll,input.isiFDL,0.06430
input.simfollTP01,input.isiFDL,0.41283
input.sylesNoRes,input.isiFDL,0.82238
input.tfTP01,input.isiFDL,0.44098
input.udelIndri,input.isiFDL,0.08910
input.udelLucene,input.isiFDL,0.00000
input.UDMicroComb1,input.isiFDL,0.00046
input.UDMicroComb2,input.isiFDL,0.08981
input.UDMicroIDF,input.isiFDL,0.29538
input.UDMicroIDFD,input.isiFDL,0.01038
input.uicir1,input.isiFDL,0.00000
input.uicir2,input.isiFDL,0.00012
input.UIowaS1,input.isiFDL,0.00852
input.UIowaS2,input.isiFDL,0.01896
input.UIowaS3,input.isiFDL,0.02072
input.UIowaS4,input.isiFDL,0.82354
input.uiucsf,input.isiFDL,0.00000
input.uogTrLqea,input.isiFDL,0.01273
input.uogTrLqeabd,input.isiFDL,0.00701
input.uogTrLqeabdd,input.isiFDL,0.00360
input.uogTrUB2,input.isiFDL,0.00076
input.UTBase,input.isiFDL,0.00649
input.UTBaseRTF,input.isiFDL,0.00000
input.UTWngFuture,input.isiFDL,0.14742
input.UTWngFutureQ,input.isiFDL,0.35958
input.waterlooa1,input.isiFDL,0.39275
input.waterlooa2,input.isiFDL,0.19287
input.waterlooa3,input.isiFDL,0.85674
input.waterlooa4,input.isiFDL,0.51728
input.WESTfilext,input.isiFDL,0.00105
input.WESTfilter,input.isiFDL,0.00779
input.WESTrelint,input.isiFDL,0.00000
input.WESTrlext,input.isiFDL,0.00000
input.Wise2ndRun,input.isiFDL,0.45147
input.WiseFifthRun,input.isiFDL,0.14238
input.WiseFouthRun,input.isiFDL,0.26292
input.WiseThirdRun,input.isiFDL,0.45147
input.ya3,input.isiFDL,0.00000
input.ya4,input.isiFDL,0.00001
input.YNDXTPC1,input.isiFDL,0.00005
input.YNDXTPC2,input.isiFDL,0.00011
input.isiFDRML,input.isiFDRM,0.83182
input.kanopeRun,input.isiFDRM,0.00000
input.KAUSTBase,input.isiFDRM,0.00700
input.KAUSTExp,input.isiFDRM,0.00228
input.KAUSTExpRrnk,input.isiFDRM,0.06279
input.KAUSTRerank,input.isiFDRM,0.09320
input.LJQO10,input.isiFDRM,0.86754
input.LJQO5,input.isiFDRM,0.15436
input.LMOP10,input.isiFDRM,0.01377
input.LMOP5,input.isiFDRM,0.00000
input.LThresh,input.isiFDRM,0.00345
input.manualWISTUD,input.isiFDRM,0.14743
input.melblt,input.isiFDRM,0.01430
input.MONASH1NEW,input.isiFDRM,0.23456
input.MONASH2NEW,input.isiFDRM,0.04456
input.MorpheusRun1,input.isiFDRM,0.00000
input.mulnewWISTUD,input.isiFDRM,0.59832
input.myRun,input.isiFDRM,0.09540
input.myrun2,input.isiFDRM,0.51655
input.myrun3,input.isiFDRM,0.50473
input.Nestor,input.isiFDRM,0.00331
input.NestorS,input.isiFDRM,0.00223
input.normal,input.isiFDRM,0.03176
input.nQCRIwoTag,input.isiFDRM,0.00170
input.nQCRIwTag,input.isiFDRM,0.00341
input.omarRun,input.isiFDRM,0.00009
input.PKUICST,input.isiFDRM,0.00316
input.PKUICST2,input.isiFDRM,0.60314
input.PKUICST3,input.isiFDRM,0.00003
input.PKUICST4,input.isiFDRM,0.00000
input.PL2Bo1SDExt,input.isiFDRM,0.00000
input.PL2NoQENoDM,input.isiFDRM,0.01217
input.PL2NoQeSd,input.isiFDRM,0.00802
input.PL2NoQeSdExt,input.isiFDRM,0.00000
input.PRISrun1,input.isiFDRM,0.00130
input.PRISrun2,input.isiFDRM,0.00000
input.PRISrun3,input.isiFDRM,0.00432
input.PRISrun4,input.isiFDRM,0.02118
input.QCRIwoTagOrg,input.isiFDRM,0.00170
input.QCRIwTagOrg,input.isiFDRM,0.00341
input.qHtagBaseRun,input.isiFDRM,0.00000
input.qRefLThresh,input.isiFDRM,0.00176
input.refBalRun,input.isiFDRM,0.00464
input.refRelRun,input.isiFDRM,0.04326
input.relevanceRun,input.isiFDRM,0.15972
input.RFD,input.isiFDRM,0.60019
input.ri,input.isiFDRM,0.57485
input.rit,input.isiFDRM,0.52240
input.rit3,input.isiFDRM,0.03411
input.RMITAR,input.isiFDRM,0.29884
input.RMITM,input.isiFDRM,0.48550
input.RMITMR,input.isiFDRM,0.38922
input.RMITMRR,input.isiFDRM,0.80731
input.Rocchio,input.isiFDRM,0.51995
input.RTB,input.isiFDRM,0.00000
input.run1,input.isiFDRM,0.06710
input.run1a,input.isiFDRM,0.00000
input.run1fix,input.isiFDRM,0.42991
input.run2,input.isiFDRM,0.00709
input.run2a,input.isiFDRM,0.00000
input.run3,input.isiFDRM,0.00008
input.run3a,input.isiFDRM,0.00000
input.run4,input.isiFDRM,0.00194
input.run4a,input.isiFDRM,0.00000
input.RunAll,input.isiFDRM,0.00067
input.RunFut,input.isiFDRM,0.00061
input.runNeMIS,input.isiFDRM,0.00000
input.runNeMISext,input.isiFDRM,0.00000
input.RunPure,input.isiFDRM,0.00110
input.scurtuRun1,input.isiFDRM,0.00007
input.sielrun1,input.isiFDRM,0.00001
input.sielrun2,input.isiFDRM,0.00009
input.sielrun3,input.isiFDRM,0.00039
input.sielrun4,input.isiFDRM,0.00008
input.SienaCL1B,input.isiFDRM,0.09759
input.SienaCL31,input.isiFDRM,0.08338
input.SienaCL342,input.isiFDRM,0.13233
input.SienaCLbase,input.isiFDRM,0.00476
input.simfoll,input.isiFDRM,0.15048
input.simfollTP01,input.isiFDRM,0.68424
input.sylesNoRes,input.isiFDRM,0.85107
input.tfTP01,input.isiFDRM,0.72012
input.udelIndri,input.isiFDRM,0.03465
input.udelLucene,input.isiFDRM,0.00000
input.UDMicroComb1,input.isiFDRM,0.00009
input.UDMicroComb2,input.isiFDRM,0.03498
input.UDMicroIDF,input.isiFDRM,0.14466
input.UDMicroIDFD,input.isiFDRM,0.00293
input.uicir1,input.isiFDRM,0.00000
input.uicir2,input.isiFDRM,0.00002
input.UIowaS1,input.isiFDRM,0.00234
input.UIowaS2,input.isiFDRM,0.00580
input.UIowaS3,input.isiFDRM,0.00643
input.UIowaS4,input.isiFDRM,0.52528
input.uiucsf,input.isiFDRM,0.00000
input.uogTrLqea,input.isiFDRM,0.00369
input.uogTrLqeabd,input.isiFDRM,0.00188
input.uogTrLqeabdd,input.isiFDRM,0.00089
input.uogTrUB2,input.isiFDRM,0.00016
input.UTBase,input.isiFDRM,0.00172
input.UTBaseRTF,input.isiFDRM,0.00000
input.UTWngFuture,input.isiFDRM,0.06275
input.UTWngFutureQ,input.isiFDRM,0.18404
input.waterlooa1,input.isiFDRM,0.20520
input.waterlooa2,input.isiFDRM,0.08646
input.waterlooa3,input.isiFDRM,0.55334
input.waterlooa4,input.isiFDRM,0.28925
input.WESTfilext,input.isiFDRM,0.00023
input.WESTfilter,input.isiFDRM,0.00212
input.WESTrelint,input.isiFDRM,0.00000
input.WESTrlext,input.isiFDRM,0.00000
input.Wise2ndRun,input.isiFDRM,0.73330
input.WiseFifthRun,input.isiFDRM,0.06021
input.WiseFouthRun,input.isiFDRM,0.12558
input.WiseThirdRun,input.isiFDRM,0.73330
input.ya3,input.isiFDRM,0.00000
input.ya4,input.isiFDRM,0.00000
input.YNDXTPC1,input.isiFDRM,0.00001
input.YNDXTPC2,input.isiFDRM,0.00002
input.kanopeRun,input.isiFDRML,0.00000
input.KAUSTBase,input.isiFDRML,0.00362
input.KAUSTExp,input.isiFDRML,0.00110
input.KAUSTExpRrnk,input.isiFDRML,0.03817
input.KAUSTRerank,input.isiFDRML,0.05861
input.LJQO10,input.isiFDRML,0.96365
input.LJQO5,input.isiFDRML,0.10170
input.LMOP10,input.isiFDRML,0.00746
input.LMOP5,input.isiFDRML,0.00000
input.LThresh,input.isiFDRML,0.00171
input.manualWISTUD,input.isiFDRML,0.21635
input.melblt,input.isiFDRML,0.00777
input.MONASH1NEW,input.isiFDRML,0.16120
input.MONASH2NEW,input.isiFDRML,0.02634
input.MorpheusRun1,input.isiFDRML,0.00000
input.mulnewWISTUD,input.isiFDRML,0.75318
input.myRun,input.isiFDRML,0.06011
input.myrun2,input.isiFDRML,0.38922
input.myrun3,input.isiFDRML,0.37917
input.Nestor,input.isiFDRML,0.00163
input.NestorS,input.isiFDRML,0.00108
input.normal,input.isiFDRML,0.01829
input.nQCRIwoTag,input.isiFDRML,0.00081
input.nQCRIwTag,input.isiFDRML,0.00169
input.omarRun,input.isiFDRML,0.00004
input.PKUICST,input.isiFDRML,0.00615
input.PKUICST2,input.isiFDRML,0.75845
input.PKUICST3,input.isiFDRML,0.00008
input.PKUICST4,input.isiFDRML,0.00000
input.PL2Bo1SDExt,input.isiFDRML,0.00000
input.PL2NoQENoDM,input.isiFDRML,0.00654
input.PL2NoQeSd,input.isiFDRML,0.00419
input.PL2NoQeSdExt,input.isiFDRML,0.00000
input.PRISrun1,input.isiFDRML,0.00267
input.PRISrun2,input.isiFDRML,0.00000
input.PRISrun3,input.isiFDRML,0.00825
input.PRISrun4,input.isiFDRML,0.03640
input.QCRIwoTagOrg,input.isiFDRML,0.00081
input.QCRIwTagOrg,input.isiFDRML,0.00169
input.qHtagBaseRun,input.isiFDRML,0.00000
input.qRefLThresh,input.isiFDRML,0.00084
input.refBalRun,input.isiFDRML,0.00234
input.refRelRun,input.isiFDRML,0.02551
input.relevanceRun,input.isiFDRML,0.10558
input.RFD,input.isiFDRML,0.46143
input.ri,input.isiFDRML,0.72742
input.rit,input.isiFDRML,0.39420
input.rit3,input.isiFDRML,0.01975
input.RMITAR,input.isiFDRML,0.40848
input.RMITM,input.isiFDRML,0.62759
input.RMITMR,input.isiFDRML,0.51655
input.RMITMRR,input.isiFDRML,0.64820
input.Rocchio,input.isiFDRML,0.39212
input.RTB,input.isiFDRML,0.00000
input.run1,input.isiFDRML,0.04102
input.run1a,input.isiFDRML,0.00000
input.run1fix,input.isiFDRML,0.56395
input.run2,input.isiFDRML,0.01313
input.run2a,input.isiFDRML,0.00000
input.run3,input.isiFDRML,0.00018
input.run3a,input.isiFDRML,0.00000
input.run4,input.isiFDRML,0.00389
input.run4a,input.isiFDRML,0.00000
input.RunAll,input.isiFDRML,0.00030
input.RunFut,input.isiFDRML,0.00028
input.runNeMIS,input.isiFDRML,0.00000
input.runNeMISext,input.isiFDRML,0.00000
input.RunPure,input.isiFDRML,0.00051
input.scurtuRun1,input.isiFDRML,0.00003
input.sielrun1,input.isiFDRML,0.00000
input.sielrun2,input.isiFDRML,0.00004
input.sielrun3,input.isiFDRML,0.00017
input.sielrun4,input.isiFDRML,0.00003
input.SienaCL1B,input.isiFDRML,0.06162
input.SienaCL31,input.isiFDRML,0.05192
input.SienaCL342,input.isiFDRML,0.08591
input.SienaCLbase,input.isiFDRML,0.00240
input.simfoll,input.isiFDRML,0.22039
input.simfollTP01,input.isiFDRML,0.84592
input.sylesNoRes,input.isiFDRML,0.68907
input.tfTP01,input.isiFDRML,0.88397
input.udelIndri,input.isiFDRML,0.02009
input.udelLucene,input.isiFDRML,0.00000
input.UDMicroComb1,input.isiFDRML,0.00004
input.UDMicroComb2,input.isiFDRML,0.02029
input.UDMicroIDF,input.isiFDRML,0.09472
input.UDMicroIDFD,input.isiFDRML,0.00143
input.uicir1,input.isiFDRML,0.00000
input.uicir2,input.isiFDRML,0.00001
input.UIowaS1,input.isiFDRML,0.00113
input.UIowaS2,input.isiFDRML,0.00297
input.UIowaS3,input.isiFDRML,0.00331
input.UIowaS4,input.isiFDRML,0.39666
input.uiucsf,input.isiFDRML,0.00000
input.uogTrLqea,input.isiFDRML,0.00183
input.uogTrLqeabd,input.isiFDRML,0.00090
input.uogTrLqeabdd,input.isiFDRML,0.00041
input.uogTrUB2,input.isiFDRML,0.00007
input.UTBase,input.isiFDRML,0.00082
input.UTBaseRTF,input.isiFDRML,0.00000
input.UTWngFuture,input.isiFDRML,0.03814
input.UTWngFutureQ,input.isiFDRML,0.12337
input.waterlooa1,input.isiFDRML,0.13907
input.waterlooa2,input.isiFDRML,0.05401
input.waterlooa3,input.isiFDRML,0.42075
input.waterlooa4,input.isiFDRML,0.20332
input.WESTfilext,input.isiFDRML,0.00010
input.WESTfilter,input.isiFDRML,0.00102
input.WESTrelint,input.isiFDRML,0.00000
input.WESTrlext,input.isiFDRML,0.00000
input.Wise2ndRun,input.isiFDRML,0.89785
input.WiseFifthRun,input.isiFDRML,0.03647
input.WiseFouthRun,input.isiFDRML,0.08114
input.WiseThirdRun,input.isiFDRML,0.89785
input.ya3,input.isiFDRML,0.00000
input.ya4,input.isiFDRML,0.00000
input.YNDXTPC1,input.isiFDRML,0.00000
input.YNDXTPC2,input.isiFDRML,0.00001
input.KAUSTBase,input.kanopeRun,0.00000
input.KAUSTExp,input.kanopeRun,0.00000
input.KAUSTExpRrnk,input.kanopeRun,0.00000
input.KAUSTRerank,input.kanopeRun,0.00000
input.LJQO10,input.kanopeRun,0.00000
input.LJQO5,input.kanopeRun,0.00000
input.LMOP10,input.kanopeRun,0.00000
input.LMOP5,input.kanopeRun,0.00101
input.LThresh,input.kanopeRun,0.00000
input.manualWISTUD,input.kanopeRun,0.00000
input.melblt,input.kanopeRun,0.00000
input.MONASH1NEW,input.kanopeRun,0.00000
input.MONASH2NEW,input.kanopeRun,0.00000
input.MorpheusRun1,input.kanopeRun,0.64872
input.mulnewWISTUD,input.kanopeRun,0.00000
input.myRun,input.kanopeRun,0.00000
input.myrun2,input.kanopeRun,0.00000
input.myrun3,input.kanopeRun,0.00000
input.Nestor,input.kanopeRun,0.00000
input.NestorS,input.kanopeRun,0.00000
input.normal,input.kanopeRun,0.00000
input.nQCRIwoTag,input.kanopeRun,0.00000
input.nQCRIwTag,input.kanopeRun,0.00000
input.omarRun,input.kanopeRun,0.00003
input.PKUICST,input.kanopeRun,0.00000
input.PKUICST2,input.kanopeRun,0.00000
input.PKUICST3,input.kanopeRun,0.00000
input.PKUICST4,input.kanopeRun,0.00000
input.PL2Bo1SDExt,input.kanopeRun,0.32220
input.PL2NoQENoDM,input.kanopeRun,0.00000
input.PL2NoQeSd,input.kanopeRun,0.00000
input.PL2NoQeSdExt,input.kanopeRun,0.31335
input.PRISrun1,input.kanopeRun,0.00000
input.PRISrun2,input.kanopeRun,0.00000
input.PRISrun3,input.kanopeRun,0.00000
input.PRISrun4,input.kanopeRun,0.00000
input.QCRIwoTagOrg,input.kanopeRun,0.00000
input.QCRIwTagOrg,input.kanopeRun,0.00000
input.qHtagBaseRun,input.kanopeRun,0.00059
input.qRefLThresh,input.kanopeRun,0.00000
input.refBalRun,input.kanopeRun,0.00000
input.refRelRun,input.kanopeRun,0.00000
input.relevanceRun,input.kanopeRun,0.00000
input.RFD,input.kanopeRun,0.00000
input.ri,input.kanopeRun,0.00000
input.rit,input.kanopeRun,0.00000
input.rit3,input.kanopeRun,0.00000
input.RMITAR,input.kanopeRun,0.00000
input.RMITM,input.kanopeRun,0.00000
input.RMITMR,input.kanopeRun,0.00000
input.RMITMRR,input.kanopeRun,0.00000
input.Rocchio,input.kanopeRun,0.00000
input.RTB,input.kanopeRun,0.11034
input.run1,input.kanopeRun,0.00000
input.run1a,input.kanopeRun,0.33659
input.run1fix,input.kanopeRun,0.00000
input.run2,input.kanopeRun,0.00000
input.run2a,input.kanopeRun,0.15209
input.run3,input.kanopeRun,0.00000
input.run3a,input.kanopeRun,0.01547
input.run4,input.kanopeRun,0.00000
input.run4a,input.kanopeRun,0.01992
input.RunAll,input.kanopeRun,0.00000
input.RunFut,input.kanopeRun,0.00000
input.runNeMIS,input.kanopeRun,0.00199
input.runNeMISext,input.kanopeRun,0.00060
input.RunPure,input.kanopeRun,0.00000
input.scurtuRun1,input.kanopeRun,0.00004
input.sielrun1,input.kanopeRun,0.00029
input.sielrun2,input.kanopeRun,0.00003
input.sielrun3,input.kanopeRun,0.00001
input.sielrun4,input.kanopeRun,0.00003
input.SienaCL1B,input.kanopeRun,0.00000
input.SienaCL31,input.kanopeRun,0.00000
input.SienaCL342,input.kanopeRun,0.00000
input.SienaCLbase,input.kanopeRun,0.00000
input.simfoll,input.kanopeRun,0.00000
input.simfollTP01,input.kanopeRun,0.00000
input.sylesNoRes,input.kanopeRun,0.00000
input.tfTP01,input.kanopeRun,0.00000
input.udelIndri,input.kanopeRun,0.00000
input.udelLucene,input.kanopeRun,0.96603
input.UDMicroComb1,input.kanopeRun,0.00003
input.UDMicroComb2,input.kanopeRun,0.00000
input.UDMicroIDF,input.kanopeRun,0.00000
input.UDMicroIDFD,input.kanopeRun,0.00000
input.uicir1,input.kanopeRun,0.00186
input.uicir2,input.kanopeRun,0.00013
input.UIowaS1,input.kanopeRun,0.00000
input.UIowaS2,input.kanopeRun,0.00000
input.UIowaS3,input.kanopeRun,0.00000
input.UIowaS4,input.kanopeRun,0.00000
input.uiucsf,input.kanopeRun,0.02302
input.uogTrLqea,input.kanopeRun,0.00000
input.uogTrLqeabd,input.kanopeRun,0.00000
input.uogTrLqeabdd,input.kanopeRun,0.00000
input.uogTrUB2,input.kanopeRun,0.00002
input.UTBase,input.kanopeRun,0.00000
input.UTBaseRTF,input.kanopeRun,0.46267
input.UTWngFuture,input.kanopeRun,0.00000
input.UTWngFutureQ,input.kanopeRun,0.00000
input.waterlooa1,input.kanopeRun,0.00000
input.waterlooa2,input.kanopeRun,0.00000
input.waterlooa3,input.kanopeRun,0.00000
input.waterlooa4,input.kanopeRun,0.00000
input.WESTfilext,input.kanopeRun,0.00001
input.WESTfilter,input.kanopeRun,0.00000
input.WESTrelint,input.kanopeRun,0.00292
input.WESTrlext,input.kanopeRun,0.00985
input.Wise2ndRun,input.kanopeRun,0.00000
input.WiseFifthRun,input.kanopeRun,0.00000
input.WiseFouthRun,input.kanopeRun,0.00000
input.WiseThirdRun,input.kanopeRun,0.00000
input.ya3,input.kanopeRun,0.00244
input.ya4,input.kanopeRun,0.00128
input.YNDXTPC1,input.kanopeRun,0.00028
input.YNDXTPC2,input.kanopeRun,0.00013
input.KAUSTExp,input.KAUSTBase,0.72312
input.KAUSTExpRrnk,input.KAUSTBase,0.40312
input.KAUSTRerank,input.KAUSTBase,0.30870
input.LJQO10,input.KAUSTBase,0.00419
input.LJQO5,input.KAUSTBase,0.20322
input.LMOP10,input.KAUSTBase,0.81541
input.LMOP5,input.KAUSTBase,0.03424
input.LThresh,input.KAUSTBase,0.82005
input.manualWISTUD,input.KAUSTBase,0.00003
input.melblt,input.KAUSTBase,0.80490
input.MONASH1NEW,input.KAUSTBase,0.13154
input.MONASH2NEW,input.KAUSTBase,0.49146
input.MorpheusRun1,input.KAUSTBase,0.00000
input.mulnewWISTUD,input.KAUSTBase,0.00127
input.myRun,input.KAUSTBase,0.30342
input.myrun2,input.KAUSTBase,0.04055
input.myrun3,input.KAUSTBase,0.04239
input.Nestor,input.KAUSTBase,0.80953
input.NestorS,input.KAUSTBase,0.71811
input.normal,input.KAUSTBase,0.58278
input.nQCRIwoTag,input.KAUSTBase,0.65949
input.nQCRIwTag,input.KAUSTBase,0.81727
input.omarRun,input.KAUSTBase,0.22527
input.PKUICST,input.KAUSTBase,0.00000
input.PKUICST2,input.KAUSTBase,0.00130
input.PKUICST3,input.KAUSTBase,0.00000
input.PKUICST4,input.KAUSTBase,0.00000
input.PL2Bo1SDExt,input.KAUSTBase,0.00000
input.PL2NoQENoDM,input.KAUSTBase,0.84967
input.PL2NoQeSd,input.KAUSTBase,0.96384
input.PL2NoQeSdExt,input.KAUSTBase,0.00000
input.PRISrun1,input.KAUSTBase,0.00000
input.PRISrun2,input.KAUSTBase,0.00000
input.PRISrun3,input.KAUSTBase,0.00000
input.PRISrun4,input.KAUSTBase,0.00000
input.QCRIwoTagOrg,input.KAUSTBase,0.65949
input.QCRIwTagOrg,input.KAUSTBase,0.81727
input.qHtagBaseRun,input.KAUSTBase,0.04906
input.qRefLThresh,input.KAUSTBase,0.66634
input.refBalRun,input.KAUSTBase,0.89336
input.refRelRun,input.KAUSTBase,0.49936
input.relevanceRun,input.KAUSTBase,0.19680
input.RFD,input.KAUSTBase,0.02981
input.ri,input.KAUSTBase,0.00112
input.rit,input.KAUSTBase,0.03968
input.rit3,input.KAUSTBase,0.56326
input.RMITAR,input.KAUSTBase,0.00019
input.RMITM,input.KAUSTBase,0.00069
input.RMITMR,input.KAUSTBase,0.00037
input.RMITMRR,input.KAUSTBase,0.01417
input.Rocchio,input.KAUSTBase,0.04004
input.RTB,input.KAUSTBase,0.00000
input.run1,input.KAUSTBase,0.38662
input.run1a,input.KAUSTBase,0.00001
input.run1fix,input.KAUSTBase,0.00049
input.run2,input.KAUSTBase,0.00000
input.run2a,input.KAUSTBase,0.00007
input.run3,input.KAUSTBase,0.00000
input.run3a,input.KAUSTBase,0.00284
input.run4,input.KAUSTBase,0.00000
input.run4a,input.KAUSTBase,0.00209
input.RunAll,input.KAUSTBase,0.48029
input.RunFut,input.KAUSTBase,0.46639
input.runNeMIS,input.KAUSTBase,0.02066
input.runNeMISext,input.KAUSTBase,0.04845
input.RunPure,input.KAUSTBase,0.57014
input.scurtuRun1,input.KAUSTBase,0.19886
input.sielrun1,input.KAUSTBase,0.07532
input.sielrun2,input.KAUSTBase,0.22719
input.sielrun3,input.KAUSTBase,0.39710
input.sielrun4,input.KAUSTBase,0.21564
input.SienaCL1B,input.KAUSTBase,0.29831
input.SienaCL31,input.KAUSTBase,0.33438
input.SienaCL342,input.KAUSTBase,0.23336
input.SienaCLbase,input.KAUSTBase,0.89960
input.simfoll,input.KAUSTBase,0.00004
input.simfollTP01,input.KAUSTBase,0.00191
input.sylesNoRes,input.KAUSTBase,0.01211
input.tfTP01,input.KAUSTBase,0.00225
input.udelIndri,input.KAUSTBase,0.55899
input.udelLucene,input.KAUSTBase,0.00000
input.UDMicroComb1,input.KAUSTBase,0.22224
input.UDMicroComb2,input.KAUSTBase,0.55646
input.UDMicroIDF,input.KAUSTBase,0.21568
input.UDMicroIDFD,input.KAUSTBase,0.78064
input.uicir1,input.KAUSTBase,0.02180
input.uicir2,input.KAUSTBase,0.11642
input.UIowaS1,input.KAUSTBase,0.72908
input.UIowaS2,input.KAUSTBase,0.95065
input.UIowaS3,input.KAUSTBase,0.97727
input.UIowaS4,input.KAUSTBase,0.03926
input.uiucsf,input.KAUSTBase,0.00000
input.uogTrLqea,input.KAUSTBase,0.83616
input.uogTrLqeabd,input.KAUSTBase,0.68047
input.uogTrLqeabdd,input.KAUSTBase,0.53094
input.uogTrUB2,input.KAUSTBase,0.27901
input.UTBase,input.KAUSTBase,0.66174
input.UTBaseRTF,input.KAUSTBase,0.00000
input.UTWngFuture,input.KAUSTBase,0.40329
input.UTWngFutureQ,input.KAUSTBase,0.17121
input.waterlooa1,input.KAUSTBase,0.15276
input.waterlooa2,input.KAUSTBase,0.32592
input.waterlooa3,input.KAUSTBase,0.03538
input.waterlooa4,input.KAUSTBase,0.10164
input.WESTfilext,input.KAUSTBase,0.32156
input.WESTfilter,input.KAUSTBase,0.70644
input.WESTrelint,input.KAUSTBase,0.01514
input.WESTrlext,input.KAUSTBase,0.00474
input.Wise2ndRun,input.KAUSTBase,0.00239
input.WiseFifthRun,input.KAUSTBase,0.41365
input.WiseFouthRun,input.KAUSTBase,0.24403
input.WiseThirdRun,input.KAUSTBase,0.00239
input.ya3,input.KAUSTBase,0.01755
input.ya4,input.KAUSTBase,0.02897
input.YNDXTPC1,input.KAUSTBase,0.07626
input.YNDXTPC2,input.KAUSTBase,0.11390
input.KAUSTExpRrnk,input.KAUSTExp,0.23390
input.KAUSTRerank,input.KAUSTExp,0.16998
input.LJQO10,input.KAUSTExp,0.00129
input.LJQO5,input.KAUSTExp,0.10379
input.LMOP10,input.KAUSTExp,0.55670
input.LMOP5,input.KAUSTExp,0.07790
input.LThresh,input.KAUSTExp,0.89908
input.manualWISTUD,input.KAUSTExp,0.00001
input.melblt,input.KAUSTExp,0.54764
input.MONASH1NEW,input.KAUSTExp,0.06256
input.MONASH2NEW,input.KAUSTExp,0.29728
input.MorpheusRun1,input.KAUSTExp,0.00000
input.mulnewWISTUD,input.KAUSTExp,0.00035
input.myRun,input.KAUSTExp,0.16653
input.myrun2,input.KAUSTExp,0.01629
input.myrun3,input.KAUSTExp,0.01713
input.Nestor,input.KAUSTExp,0.90982
input.NestorS,input.KAUSTExp,0.99466
input.normal,input.KAUSTExp,0.36619
input.nQCRIwoTag,input.KAUSTExp,0.93121
input.nQCRIwTag,input.KAUSTExp,0.90192
input.omarRun,input.KAUSTExp,0.39070
input.PKUICST,input.KAUSTExp,0.00000
input.PKUICST2,input.KAUSTExp,0.00036
input.PKUICST3,input.KAUSTExp,0.00000
input.PKUICST4,input.KAUSTExp,0.00000
input.PL2Bo1SDExt,input.KAUSTExp,0.00000
input.PL2NoQENoDM,input.KAUSTExp,0.58655
input.PL2NoQeSd,input.KAUSTExp,0.68943
input.PL2NoQeSdExt,input.KAUSTExp,0.00000
input.PRISrun1,input.KAUSTExp,0.00000
input.PRISrun2,input.KAUSTExp,0.00000
input.PRISrun3,input.KAUSTExp,0.00000
input.PRISrun4,input.KAUSTExp,0.00000
input.QCRIwoTagOrg,input.KAUSTExp,0.93121
input.QCRIwTagOrg,input.KAUSTExp,0.90192
input.qHtagBaseRun,input.KAUSTExp,0.10658
input.qRefLThresh,input.KAUSTExp,0.93872
input.refBalRun,input.KAUSTExp,0.82568
input.refRelRun,input.KAUSTExp,0.30311
input.relevanceRun,input.KAUSTExp,0.09997
input.RFD,input.KAUSTExp,0.01151
input.ri,input.KAUSTExp,0.00030
input.rit,input.KAUSTExp,0.01589
input.rit3,input.KAUSTExp,0.35118
input.RMITAR,input.KAUSTExp,0.00004
input.RMITM,input.KAUSTExp,0.00018
input.RMITMR,input.KAUSTExp,0.00009
input.RMITMRR,input.KAUSTExp,0.00500
input.Rocchio,input.KAUSTExp,0.01606
input.RTB,input.KAUSTExp,0.00000
input.run1,input.KAUSTExp,0.22245
input.run1a,input.KAUSTExp,0.00004
input.run1fix,input.KAUSTExp,0.00012
input.run2,input.KAUSTExp,0.00000
input.run2a,input.KAUSTExp,0.00030
input.run3,input.KAUSTExp,0.00000
input.run3a,input.KAUSTExp,0.00854
input.run4,input.KAUSTExp,0.00000
input.run4a,input.KAUSTExp,0.00647
input.RunAll,input.KAUSTExp,0.72518
input.RunFut,input.KAUSTExp,0.70835
input.runNeMIS,input.KAUSTExp,0.05002
input.runNeMISext,input.KAUSTExp,0.10543
input.RunPure,input.KAUSTExp,0.83089
input.scurtuRun1,input.KAUSTExp,0.35211
input.sielrun1,input.KAUSTExp,0.15438
input.sielrun2,input.KAUSTExp,0.39348
input.sielrun3,input.KAUSTExp,0.62235
input.sielrun4,input.KAUSTExp,0.37674
input.SienaCL1B,input.KAUSTExp,0.16321
input.SienaCL31,input.KAUSTExp,0.18696
input.SienaCL342,input.KAUSTExp,0.12210
input.SienaCLbase,input.KAUSTExp,0.81954
input.simfoll,input.KAUSTExp,0.00001
input.simfollTP01,input.KAUSTExp,0.00054
input.sylesNoRes,input.KAUSTExp,0.00419
input.tfTP01,input.KAUSTExp,0.00065
input.udelIndri,input.KAUSTExp,0.34792
input.udelLucene,input.KAUSTExp,0.00000
input.UDMicroComb1,input.KAUSTExp,0.38633
input.UDMicroComb2,input.KAUSTExp,0.34599
input.UDMicroIDF,input.KAUSTExp,0.11130
input.UDMicroIDFD,input.KAUSTExp,0.93957
input.uicir1,input.KAUSTExp,0.05244
input.uicir2,input.KAUSTExp,0.22410
input.UIowaS1,input.KAUSTExp,0.99366
input.UIowaS2,input.KAUSTExp,0.76997
input.UIowaS3,input.KAUSTExp,0.74457
input.UIowaS4,input.KAUSTExp,0.01570
input.uiucsf,input.KAUSTExp,0.00000
input.uogTrLqea,input.KAUSTExp,0.88275
input.uogTrLqeabd,input.KAUSTExp,0.95413
input.uogTrLqeabdd,input.KAUSTExp,0.78541
input.uogTrUB2,input.KAUSTExp,0.46646
input.UTBase,input.KAUSTExp,0.93368
input.UTBaseRTF,input.KAUSTExp,0.00000
input.UTWngFuture,input.KAUSTExp,0.23402
input.UTWngFutureQ,input.KAUSTExp,0.08496
input.waterlooa1,input.KAUSTExp,0.07440
input.waterlooa2,input.KAUSTExp,0.18133
input.waterlooa3,input.KAUSTExp,0.01396
input.waterlooa4,input.KAUSTExp,0.04645
input.WESTfilext,input.KAUSTExp,0.52415
input.WESTfilter,input.KAUSTExp,0.98218
input.WESTrelint,input.KAUSTExp,0.03800
input.WESTrlext,input.KAUSTExp,0.01351
input.Wise2ndRun,input.KAUSTExp,0.00069
input.WiseFifthRun,input.KAUSTExp,0.24128
input.WiseFouthRun,input.KAUSTExp,0.12869
input.WiseThirdRun,input.KAUSTExp,0.00069
input.ya3,input.KAUSTExp,0.04331
input.ya4,input.KAUSTExp,0.06730
input.YNDXTPC1,input.KAUSTExp,0.15605
input.YNDXTPC2,input.KAUSTExp,0.21996
input.KAUSTRerank,input.KAUSTExpRrnk,0.85566
input.LJQO10,input.KAUSTExpRrnk,0.04262
input.LJQO5,input.KAUSTExpRrnk,0.66257
input.LMOP10,input.KAUSTExpRrnk,0.54676
input.LMOP5,input.KAUSTExpRrnk,0.00314
input.LThresh,input.KAUSTExpRrnk,0.28754
input.manualWISTUD,input.KAUSTExpRrnk,0.00094
input.melblt,input.KAUSTExpRrnk,0.55582
input.MONASH1NEW,input.KAUSTExpRrnk,0.50160
input.MONASH2NEW,input.KAUSTExpRrnk,0.88227
input.MorpheusRun1,input.KAUSTExpRrnk,0.00000
input.mulnewWISTUD,input.KAUSTExpRrnk,0.01696
input.myRun,input.KAUSTExpRrnk,0.84691
input.myrun2,input.KAUSTExpRrnk,0.22552
input.myrun3,input.KAUSTExpRrnk,0.23264
input.Nestor,input.KAUSTExpRrnk,0.28143
input.NestorS,input.KAUSTExpRrnk,0.23129
input.normal,input.KAUSTExpRrnk,0.77432
input.nQCRIwoTag,input.KAUSTExpRrnk,0.20171
input.nQCRIwTag,input.KAUSTExpRrnk,0.28591
input.omarRun,input.KAUSTExpRrnk,0.04049
input.PKUICST,input.KAUSTExpRrnk,0.00000
input.PKUICST2,input.KAUSTExpRrnk,0.01729
input.PKUICST3,input.KAUSTExpRrnk,0.00000
input.PKUICST4,input.KAUSTExpRrnk,0.00000
input.PL2Bo1SDExt,input.KAUSTExpRrnk,0.00000
input.PL2NoQENoDM,input.KAUSTExpRrnk,0.51794
input.PL2NoQeSd,input.KAUSTExpRrnk,0.42910
input.PL2NoQeSdExt,input.KAUSTExpRrnk,0.00000
input.PRISrun1,input.KAUSTExpRrnk,0.00000
input.PRISrun2,input.KAUSTExpRrnk,0.00000
input.PRISrun3,input.KAUSTExpRrnk,0.00000
input.PRISrun4,input.KAUSTExpRrnk,0.00003
input.QCRIwoTagOrg,input.KAUSTExpRrnk,0.20171
input.QCRIwTagOrg,input.KAUSTExpRrnk,0.28591
input.qHtagBaseRun,input.KAUSTExpRrnk,0.00505
input.qRefLThresh,input.KAUSTExpRrnk,0.20507
input.refBalRun,input.KAUSTExpRrnk,0.33199
input.refRelRun,input.KAUSTExpRrnk,0.87243
input.relevanceRun,input.KAUSTExpRrnk,0.64936
input.RFD,input.KAUSTExpRrnk,0.18137
input.ri,input.KAUSTExpRrnk,0.01545
input.rit,input.KAUSTExpRrnk,0.22208
input.rit3,input.KAUSTExpRrnk,0.79636
input.RMITAR,input.KAUSTExpRrnk,0.00374
input.RMITM,input.KAUSTExpRrnk,0.01052
input.RMITMR,input.KAUSTExpRrnk,0.00649
input.RMITMRR,input.KAUSTExpRrnk,0.10593
input.Rocchio,input.KAUSTExpRrnk,0.22351
input.RTB,input.KAUSTExpRrnk,0.00000
input.run1,input.KAUSTExpRrnk,0.97632
input.run1a,input.KAUSTExpRrnk,0.00000
input.run1fix,input.KAUSTExpRrnk,0.00805
input.run2,input.KAUSTExpRrnk,0.00001
input.run2a,input.KAUSTExpRrnk,0.00000
input.run3,input.KAUSTExpRrnk,0.00000
input.run3a,input.KAUSTExpRrnk,0.00013
input.run4,input.KAUSTExpRrnk,0.00000
input.run4a,input.KAUSTExpRrnk,0.00009
input.RunAll,input.KAUSTExpRrnk,0.12310
input.RunFut,input.KAUSTExpRrnk,0.11772
input.runNeMIS,input.KAUSTExpRrnk,0.00163
input.runNeMISext,input.KAUSTExpRrnk,0.00496
input.RunPure,input.KAUSTExpRrnk,0.16034
input.scurtuRun1,input.KAUSTExpRrnk,0.03393
input.sielrun1,input.KAUSTExpRrnk,0.00893
input.sielrun2,input.KAUSTExpRrnk,0.04098
input.sielrun3,input.KAUSTExpRrnk,0.09240
input.sielrun4,input.KAUSTExpRrnk,0.03805
input.SienaCL1B,input.KAUSTExpRrnk,0.83835
input.SienaCL31,input.KAUSTExpRrnk,0.89714
input.SienaCL342,input.KAUSTExpRrnk,0.72209
input.SienaCLbase,input.KAUSTExpRrnk,0.33593
input.simfoll,input.KAUSTExpRrnk,0.00097
input.simfollTP01,input.KAUSTExpRrnk,0.02337
input.sylesNoRes,input.KAUSTExpRrnk,0.09434
input.tfTP01,input.KAUSTExpRrnk,0.02649
input.udelIndri,input.KAUSTExpRrnk,0.80125
input.udelLucene,input.KAUSTExpRrnk,0.00000
input.UDMicroComb1,input.KAUSTExpRrnk,0.03972
input.UDMicroComb2,input.KAUSTExpRrnk,0.80416
input.UDMicroIDF,input.KAUSTExpRrnk,0.68767
input.UDMicroIDFD,input.KAUSTExpRrnk,0.26504
input.uicir1,input.KAUSTExpRrnk,0.00175
input.uicir2,input.KAUSTExpRrnk,0.01613
input.UIowaS1,input.KAUSTExpRrnk,0.23704
input.UIowaS2,input.KAUSTExpRrnk,0.36921
input.UIowaS3,input.KAUSTExpRrnk,0.38728
input.UIowaS4,input.KAUSTExpRrnk,0.22041
input.uiucsf,input.KAUSTExpRrnk,0.00000
input.uogTrLqea,input.KAUSTExpRrnk,0.29701
input.uogTrLqeabd,input.KAUSTExpRrnk,0.21207
input.uogTrLqeabdd,input.KAUSTExpRrnk,0.14357
input.uogTrUB2,input.KAUSTExpRrnk,0.05503
input.UTBase,input.KAUSTExpRrnk,0.20281
input.UTBaseRTF,input.KAUSTExpRrnk,0.00000
input.UTWngFuture,input.KAUSTExpRrnk,0.99976
input.UTWngFutureQ,input.KAUSTExpRrnk,0.59455
input.waterlooa1,input.KAUSTExpRrnk,0.55266
input.waterlooa2,input.KAUSTExpRrnk,0.88369
input.waterlooa3,input.KAUSTExpRrnk,0.20483
input.waterlooa4,input.KAUSTExpRrnk,0.42320
input.WESTfilext,input.KAUSTExpRrnk,0.06765
input.WESTfilter,input.KAUSTExpRrnk,0.22524
input.WESTrelint,input.KAUSTExpRrnk,0.00109
input.WESTrlext,input.KAUSTExpRrnk,0.00025
input.Wise2ndRun,input.KAUSTExpRrnk,0.02771
input.WiseFifthRun,input.KAUSTExpRrnk,0.98518
input.WiseFouthRun,input.KAUSTExpRrnk,0.74223
input.WiseThirdRun,input.KAUSTExpRrnk,0.02771
input.ya3,input.KAUSTExpRrnk,0.00132
input.ya4,input.KAUSTExpRrnk,0.00253
input.YNDXTPC1,input.KAUSTExpRrnk,0.00908
input.YNDXTPC2,input.KAUSTExpRrnk,0.01565
input.LJQO10,input.KAUSTRerank,0.06496
input.LJQO5,input.KAUSTRerank,0.79913
input.LMOP10,input.KAUSTRerank,0.43274
input.LMOP5,input.KAUSTRerank,0.00172
input.LThresh,input.KAUSTRerank,0.21297
input.manualWISTUD,input.KAUSTRerank,0.00176
input.melblt,input.KAUSTRerank,0.44073
input.MONASH1NEW,input.KAUSTRerank,0.62408
input.MONASH2NEW,input.KAUSTRerank,0.74141
input.MorpheusRun1,input.KAUSTRerank,0.00000
input.mulnewWISTUD,input.KAUSTRerank,0.02741
input.myRun,input.KAUSTRerank,0.99109
input.myrun2,input.KAUSTRerank,0.30297
input.myrun3,input.KAUSTRerank,0.31169
input.Nestor,input.KAUSTRerank,0.20803
input.NestorS,input.KAUSTRerank,0.16791
input.normal,input.KAUSTRerank,0.63933
input.nQCRIwoTag,input.KAUSTRerank,0.14468
input.nQCRIwTag,input.KAUSTRerank,0.21166
input.omarRun,input.KAUSTRerank,0.02571
input.PKUICST,input.KAUSTRerank,0.00000
input.PKUICST2,input.KAUSTRerank,0.02790
input.PKUICST3,input.KAUSTRerank,0.00000
input.PKUICST4,input.KAUSTRerank,0.00000
input.PL2Bo1SDExt,input.KAUSTRerank,0.00000
input.PL2NoQENoDM,input.KAUSTRerank,0.40743
input.PL2NoQeSd,input.KAUSTRerank,0.33074
input.PL2NoQeSdExt,input.KAUSTRerank,0.00000
input.PRISrun1,input.KAUSTRerank,0.00000
input.PRISrun2,input.KAUSTRerank,0.00000
input.PRISrun3,input.KAUSTRerank,0.00001
input.PRISrun4,input.KAUSTRerank,0.00007
input.QCRIwoTagOrg,input.KAUSTRerank,0.14468
input.QCRIwTagOrg,input.KAUSTRerank,0.21166
input.qHtagBaseRun,input.KAUSTRerank,0.00283
input.qRefLThresh,input.KAUSTRerank,0.14730
input.refBalRun,input.KAUSTRerank,0.24932
input.refRelRun,input.KAUSTRerank,0.73200
input.relevanceRun,input.KAUSTRerank,0.78504
input.RFD,input.KAUSTRerank,0.24824
input.ri,input.KAUSTRerank,0.02511
input.rit,input.KAUSTRerank,0.29875
input.rit3,input.KAUSTRerank,0.65997
input.RMITAR,input.KAUSTRerank,0.00657
input.RMITM,input.KAUSTRerank,0.01749
input.RMITMR,input.KAUSTRerank,0.01109
input.RMITMRR,input.KAUSTRerank,0.15133
input.Rocchio,input.KAUSTRerank,0.30051
input.RTB,input.KAUSTRerank,0.00000
input.run1,input.KAUSTRerank,0.87902
input.run1a,input.KAUSTRerank,0.00000
input.run1fix,input.KAUSTRerank,0.01358
input.run2,input.KAUSTRerank,0.00001
input.run2a,input.KAUSTRerank,0.00000
input.run3,input.KAUSTRerank,0.00000
input.run3a,input.KAUSTRerank,0.00006
input.run4,input.KAUSTRerank,0.00000
input.run4a,input.KAUSTRerank,0.00004
input.RunAll,input.KAUSTRerank,0.08474
input.RunFut,input.KAUSTRerank,0.08075
input.runNeMIS,input.KAUSTRerank,0.00086
input.runNeMISext,input.KAUSTRerank,0.00278
input.RunPure,input.KAUSTRerank,0.11278
input.scurtuRun1,input.KAUSTRerank,0.02129
input.sielrun1,input.KAUSTRerank,0.00517
input.sielrun2,input.KAUSTRerank,0.02604
input.sielrun3,input.KAUSTRerank,0.06221
input.sielrun4,input.KAUSTRerank,0.02406
input.SienaCL1B,input.KAUSTRerank,0.98237
input.SienaCL31,input.KAUSTRerank,0.95803
input.SienaCL342,input.KAUSTRerank,0.86204
input.SienaCLbase,input.KAUSTRerank,0.25257
input.simfoll,input.KAUSTRerank,0.00183
input.simfollTP01,input.KAUSTRerank,0.03703
input.sylesNoRes,input.KAUSTRerank,0.13596
input.tfTP01,input.KAUSTRerank,0.04164
input.udelIndri,input.KAUSTRerank,0.66456
input.udelLucene,input.KAUSTRerank,0.00000
input.UDMicroComb1,input.KAUSTRerank,0.02519
input.UDMicroComb2,input.KAUSTRerank,0.66730
input.UDMicroIDF,input.KAUSTRerank,0.82577
input.UDMicroIDFD,input.KAUSTRerank,0.19482
input.uicir1,input.KAUSTRerank,0.00093
input.uicir2,input.KAUSTRerank,0.00965
input.UIowaS1,input.KAUSTRerank,0.17247
input.UIowaS2,input.KAUSTRerank,0.28021
input.UIowaS3,input.KAUSTRerank,0.29535
input.UIowaS4,input.KAUSTRerank,0.29670
input.uiucsf,input.KAUSTRerank,0.00000
input.uogTrLqea,input.KAUSTRerank,0.22066
input.uogTrLqeabd,input.KAUSTRerank,0.15278
input.uogTrLqeabdd,input.KAUSTRerank,0.10007
input.uogTrUB2,input.KAUSTRerank,0.03568
input.UTBase,input.KAUSTRerank,0.14554
input.UTBaseRTF,input.KAUSTRerank,0.00000
input.UTWngFuture,input.KAUSTRerank,0.85543
input.UTWngFutureQ,input.KAUSTRerank,0.72607
input.waterlooa1,input.KAUSTRerank,0.68043
input.waterlooa2,input.KAUSTRerank,0.97160
input.waterlooa3,input.KAUSTRerank,0.27748
input.waterlooa4,input.KAUSTRerank,0.53593
input.WESTfilext,input.KAUSTRerank,0.04451
input.WESTfilter,input.KAUSTRerank,0.16314
input.WESTrelint,input.KAUSTRerank,0.00057
input.WESTrlext,input.KAUSTRerank,0.00012
input.Wise2ndRun,input.KAUSTRerank,0.04344
input.WiseFifthRun,input.KAUSTRerank,0.84111
input.WiseFouthRun,input.KAUSTRerank,0.88312
input.WiseThirdRun,input.KAUSTRerank,0.04344
input.ya3,input.KAUSTRerank,0.00069
input.ya4,input.KAUSTRerank,0.00137
input.YNDXTPC1,input.KAUSTRerank,0.00526
input.YNDXTPC2,input.KAUSTRerank,0.00935
input.LJQO5,input.LJQO10,0.11159
input.LMOP10,input.LJQO10,0.00854
input.LMOP5,input.LJQO10,0.00000
input.LThresh,input.LJQO10,0.00199
input.manualWISTUD,input.LJQO10,0.19989
input.melblt,input.LJQO10,0.00888
input.MONASH1NEW,input.LJQO10,0.17527
input.MONASH2NEW,input.LJQO10,0.02959
input.MorpheusRun1,input.LJQO10,0.00000
input.mulnewWISTUD,input.LJQO10,0.71882
input.myRun,input.LJQO10,0.06660
input.myrun2,input.LJQO10,0.41481
input.myrun3,input.LJQO10,0.40436
input.Nestor,input.LJQO10,0.00191
input.NestorS,input.LJQO10,0.00126
input.normal,input.LJQO10,0.02066
input.nQCRIwoTag,input.LJQO10,0.00095
input.nQCRIwTag,input.LJQO10,0.00197
input.omarRun,input.LJQO10,0.00005
input.PKUICST,input.LJQO10,0.00535
input.PKUICST2,input.LJQO10,0.72401
input.PKUICST3,input.LJQO10,0.00007
input.PKUICST4,input.LJQO10,0.00000
input.PL2Bo1SDExt,input.LJQO10,0.00000
input.PL2NoQENoDM,input.LJQO10,0.00750
input.PL2NoQeSd,input.LJQO10,0.00483
input.PL2NoQeSdExt,input.LJQO10,0.00000
input.PRISrun1,input.LJQO10,0.00230
input.PRISrun2,input.LJQO10,0.00000
input.PRISrun3,input.LJQO10,0.00721
input.PRISrun4,input.LJQO10,0.03252
input.QCRIwoTagOrg,input.LJQO10,0.00095
input.QCRIwTagOrg,input.LJQO10,0.00197
input.qHtagBaseRun,input.LJQO10,0.00000
input.qRefLThresh,input.LJQO10,0.00099
input.refBalRun,input.LJQO10,0.00272
input.refRelRun,input.LJQO10,0.02867
input.relevanceRun,input.LJQO10,0.11577
input.RFD,input.LJQO10,0.48962
input.ri,input.LJQO10,0.69348
input.rit,input.LJQO10,0.41999
input.rit3,input.LJQO10,0.02228
input.RMITAR,input.LJQO10,0.38313
input.RMITM,input.LJQO10,0.59563
input.RMITMR,input.LJQO10,0.48752
input.RMITMRR,input.LJQO10,0.68130
input.Rocchio,input.LJQO10,0.41782
input.RTB,input.LJQO10,0.00000
input.run1,input.LJQO10,0.04574
input.run1a,input.LJQO10,0.00000
input.run1fix,input.LJQO10,0.53357
input.run2,input.LJQO10,0.01155
input.run2a,input.LJQO10,0.00000
input.run3,input.LJQO10,0.00015
input.run3a,input.LJQO10,0.00000
input.run4,input.LJQO10,0.00336
input.run4a,input.LJQO10,0.00000
input.RunAll,input.LJQO10,0.00036
input.RunFut,input.LJQO10,0.00033
input.runNeMIS,input.LJQO10,0.00000
input.runNeMISext,input.LJQO10,0.00000
input.RunPure,input.LJQO10,0.00060
input.scurtuRun1,input.LJQO10,0.00003
input.sielrun1,input.LJQO10,0.00000
input.sielrun2,input.LJQO10,0.00005
input.sielrun3,input.LJQO10,0.00021
input.sielrun4,input.LJQO10,0.00004
input.SienaCL1B,input.LJQO10,0.06824
input.SienaCL31,input.LJQO10,0.05767
input.SienaCL342,input.LJQO10,0.09457
input.SienaCLbase,input.LJQO10,0.00279
input.simfoll,input.LJQO10,0.20371
input.simfollTP01,input.LJQO10,0.81041
input.sylesNoRes,input.LJQO10,0.72294
input.tfTP01,input.LJQO10,0.84812
input.udelIndri,input.LJQO10,0.02266
input.udelLucene,input.LJQO10,0.00000
input.UDMicroComb1,input.LJQO10,0.00004
input.UDMicroComb2,input.LJQO10,0.02288
input.UDMicroIDF,input.LJQO10,0.10407
input.UDMicroIDFD,input.LJQO10,0.00168
input.uicir1,input.LJQO10,0.00000
input.uicir2,input.LJQO10,0.00001
input.UIowaS1,input.LJQO10,0.00133
input.UIowaS2,input.LJQO10,0.00344
input.UIowaS3,input.LJQO10,0.00383
input.UIowaS4,input.LJQO10,0.42254
input.uiucsf,input.LJQO10,0.00000
input.uogTrLqea,input.LJQO10,0.00214
input.uogTrLqeabd,input.LJQO10,0.00106
input.uogTrLqeabdd,input.LJQO10,0.00048
input.uogTrUB2,input.LJQO10,0.00008
input.UTBase,input.LJQO10,0.00096
input.UTBaseRTF,input.LJQO10,0.00000
input.UTWngFuture,input.LJQO10,0.04259
input.UTWngFutureQ,input.LJQO10,0.13486
input.waterlooa1,input.LJQO10,0.15167
input.waterlooa2,input.LJQO10,0.05995
input.waterlooa3,input.LJQO10,0.44753
input.waterlooa4,input.LJQO10,0.21999
input.WESTfilext,input.LJQO10,0.00012
input.WESTfilter,input.LJQO10,0.00119
input.WESTrelint,input.LJQO10,0.00000
input.WESTrlext,input.LJQO10,0.00000
input.Wise2ndRun,input.LJQO10,0.86190
input.WiseFifthRun,input.LJQO10,0.04075
input.WiseFouthRun,input.LJQO10,0.08941
input.WiseThirdRun,input.LJQO10,0.86190
input.ya3,input.LJQO10,0.00000
input.ya4,input.LJQO10,0.00000
input.YNDXTPC1,input.LJQO10,0.00000
input.YNDXTPC2,input.LJQO10,0.00001
input.LMOP10,input.LJQO5,0.29881
input.LMOP5,input.LJQO5,0.00070
input.LThresh,input.LJQO5,0.13364
input.manualWISTUD,input.LJQO5,0.00407
input.melblt,input.LJQO5,0.30516
input.MONASH1NEW,input.LJQO5,0.81374
input.MONASH2NEW,input.LJQO5,0.55891
input.MorpheusRun1,input.LJQO5,0.00000
input.mulnewWISTUD,input.LJQO5,0.05104
input.myRun,input.LJQO5,0.80777
input.myrun2,input.LJQO5,0.43798
input.myrun3,input.LJQO5,0.44892
input.Nestor,input.LJQO5,0.13016
input.NestorS,input.LJQO5,0.10238
input.normal,input.LJQO5,0.46961
input.nQCRIwoTag,input.LJQO5,0.08670
input.nQCRIwTag,input.LJQO5,0.13271
input.omarRun,input.LJQO5,0.01295
input.PKUICST,input.LJQO5,0.00001
input.PKUICST2,input.LJQO5,0.05187
input.PKUICST3,input.LJQO5,0.00000
input.PKUICST4,input.LJQO5,0.00000
input.PL2Bo1SDExt,input.LJQO5,0.00000
input.PL2NoQENoDM,input.LJQO5,0.27885
input.PL2NoQeSd,input.LJQO5,0.21978
input.PL2NoQeSdExt,input.LJQO5,0.00000
input.PRISrun1,input.LJQO5,0.00000
input.PRISrun2,input.LJQO5,0.00000
input.PRISrun3,input.LJQO5,0.00002
input.PRISrun4,input.LJQO5,0.00019
input.QCRIwoTagOrg,input.LJQO5,0.08670
input.QCRIwTagOrg,input.LJQO5,0.13271
input.qHtagBaseRun,input.LJQO5,0.00119
input.qRefLThresh,input.LJQO5,0.08845
input.refBalRun,input.LJQO5,0.15958
input.refRelRun,input.LJQO5,0.55055
input.relevanceRun,input.LJQO5,0.98542
input.RFD,input.LJQO5,0.36803
input.ri,input.LJQO5,0.04712
input.rit,input.LJQO5,0.43267
input.rit3,input.LJQO5,0.48741
input.RMITAR,input.LJQO5,0.01377
input.RMITM,input.LJQO5,0.03386
input.RMITMR,input.LJQO5,0.02229
input.RMITMRR,input.LJQO5,0.23785
input.Rocchio,input.LJQO5,0.43488
input.RTB,input.LJQO5,0.00000
input.run1,input.LJQO5,0.68424
input.run1a,input.LJQO5,0.00000
input.run1fix,input.LJQO5,0.02685
input.run2,input.LJQO5,0.00004
input.run2a,input.LJQO5,0.00000
input.run3,input.LJQO5,0.00000
input.run3a,input.LJQO5,0.00002
input.run4,input.LJQO5,0.00001
input.run4a,input.LJQO5,0.00001
input.RunAll,input.LJQO5,0.04790
input.RunFut,input.LJQO5,0.04541
input.runNeMIS,input.LJQO5,0.00034
input.runNeMISext,input.LJQO5,0.00117
input.RunPure,input.LJQO5,0.06573
input.scurtuRun1,input.LJQO5,0.01055
input.sielrun1,input.LJQO5,0.00228
input.sielrun2,input.LJQO5,0.01314
input.sielrun3,input.LJQO5,0.03407
input.sielrun4,input.LJQO5,0.01205
input.SienaCL1B,input.LJQO5,0.81625
input.SienaCL31,input.LJQO5,0.75876
input.SienaCL342,input.LJQO5,0.93568
input.SienaCLbase,input.LJQO5,0.16193
input.simfoll,input.LJQO5,0.00421
input.simfollTP01,input.LJQO5,0.06710
input.sylesNoRes,input.LJQO5,0.21626
input.tfTP01,input.LJQO5,0.07465
input.udelIndri,input.LJQO5,0.49139
input.udelLucene,input.LJQO5,0.00000
input.UDMicroComb1,input.LJQO5,0.01267
input.UDMicroComb2,input.LJQO5,0.49376
input.UDMicroIDF,input.LJQO5,0.97260
input.UDMicroIDFD,input.LJQO5,0.12092
input.uicir1,input.LJQO5,0.00036
input.uicir2,input.LJQO5,0.00448
input.UIowaS1,input.LJQO5,0.10549
input.UIowaS2,input.LJQO5,0.18210
input.UIowaS3,input.LJQO5,0.19328
input.UIowaS4,input.LJQO5,0.43008
input.uiucsf,input.LJQO5,0.00000
input.uogTrLqea,input.LJQO5,0.13907
input.uogTrLqeabd,input.LJQO5,0.09213
input.uogTrLqeabdd,input.LJQO5,0.05756
input.uogTrUB2,input.LJQO5,0.01852
input.UTBase,input.LJQO5,0.08728
input.UTBaseRTF,input.LJQO5,0.00000
input.UTWngFuture,input.LJQO5,0.66235
input.UTWngFutureQ,input.LJQO5,0.92362
input.waterlooa1,input.LJQO5,0.87493
input.waterlooa2,input.LJQO5,0.77176
input.waterlooa3,input.LJQO5,0.40568
input.waterlooa4,input.LJQO5,0.71548
input.WESTfilext,input.LJQO5,0.02359
input.WESTfilter,input.LJQO5,0.09913
input.WESTrelint,input.LJQO5,0.00021
input.WESTrlext,input.LJQO5,0.00004
input.Wise2ndRun,input.LJQO5,0.07756
input.WiseFifthRun,input.LJQO5,0.64914
input.WiseFouthRun,input.LJQO5,0.91442
input.WiseThirdRun,input.LJQO5,0.07756
input.ya3,input.LJQO5,0.00026
input.ya4,input.LJQO5,0.00055
input.YNDXTPC1,input.LJQO5,0.00233
input.YNDXTPC2,input.LJQO5,0.00433
input.LMOP5,input.LMOP10,0.01874
input.LThresh,input.LMOP10,0.64485
input.manualWISTUD,input.LMOP10,0.00009
input.melblt,input.LMOP10,0.98918
input.MONASH1NEW,input.LMOP10,0.20245
input.MONASH2NEW,input.LMOP10,0.64945
input.MorpheusRun1,input.LMOP10,0.00000
input.mulnewWISTUD,input.LMOP10,0.00279
input.myRun,input.LMOP10,0.42621
input.myrun2,input.LMOP10,0.06958
input.myrun3,input.LMOP10,0.07246
input.Nestor,input.LMOP10,0.63515
input.NestorS,input.LMOP10,0.55222
input.normal,input.LMOP10,0.75209
input.nQCRIwoTag,input.LMOP10,0.50027
input.nQCRIwTag,input.LMOP10,0.64228
input.omarRun,input.LMOP10,0.14815
input.PKUICST,input.LMOP10,0.00000
input.PKUICST2,input.LMOP10,0.00285
input.PKUICST3,input.LMOP10,0.00000
input.PKUICST4,input.LMOP10,0.00000
input.PL2Bo1SDExt,input.LMOP10,0.00000
input.PL2NoQENoDM,input.LMOP10,0.96498
input.PL2NoQeSd,input.LMOP10,0.85079
input.PL2NoQeSdExt,input.LMOP10,0.00000
input.PRISrun1,input.LMOP10,0.00000
input.PRISrun2,input.LMOP10,0.00000
input.PRISrun3,input.LMOP10,0.00000
input.PRISrun4,input.LMOP10,0.00000
input.QCRIwoTagOrg,input.LMOP10,0.50027
input.QCRIwTagOrg,input.LMOP10,0.64228
input.qHtagBaseRun,input.LMOP10,0.02770
input.qRefLThresh,input.LMOP10,0.50629
input.refBalRun,input.LMOP10,0.71325
input.refRelRun,input.LMOP10,0.65845
input.relevanceRun,input.LMOP10,0.29039
input.RFD,input.LMOP10,0.05248
input.ri,input.LMOP10,0.00249
input.rit,input.LMOP10,0.06821
input.rit3,input.LMOP10,0.73043
input.RMITAR,input.LMOP10,0.00046
input.RMITM,input.LMOP10,0.00157
input.RMITMR,input.LMOP10,0.00089
input.RMITMRR,input.LMOP10,0.02646
input.Rocchio,input.LMOP10,0.06878
input.RTB,input.LMOP10,0.00000
input.run1,input.LMOP10,0.52719
input.run1a,input.LMOP10,0.00000
input.run1fix,input.LMOP10,0.00114
input.run2,input.LMOP10,0.00000
input.run2a,input.LMOP10,0.00003
input.run3,input.LMOP10,0.00000
input.run3a,input.LMOP10,0.00129
input.run4,input.LMOP10,0.00000
input.run4a,input.LMOP10,0.00093
input.RunAll,input.LMOP10,0.34758
input.RunFut,input.LMOP10,0.33614
input.runNeMIS,input.LMOP10,0.01085
input.runNeMISext,input.LMOP10,0.02733
input.RunPure,input.LMOP10,0.42296
input.scurtuRun1,input.LMOP10,0.12895
input.sielrun1,input.LMOP10,0.04422
input.sielrun2,input.LMOP10,0.14956
input.sielrun3,input.LMOP10,0.28002
input.sielrun4,input.LMOP10,0.14111
input.SienaCL1B,input.LMOP10,0.41989
input.SienaCL31,input.LMOP10,0.46424
input.SienaCL342,input.LMOP10,0.33792
input.SienaCLbase,input.LMOP10,0.71914
input.simfoll,input.LMOP10,0.00010
input.simfollTP01,input.LMOP10,0.00411
input.sylesNoRes,input.LMOP10,0.02287
input.tfTP01,input.LMOP10,0.00478
input.udelIndri,input.LMOP10,0.72567
input.udelLucene,input.LMOP10,0.00000
input.UDMicroComb1,input.LMOP10,0.14594
input.UDMicroComb2,input.LMOP10,0.72285
input.UDMicroIDF,input.LMOP10,0.31507
input.UDMicroIDFD,input.LMOP10,0.60869
input.uicir1,input.LMOP10,0.01150
input.uicir2,input.LMOP10,0.07132
input.UIowaS1,input.LMOP10,0.56205
input.UIowaS2,input.LMOP10,0.76774
input.UIowaS3,input.LMOP10,0.79337
input.UIowaS4,input.LMOP10,0.06754
input.uiucsf,input.LMOP10,0.00000
input.uogTrLqea,input.LMOP10,0.65975
input.uogTrLqeabd,input.LMOP10,0.51875
input.uogTrLqeabdd,input.LMOP10,0.38978
input.uogTrUB2,input.LMOP10,0.18818
input.UTBase,input.LMOP10,0.50225
input.UTBaseRTF,input.LMOP10,0.00000
input.UTWngFuture,input.LMOP10,0.54696
input.UTWngFutureQ,input.LMOP10,0.25643
input.waterlooa1,input.LMOP10,0.23154
input.waterlooa2,input.LMOP10,0.45391
input.waterlooa3,input.LMOP10,0.06141
input.waterlooa4,input.LMOP10,0.16047
input.WESTfilext,input.LMOP10,0.22068
input.WESTfilter,input.LMOP10,0.54181
input.WESTrelint,input.LMOP10,0.00775
input.WESTrlext,input.LMOP10,0.00223
input.Wise2ndRun,input.LMOP10,0.00505
input.WiseFifthRun,input.LMOP10,0.55919
input.WiseFouthRun,input.LMOP10,0.35158
input.WiseThirdRun,input.LMOP10,0.00505
input.ya3,input.LMOP10,0.00909
input.ya4,input.LMOP10,0.01563
input.YNDXTPC1,input.LMOP10,0.04483
input.YNDXTPC2,input.LMOP10,0.06962
input.LThresh,input.LMOP5,0.05878
input.manualWISTUD,input.LMOP5,0.00000
input.melblt,input.LMOP5,0.01806
input.MONASH1NEW,input.LMOP5,0.00029
input.MONASH2NEW,input.LMOP5,0.00503
input.MorpheusRun1,input.LMOP5,0.00018
input.mulnewWISTUD,input.LMOP5,0.00000
input.myRun,input.LMOP5,0.00165
input.myrun2,input.LMOP5,0.00003
input.myrun3,input.LMOP5,0.00003
input.Nestor,input.LMOP5,0.06062
input.NestorS,input.LMOP5,0.07904
input.normal,input.LMOP5,0.00766
input.nQCRIwoTag,input.LMOP5,0.09361
input.nQCRIwTag,input.LMOP5,0.05926
input.omarRun,input.LMOP5,0.36565
input.PKUICST,input.LMOP5,0.00000
input.PKUICST2,input.LMOP5,0.00000
input.PKUICST3,input.LMOP5,0.00000
input.PKUICST4,input.LMOP5,0.00000
input.PL2Bo1SDExt,input.LMOP5,0.00002
input.PL2NoQENoDM,input.LMOP5,0.02106
input.PL2NoQeSd,input.LMOP5,0.03057
input.PL2NoQeSdExt,input.LMOP5,0.00002
input.PRISrun1,input.LMOP5,0.00000
input.PRISrun2,input.LMOP5,0.00000
input.PRISrun3,input.LMOP5,0.00000
input.PRISrun4,input.LMOP5,0.00000
input.QCRIwoTagOrg,input.LMOP5,0.09361
input.QCRIwTagOrg,input.LMOP5,0.05926
input.qHtagBaseRun,input.LMOP5,0.88138
input.qRefLThresh,input.LMOP5,0.09177
input.refBalRun,input.LMOP5,0.04734
input.refRelRun,input.LMOP5,0.00523
input.relevanceRun,input.LMOP5,0.00065
input.RFD,input.LMOP5,0.00002
input.ri,input.LMOP5,0.00000
input.rit,input.LMOP5,0.00003
input.rit3,input.LMOP5,0.00703
input.RMITAR,input.LMOP5,0.00000
input.RMITM,input.LMOP5,0.00000
input.RMITMR,input.LMOP5,0.00000
input.RMITMRR,input.LMOP5,0.00000
input.Rocchio,input.LMOP5,0.00003
input.RTB,input.LMOP5,0.00000
input.run1,input.LMOP5,0.00285
input.run1a,input.LMOP5,0.01996
input.run1fix,input.LMOP5,0.00000
input.run2,input.LMOP5,0.00000
input.run2a,input.LMOP5,0.06347
input.run3,input.LMOP5,0.00000
input.run3a,input.LMOP5,0.38607
input.run4,input.LMOP5,0.00000
input.run4a,input.LMOP5,0.33696
input.RunAll,input.LMOP5,0.15811
input.RunFut,input.LMOP5,0.16486
input.runNeMIS,input.LMOP5,0.84396
input.runNeMISext,input.LMOP5,0.88558
input.RunPure,input.LMOP5,0.12128
input.scurtuRun1,input.LMOP5,0.40514
input.sielrun1,input.LMOP5,0.73479
input.sielrun2,input.LMOP5,0.36300
input.sielrun3,input.LMOP5,0.20392
input.sielrun4,input.LMOP5,0.37936
input.SienaCL1B,input.LMOP5,0.00159
input.SienaCL31,input.LMOP5,0.00205
input.SienaCL342,input.LMOP5,0.00094
input.SienaCLbase,input.LMOP5,0.04647
input.simfoll,input.LMOP5,0.00000
input.simfollTP01,input.LMOP5,0.00000
input.sylesNoRes,input.LMOP5,0.00000
input.tfTP01,input.LMOP5,0.00000
input.udelIndri,input.LMOP5,0.00690
input.udelLucene,input.LMOP5,0.00117
input.UDMicroComb1,input.LMOP5,0.36988
input.UDMicroComb2,input.LMOP5,0.00682
input.UDMicroIDF,input.LMOP5,0.00079
input.UDMicroIDFD,input.LMOP5,0.06594
input.uicir1,input.LMOP5,0.85989
input.uicir2,input.LMOP5,0.58417
input.UIowaS1,input.LMOP5,0.07657
input.UIowaS2,input.LMOP5,0.03984
input.UIowaS3,input.LMOP5,0.03673
input.UIowaS4,input.LMOP5,0.00003
input.uiucsf,input.LMOP5,0.00000
input.uogTrLqea,input.LMOP5,0.05607
input.uogTrLqeabd,input.LMOP5,0.08811
input.uogTrLqeabdd,input.LMOP5,0.13604
input.uogTrUB2,input.LMOP5,0.30079
input.UTBase,input.LMOP5,0.09300
input.UTBaseRTF,input.LMOP5,0.00006
input.UTWngFuture,input.LMOP5,0.00315
input.UTWngFutureQ,input.LMOP5,0.00049
input.waterlooa1,input.LMOP5,0.00039
input.waterlooa2,input.LMOP5,0.00194
input.waterlooa3,input.LMOP5,0.00002
input.waterlooa4,input.LMOP5,0.00017
input.WESTfilext,input.LMOP5,0.26015
input.WESTfilter,input.LMOP5,0.08174
input.WESTrelint,input.LMOP5,0.75518
input.WESTrlext,input.LMOP5,0.47954
input.Wise2ndRun,input.LMOP5,0.00000
input.WiseFifthRun,input.LMOP5,0.00334
input.WiseFouthRun,input.LMOP5,0.00103
input.WiseThirdRun,input.LMOP5,0.00000
input.ya3,input.LMOP5,0.79659
input.ya4,input.LMOP5,0.94685
input.YNDXTPC1,input.LMOP5,0.73047
input.YNDXTPC2,input.LMOP5,0.59170
input.manualWISTUD,input.LThresh,0.00001
input.melblt,input.LThresh,0.63515
input.MONASH1NEW,input.LThresh,0.08265
input.MONASH2NEW,input.LThresh,0.35995
input.MorpheusRun1,input.LThresh,0.00000
input.mulnewWISTUD,input.LThresh,0.00056
input.myRun,input.LThresh,0.20889
input.myrun2,input.LThresh,0.02287
input.myrun3,input.LThresh,0.02400
input.Nestor,input.LThresh,0.98918
input.NestorS,input.LThresh,0.89379
input.normal,input.LThresh,0.43727
input.nQCRIwoTag,input.LThresh,0.83122
input.nQCRIwTag,input.LThresh,0.99714
input.omarRun,input.LThresh,0.32454
input.PKUICST,input.LThresh,0.00000
input.PKUICST2,input.LThresh,0.00057
input.PKUICST3,input.LThresh,0.00000
input.PKUICST4,input.LThresh,0.00000
input.PL2Bo1SDExt,input.LThresh,0.00000
input.PL2NoQENoDM,input.LThresh,0.67667
input.PL2NoQeSd,input.LThresh,0.78500
input.PL2NoQeSdExt,input.LThresh,0.00000
input.PRISrun1,input.LThresh,0.00000
input.PRISrun2,input.LThresh,0.00000
input.PRISrun3,input.LThresh,0.00000
input.PRISrun4,input.LThresh,0.00000
input.QCRIwoTagOrg,input.LThresh,0.83122
input.QCRIwTagOrg,input.LThresh,0.99714
input.qHtagBaseRun,input.LThresh,0.08176
input.qRefLThresh,input.LThresh,0.83859
input.refBalRun,input.LThresh,0.92556
input.refRelRun,input.LThresh,0.36654
input.relevanceRun,input.LThresh,0.12897
input.RFD,input.LThresh,0.01639
input.ri,input.LThresh,0.00049
input.rit,input.LThresh,0.02234
input.rit3,input.LThresh,0.42054
input.RMITAR,input.LThresh,0.00007
input.RMITM,input.LThresh,0.00029
input.RMITMR,input.LThresh,0.00015
input.RMITMRR,input.LThresh,0.00736
input.Rocchio,input.LThresh,0.02256
input.RTB,input.LThresh,0.00000
input.run1,input.LThresh,0.27429
input.run1a,input.LThresh,0.00002
input.run1fix,input.LThresh,0.00020
input.run2,input.LThresh,0.00000
input.run2a,input.LThresh,0.00018
input.run3,input.LThresh,0.00000
input.run3a,input.LThresh,0.00584
input.run4,input.LThresh,0.00000
input.run4a,input.LThresh,0.00437
input.RunAll,input.LThresh,0.63239
input.RunFut,input.LThresh,0.61645
input.runNeMIS,input.LThresh,0.03692
input.runNeMISext,input.LThresh,0.08083
input.RunPure,input.LThresh,0.73357
input.scurtuRun1,input.LThresh,0.29036
input.sielrun1,input.LThresh,0.12089
input.sielrun2,input.LThresh,0.32701
input.sielrun3,input.LThresh,0.53569
input.sielrun4,input.LThresh,0.31214
input.SienaCL1B,input.LThresh,0.20496
input.SienaCL31,input.LThresh,0.23294
input.SienaCL342,input.LThresh,0.15584
input.SienaCLbase,input.LThresh,0.91930
input.simfoll,input.LThresh,0.00001
input.simfollTP01,input.LThresh,0.00087
input.sylesNoRes,input.LThresh,0.00621
input.tfTP01,input.LThresh,0.00103
input.udelIndri,input.LThresh,0.41690
input.udelLucene,input.LThresh,0.00000
input.UDMicroComb1,input.LThresh,0.32065
input.UDMicroComb2,input.LThresh,0.41474
input.UDMicroIDF,input.LThresh,0.14277
input.UDMicroIDFD,input.LThresh,0.95931
input.uicir1,input.LThresh,0.03880
input.uicir2,input.LThresh,0.17943
input.UIowaS1,input.LThresh,0.90537
input.UIowaS2,input.LThresh,0.86848
input.UIowaS3,input.LThresh,0.84228
input.UIowaS4,input.LThresh,0.02208
input.uiucsf,input.LThresh,0.00000
input.uogTrLqea,input.LThresh,0.98351
input.uogTrLqeabd,input.LThresh,0.85374
input.uogTrLqeabdd,input.LThresh,0.68982
input.uogTrUB2,input.LThresh,0.39252
input.UTBase,input.LThresh,0.83364
input.UTBaseRTF,input.LThresh,0.00000
input.UTWngFuture,input.LThresh,0.28767
input.UTWngFutureQ,input.LThresh,0.11054
input.waterlooa1,input.LThresh,0.09745
input.waterlooa2,input.LThresh,0.22634
input.waterlooa3,input.LThresh,0.01973
input.waterlooa4,input.LThresh,0.06226
input.WESTfilext,input.LThresh,0.44499
input.WESTfilter,input.LThresh,0.88143
input.WESTrelint,input.LThresh,0.02769
input.WESTrlext,input.LThresh,0.00941
input.Wise2ndRun,input.LThresh,0.00109
input.WiseFifthRun,input.LThresh,0.29604
input.WiseFouthRun,input.LThresh,0.16379
input.WiseThirdRun,input.LThresh,0.00109
input.ya3,input.LThresh,0.03175
input.ya4,input.LThresh,0.05041
input.YNDXTPC1,input.LThresh,0.12227
input.YNDXTPC2,input.LThresh,0.17591
input.melblt,input.manualWISTUD,0.00010
input.MONASH1NEW,input.manualWISTUD,0.00836
input.MONASH2NEW,input.manualWISTUD,0.00055
input.MorpheusRun1,input.manualWISTUD,0.00000
input.mulnewWISTUD,input.manualWISTUD,0.35661
input.myRun,input.manualWISTUD,0.00183
input.myrun2,input.manualWISTUD,0.03596
input.myrun3,input.manualWISTUD,0.03437
input.Nestor,input.manualWISTUD,0.00001
input.NestorS,input.manualWISTUD,0.00001
input.normal,input.manualWISTUD,0.00032
input.nQCRIwoTag,input.manualWISTUD,0.00000
input.nQCRIwTag,input.manualWISTUD,0.00001
input.omarRun,input.manualWISTUD,0.00000
input.PKUICST,input.manualWISTUD,0.13280
input.PKUICST2,input.manualWISTUD,0.35300
input.PKUICST3,input.manualWISTUD,0.00686
input.PKUICST4,input.manualWISTUD,0.00000
input.PL2Bo1SDExt,input.manualWISTUD,0.00000
input.PL2NoQENoDM,input.manualWISTUD,0.00008
input.PL2NoQeSd,input.manualWISTUD,0.00004
input.PL2NoQeSdExt,input.manualWISTUD,0.00000
input.PRISrun1,input.manualWISTUD,0.07729
input.PRISrun2,input.manualWISTUD,0.00000
input.PRISrun3,input.manualWISTUD,0.15995
input.PRISrun4,input.manualWISTUD,0.39195
input.QCRIwoTagOrg,input.manualWISTUD,0.00000
input.QCRIwTagOrg,input.manualWISTUD,0.00001
input.qHtagBaseRun,input.manualWISTUD,0.00000
input.qRefLThresh,input.manualWISTUD,0.00000
input.refBalRun,input.manualWISTUD,0.00002
input.refRelRun,input.manualWISTUD,0.00052
input.relevanceRun,input.manualWISTUD,0.00431
input.RFD,input.manualWISTUD,0.04852
input.ri,input.manualWISTUD,0.37468
input.rit,input.manualWISTUD,0.03677
input.rit3,input.manualWISTUD,0.00036
input.RMITAR,input.manualWISTUD,0.68200
input.RMITM,input.manualWISTUD,0.45254
input.RMITMR,input.manualWISTUD,0.55678
input.RMITMRR,input.manualWISTUD,0.09054
input.Rocchio,input.manualWISTUD,0.03643
input.RTB,input.manualWISTUD,0.00000
input.run1,input.manualWISTUD,0.00104
input.run1a,input.manualWISTUD,0.00000
input.run1fix,input.manualWISTUD,0.50970
input.run2,input.manualWISTUD,0.21356
input.run2a,input.manualWISTUD,0.00000
input.run3,input.manualWISTUD,0.01232
input.run3a,input.manualWISTUD,0.00000
input.run4,input.manualWISTUD,0.09880
input.run4a,input.manualWISTUD,0.00000
input.RunAll,input.manualWISTUD,0.00000
input.RunFut,input.manualWISTUD,0.00000
input.runNeMIS,input.manualWISTUD,0.00000
input.runNeMISext,input.manualWISTUD,0.00000
input.RunPure,input.manualWISTUD,0.00000
input.scurtuRun1,input.manualWISTUD,0.00000
input.sielrun1,input.manualWISTUD,0.00000
input.sielrun2,input.manualWISTUD,0.00000
input.sielrun3,input.manualWISTUD,0.00000
input.sielrun4,input.manualWISTUD,0.00000
input.SienaCL1B,input.manualWISTUD,0.00190
input.SienaCL31,input.manualWISTUD,0.00147
input.SienaCL342,input.manualWISTUD,0.00314
input.SienaCLbase,input.manualWISTUD,0.00002
input.simfoll,input.manualWISTUD,0.99137
input.simfollTP01,input.manualWISTUD,0.29742
input.sylesNoRes,input.manualWISTUD,0.10175
input.tfTP01,input.manualWISTUD,0.27555
input.udelIndri,input.manualWISTUD,0.00037
input.udelLucene,input.manualWISTUD,0.00000
input.UDMicroComb1,input.manualWISTUD,0.00000
input.UDMicroComb2,input.manualWISTUD,0.00037
input.UDMicroIDF,input.manualWISTUD,0.00365
input.UDMicroIDFD,input.manualWISTUD,0.00001
input.uicir1,input.manualWISTUD,0.00000
input.uicir2,input.manualWISTUD,0.00000
input.UIowaS1,input.manualWISTUD,0.00001
input.UIowaS2,input.manualWISTUD,0.00003
input.UIowaS3,input.manualWISTUD,0.00003
input.UIowaS4,input.manualWISTUD,0.03717
input.uiucsf,input.manualWISTUD,0.00000
input.uogTrLqea,input.manualWISTUD,0.00001
input.uogTrLqeabd,input.manualWISTUD,0.00001
input.uogTrLqeabdd,input.manualWISTUD,0.00000
input.uogTrUB2,input.manualWISTUD,0.00000
input.UTBase,input.manualWISTUD,0.00000
input.UTBaseRTF,input.manualWISTUD,0.00000
input.UTWngFuture,input.manualWISTUD,0.00093
input.UTWngFutureQ,input.manualWISTUD,0.00549
input.waterlooa1,input.manualWISTUD,0.00662
input.waterlooa2,input.manualWISTUD,0.00156
input.waterlooa3,input.manualWISTUD,0.04121
input.waterlooa4,input.manualWISTUD,0.01213
input.WESTfilext,input.manualWISTUD,0.00000
input.WESTfilter,input.manualWISTUD,0.00001
input.WESTrelint,input.manualWISTUD,0.00000
input.WESTrlext,input.manualWISTUD,0.00000
input.Wise2ndRun,input.manualWISTUD,0.26789
input.WiseFifthRun,input.manualWISTUD,0.00088
input.WiseFouthRun,input.manualWISTUD,0.00288
input.WiseThirdRun,input.manualWISTUD,0.26789
input.ya3,input.manualWISTUD,0.00000
input.ya4,input.manualWISTUD,0.00000
input.YNDXTPC1,input.manualWISTUD,0.00000
input.YNDXTPC2,input.manualWISTUD,0.00000
input.MONASH1NEW,input.melblt,0.20730
input.MONASH2NEW,input.melblt,0.65923
input.MorpheusRun1,input.melblt,0.00000
input.mulnewWISTUD,input.melblt,0.00292
input.myRun,input.melblt,0.43414
input.myrun2,input.melblt,0.07170
input.myrun3,input.melblt,0.07464
input.Nestor,input.melblt,0.62552
input.NestorS,input.melblt,0.54319
input.normal,input.melblt,0.76240
input.nQCRIwoTag,input.melblt,0.49169
input.nQCRIwTag,input.melblt,0.63260
input.omarRun,input.melblt,0.14439
input.PKUICST,input.melblt,0.00000
input.PKUICST2,input.melblt,0.00298
input.PKUICST3,input.melblt,0.00000
input.PKUICST4,input.melblt,0.00000
input.PL2Bo1SDExt,input.melblt,0.00000
input.PL2NoQENoDM,input.melblt,0.95417
input.PL2NoQeSd,input.melblt,0.84018
input.PL2NoQeSdExt,input.melblt,0.00000
input.PRISrun1,input.melblt,0.00000
input.PRISrun2,input.melblt,0.00000
input.PRISrun3,input.melblt,0.00000
input.PRISrun4,input.melblt,0.00000
input.QCRIwoTagOrg,input.melblt,0.49169
input.QCRIwTagOrg,input.melblt,0.63260
input.qHtagBaseRun,input.melblt,0.02675
input.qRefLThresh,input.melblt,0.49765
input.refBalRun,input.melblt,0.70316
input.refRelRun,input.melblt,0.66830
input.relevanceRun,input.melblt,0.29662
input.RFD,input.melblt,0.05415
input.ri,input.melblt,0.00261
input.rit,input.melblt,0.07029
input.rit3,input.melblt,0.74065
input.RMITAR,input.melblt,0.00049
input.RMITM,input.melblt,0.00165
input.RMITMR,input.melblt,0.00093
input.RMITMRR,input.melblt,0.02740
input.Rocchio,input.melblt,0.07087
input.RTB,input.melblt,0.00000
input.run1,input.melblt,0.53608
input.run1a,input.melblt,0.00000
input.run1fix,input.melblt,0.00120
input.run2,input.melblt,0.00000
input.run2a,input.melblt,0.00002
input.run3,input.melblt,0.00000
input.run3a,input.melblt,0.00123
input.run4,input.melblt,0.00000
input.run4a,input.melblt,0.00089
input.RunAll,input.melblt,0.34067
input.RunFut,input.melblt,0.32938
input.runNeMIS,input.melblt,0.01043
input.runNeMISext,input.melblt,0.02639
input.RunPure,input.melblt,0.41515
input.scurtuRun1,input.melblt,0.12557
input.sielrun1,input.melblt,0.04281
input.sielrun2,input.melblt,0.14577
input.sielrun3,input.melblt,0.27403
input.sielrun4,input.melblt,0.13749
input.SienaCL1B,input.melblt,0.42774
input.SienaCL31,input.melblt,0.47256
input.SienaCL342,input.melblt,0.34480
input.SienaCLbase,input.melblt,0.70902
input.simfoll,input.melblt,0.00010
input.simfollTP01,input.melblt,0.00428
input.sylesNoRes,input.melblt,0.02370
input.tfTP01,input.melblt,0.00498
input.udelIndri,input.melblt,0.73587
input.udelLucene,input.melblt,0.00000
input.UDMicroComb1,input.melblt,0.14221
input.UDMicroComb2,input.melblt,0.73303
input.UDMicroIDF,input.melblt,0.32165
input.UDMicroIDFD,input.melblt,0.59924
input.uicir1,input.melblt,0.01106
input.uicir2,input.melblt,0.06922
input.UIowaS1,input.melblt,0.55294
input.UIowaS2,input.melblt,0.75740
input.UIowaS3,input.melblt,0.78293
input.UIowaS4,input.melblt,0.06960
input.uiucsf,input.melblt,0.00000
input.uogTrLqea,input.melblt,0.64996
input.uogTrLqeabd,input.melblt,0.51000
input.uogTrLqeabdd,input.melblt,0.38235
input.uogTrUB2,input.melblt,0.18367
input.UTBase,input.melblt,0.49365
input.UTBaseRTF,input.melblt,0.00000
input.UTWngFuture,input.melblt,0.55602
input.UTWngFutureQ,input.melblt,0.26216
input.waterlooa1,input.melblt,0.23687
input.waterlooa2,input.melblt,0.46213
input.waterlooa3,input.melblt,0.06332
input.waterlooa4,input.melblt,0.16455
input.WESTfilext,input.melblt,0.21562
input.WESTfilter,input.melblt,0.53286
input.WESTrelint,input.melblt,0.00745
input.WESTrlext,input.melblt,0.00213
input.Wise2ndRun,input.melblt,0.00526
input.WiseFifthRun,input.melblt,0.56835
input.WiseFouthRun,input.melblt,0.35864
input.WiseThirdRun,input.melblt,0.00526
input.ya3,input.melblt,0.00874
input.ya4,input.melblt,0.01506
input.YNDXTPC1,input.melblt,0.04340
input.YNDXTPC2,input.melblt,0.06756
input.MONASH2NEW,input.MONASH1NEW,0.41218
input.MorpheusRun1,input.MONASH1NEW,0.00000
input.mulnewWISTUD,input.MONASH1NEW,0.08625
input.myRun,input.MONASH1NEW,0.63201
input.myrun2,input.MONASH1NEW,0.58919
input.myrun3,input.MONASH1NEW,0.60194
input.Nestor,input.MONASH1NEW,0.08028
input.NestorS,input.MONASH1NEW,0.06162
input.normal,input.MONASH1NEW,0.33771
input.nQCRIwoTag,input.MONASH1NEW,0.05134
input.nQCRIwTag,input.MONASH1NEW,0.08202
input.omarRun,input.MONASH1NEW,0.00651
input.PKUICST,input.MONASH1NEW,0.00003
input.PKUICST2,input.MONASH1NEW,0.08753
input.PKUICST3,input.MONASH1NEW,0.00000
input.PKUICST4,input.MONASH1NEW,0.00000
input.PL2Bo1SDExt,input.MONASH1NEW,0.00000
input.PL2NoQENoDM,input.MONASH1NEW,0.18734
input.PL2NoQeSd,input.MONASH1NEW,0.14355
input.PL2NoQeSdExt,input.MONASH1NEW,0.00000
input.PRISrun1,input.MONASH1NEW,0.00001
input.PRISrun2,input.MONASH1NEW,0.00000
input.PRISrun3,input.MONASH1NEW,0.00005
input.PRISrun4,input.MONASH1NEW,0.00048
input.QCRIwoTagOrg,input.MONASH1NEW,0.05134
input.QCRIwTagOrg,input.MONASH1NEW,0.08202
input.qHtagBaseRun,input.MONASH1NEW,0.00051
input.qRefLThresh,input.MONASH1NEW,0.05248
input.refBalRun,input.MONASH1NEW,0.10057
input.refRelRun,input.MONASH1NEW,0.40510
input.relevanceRun,input.MONASH1NEW,0.82796
input.RFD,input.MONASH1NEW,0.50633
input.ri,input.MONASH1NEW,0.08019
input.rit,input.MONASH1NEW,0.58298
input.rit3,input.MONASH1NEW,0.35235
input.RMITAR,input.MONASH1NEW,0.02591
input.RMITM,input.MONASH1NEW,0.05927
input.RMITMR,input.MONASH1NEW,0.04039
input.RMITMRR,input.MONASH1NEW,0.34477
input.Rocchio,input.MONASH1NEW,0.58557
input.RTB,input.MONASH1NEW,0.00000
input.run1,input.MONASH1NEW,0.52069
input.run1a,input.MONASH1NEW,0.00000
input.run1fix,input.MONASH1NEW,0.04792
input.run2,input.MONASH1NEW,0.00010
input.run2a,input.MONASH1NEW,0.00000
input.run3,input.MONASH1NEW,0.00000
input.run3a,input.MONASH1NEW,0.00001
input.run4,input.MONASH1NEW,0.00002
input.run4a,input.MONASH1NEW,0.00000
input.RunAll,input.MONASH1NEW,0.02684
input.RunFut,input.MONASH1NEW,0.02533
input.runNeMIS,input.MONASH1NEW,0.00013
input.runNeMISext,input.MONASH1NEW,0.00050
input.RunPure,input.MONASH1NEW,0.03790
input.scurtuRun1,input.MONASH1NEW,0.00522
input.sielrun1,input.MONASH1NEW,0.00101
input.sielrun2,input.MONASH1NEW,0.00661
input.sielrun3,input.MONASH1NEW,0.01853
input.sielrun4,input.MONASH1NEW,0.00603
input.SienaCL1B,input.MONASH1NEW,0.63980
input.SienaCL31,input.MONASH1NEW,0.58733
input.SienaCL342,input.MONASH1NEW,0.75177
input.SienaCLbase,input.MONASH1NEW,0.10222
input.simfoll,input.MONASH1NEW,0.00863
input.simfollTP01,input.MONASH1NEW,0.11063
input.sylesNoRes,input.MONASH1NEW,0.31686
input.tfTP01,input.MONASH1NEW,0.12187
input.udelIndri,input.MONASH1NEW,0.35564
input.udelLucene,input.MONASH1NEW,0.00000
input.UDMicroComb1,input.MONASH1NEW,0.00636
input.UDMicroComb2,input.MONASH1NEW,0.35761
input.UDMicroIDF,input.MONASH1NEW,0.78720
input.UDMicroIDFD,input.MONASH1NEW,0.07401
input.uicir1,input.MONASH1NEW,0.00014
input.uicir2,input.MONASH1NEW,0.00208
input.UIowaS1,input.MONASH1NEW,0.06368
input.UIowaS2,input.MONASH1NEW,0.11643
input.UIowaS3,input.MONASH1NEW,0.12441
input.UIowaS4,input.MONASH1NEW,0.57995
input.uiucsf,input.MONASH1NEW,0.00000
input.uogTrLqea,input.MONASH1NEW,0.08637
input.uogTrLqeabd,input.MONASH1NEW,0.05488
input.uogTrLqeabdd,input.MONASH1NEW,0.03279
input.uogTrUB2,input.MONASH1NEW,0.00958
input.UTBase,input.MONASH1NEW,0.05171
input.UTBaseRTF,input.MONASH1NEW,0.00000
input.UTWngFuture,input.MONASH1NEW,0.50141
input.UTWngFutureQ,input.MONASH1NEW,0.88888
input.waterlooa1,input.MONASH1NEW,0.93767
input.waterlooa2,input.MONASH1NEW,0.59911
input.waterlooa3,input.MONASH1NEW,0.55122
input.waterlooa4,input.MONASH1NEW,0.89743
input.WESTfilext,input.MONASH1NEW,0.01244
input.WESTfilter,input.MONASH1NEW,0.05947
input.WESTrelint,input.MONASH1NEW,0.00008
input.WESTrlext,input.MONASH1NEW,0.00001
input.Wise2ndRun,input.MONASH1NEW,0.12616
input.WiseFifthRun,input.MONASH1NEW,0.48985
input.WiseFouthRun,input.MONASH1NEW,0.73155
input.WiseThirdRun,input.MONASH1NEW,0.12616
input.ya3,input.MONASH1NEW,0.00010
input.ya4,input.MONASH1NEW,0.00022
input.YNDXTPC1,input.MONASH1NEW,0.00104
input.YNDXTPC2,input.MONASH1NEW,0.00201
input.MorpheusRun1,input.MONASH2NEW,0.00000
input.mulnewWISTUD,input.MONASH2NEW,0.01123
input.myRun,input.MONASH2NEW,0.73299
input.myrun2,input.MONASH2NEW,0.17381
input.myrun3,input.MONASH2NEW,0.17970
input.Nestor,input.MONASH2NEW,0.35288
input.NestorS,input.MONASH2NEW,0.29419
input.normal,input.MONASH2NEW,0.88973
input.nQCRIwoTag,input.MONASH2NEW,0.25907
input.nQCRIwTag,input.MONASH2NEW,0.35807
input.omarRun,input.MONASH2NEW,0.05735
input.PKUICST,input.MONASH2NEW,0.00000
input.PKUICST2,input.MONASH2NEW,0.01145
input.PKUICST3,input.MONASH2NEW,0.00000
input.PKUICST4,input.MONASH2NEW,0.00000
input.PL2Bo1SDExt,input.MONASH2NEW,0.00000
input.PL2NoQENoDM,input.MONASH2NEW,0.61817
input.PL2NoQeSd,input.MONASH2NEW,0.52046
input.PL2NoQeSdExt,input.MONASH2NEW,0.00000
input.PRISrun1,input.MONASH2NEW,0.00000
input.PRISrun2,input.MONASH2NEW,0.00000
input.PRISrun3,input.MONASH2NEW,0.00000
input.PRISrun4,input.MONASH2NEW,0.00002
input.QCRIwoTagOrg,input.MONASH2NEW,0.25907
input.QCRIwTagOrg,input.MONASH2NEW,0.35807
input.qHtagBaseRun,input.MONASH2NEW,0.00791
input.qRefLThresh,input.MONASH2NEW,0.26307
input.refBalRun,input.MONASH2NEW,0.41106
input.refRelRun,input.MONASH2NEW,0.99004
input.relevanceRun,input.MONASH2NEW,0.54668
input.RFD,input.MONASH2NEW,0.13764
input.ri,input.MONASH2NEW,0.01018
input.rit,input.MONASH2NEW,0.17097
input.rit3,input.MONASH2NEW,0.91243
input.RMITAR,input.MONASH2NEW,0.00231
input.RMITM,input.MONASH2NEW,0.00681
input.RMITMR,input.MONASH2NEW,0.00411
input.RMITMRR,input.MONASH2NEW,0.07759
input.Rocchio,input.MONASH2NEW,0.17215
input.RTB,input.MONASH2NEW,0.00000
input.run1,input.MONASH2NEW,0.85890
input.run1a,input.MONASH2NEW,0.00000
input.run1fix,input.MONASH2NEW,0.00514
input.run2,input.MONASH2NEW,0.00000
input.run2a,input.MONASH2NEW,0.00000
input.run3,input.MONASH2NEW,0.00000
input.run3a,input.MONASH2NEW,0.00024
input.run4,input.MONASH2NEW,0.00000
input.run4a,input.MONASH2NEW,0.00017
input.RunAll,input.MONASH2NEW,0.16337
input.RunFut,input.MONASH2NEW,0.15667
input.runNeMIS,input.MONASH2NEW,0.00268
input.runNeMISext,input.MONASH2NEW,0.00778
input.RunPure,input.MONASH2NEW,0.20918
input.scurtuRun1,input.MONASH2NEW,0.04852
input.sielrun1,input.MONASH2NEW,0.01364
input.sielrun2,input.MONASH2NEW,0.05801
input.sielrun3,input.MONASH2NEW,0.12483
input.sielrun4,input.MONASH2NEW,0.05408
input.SienaCL1B,input.MONASH2NEW,0.72477
input.SienaCL31,input.MONASH2NEW,0.78151
input.SienaCL342,input.MONASH2NEW,0.61443
input.SienaCLbase,input.MONASH2NEW,0.41556
input.simfoll,input.MONASH2NEW,0.00057
input.simfollTP01,input.MONASH2NEW,0.01572
input.sylesNoRes,input.MONASH2NEW,0.06861
input.tfTP01,input.MONASH2NEW,0.01793
input.udelIndri,input.MONASH2NEW,0.91745
input.udelLucene,input.MONASH2NEW,0.00000
input.UDMicroComb1,input.MONASH2NEW,0.05632
input.UDMicroComb2,input.MONASH2NEW,0.92044
input.UDMicroIDF,input.MONASH2NEW,0.58224
input.UDMicroIDFD,input.MONASH2NEW,0.33381
input.uicir1,input.MONASH2NEW,0.00287
input.uicir2,input.MONASH2NEW,0.02395
input.UIowaS1,input.MONASH2NEW,0.30098
input.UIowaS2,input.MONASH2NEW,0.45333
input.UIowaS3,input.MONASH2NEW,0.47370
input.UIowaS4,input.MONASH2NEW,0.16959
input.uiucsf,input.MONASH2NEW,0.00000
input.uogTrLqea,input.MONASH2NEW,0.37090
input.uogTrLqeabd,input.MONASH2NEW,0.27142
input.uogTrLqeabdd,input.MONASH2NEW,0.18866
input.uogTrUB2,input.MONASH2NEW,0.07664
input.UTBase,input.MONASH2NEW,0.26038
input.UTBaseRTF,input.MONASH2NEW,0.00000
input.UTWngFuture,input.MONASH2NEW,0.88251
input.UTWngFutureQ,input.MONASH2NEW,0.49629
input.waterlooa1,input.MONASH2NEW,0.45817
input.waterlooa2,input.MONASH2NEW,0.76847
input.waterlooa3,input.MONASH2NEW,0.15678
input.waterlooa4,input.MONASH2NEW,0.34264
input.WESTfilext,input.MONASH2NEW,0.09310
input.WESTfilter,input.MONASH2NEW,0.28705
input.WESTrelint,input.MONASH2NEW,0.00183
input.WESTrlext,input.MONASH2NEW,0.00044
input.Wise2ndRun,input.MONASH2NEW,0.01880
input.WiseFifthRun,input.MONASH2NEW,0.89696
input.WiseFouthRun,input.MONASH2NEW,0.63337
input.WiseThirdRun,input.MONASH2NEW,0.01880
input.ya3,input.MONASH2NEW,0.00219
input.ya4,input.MONASH2NEW,0.00408
input.YNDXTPC1,input.MONASH2NEW,0.01386
input.YNDXTPC2,input.MONASH2NEW,0.02327
input.mulnewWISTUD,input.MorpheusRun1,0.00000
input.myRun,input.MorpheusRun1,0.00000
input.myrun2,input.MorpheusRun1,0.00000
input.myrun3,input.MorpheusRun1,0.00000
input.Nestor,input.MorpheusRun1,0.00000
input.NestorS,input.MorpheusRun1,0.00000
input.normal,input.MorpheusRun1,0.00000
input.nQCRIwoTag,input.MorpheusRun1,0.00000
input.nQCRIwTag,input.MorpheusRun1,0.00000
input.omarRun,input.MorpheusRun1,0.00000
input.PKUICST,input.MorpheusRun1,0.00000
input.PKUICST2,input.MorpheusRun1,0.00000
input.PKUICST3,input.MorpheusRun1,0.00000
input.PKUICST4,input.MorpheusRun1,0.00000
input.PL2Bo1SDExt,input.MorpheusRun1,0.59306
input.PL2NoQENoDM,input.MorpheusRun1,0.00000
input.PL2NoQeSd,input.MorpheusRun1,0.00000
input.PL2NoQeSdExt,input.MorpheusRun1,0.58048
input.PRISrun1,input.MorpheusRun1,0.00000
input.PRISrun2,input.MorpheusRun1,0.00000
input.PRISrun3,input.MorpheusRun1,0.00000
input.PRISrun4,input.MorpheusRun1,0.00000
input.QCRIwoTagOrg,input.MorpheusRun1,0.00000
input.QCRIwTagOrg,input.MorpheusRun1,0.00000
input.qHtagBaseRun,input.MorpheusRun1,0.00010
input.qRefLThresh,input.MorpheusRun1,0.00000
input.refBalRun,input.MorpheusRun1,0.00000
input.refRelRun,input.MorpheusRun1,0.00000
input.relevanceRun,input.MorpheusRun1,0.00000
input.RFD,input.MorpheusRun1,0.00000
input.ri,input.MorpheusRun1,0.00000
input.rit,input.MorpheusRun1,0.00000
input.rit3,input.MorpheusRun1,0.00000
input.RMITAR,input.MorpheusRun1,0.00000
input.RMITM,input.MorpheusRun1,0.00000
input.RMITMR,input.MorpheusRun1,0.00000
input.RMITMRR,input.MorpheusRun1,0.00000
input.Rocchio,input.MorpheusRun1,0.00000
input.RTB,input.MorpheusRun1,0.25381
input.run1,input.MorpheusRun1,0.00000
input.run1a,input.MorpheusRun1,0.15664
input.run1fix,input.MorpheusRun1,0.00000
input.run2,input.MorpheusRun1,0.00000
input.run2a,input.MorpheusRun1,0.05906
input.run3,input.MorpheusRun1,0.00000
input.run3a,input.MorpheusRun1,0.00402
input.run4,input.MorpheusRun1,0.00000
input.run4a,input.MorpheusRun1,0.00538
input.RunAll,input.MorpheusRun1,0.00000
input.RunFut,input.MorpheusRun1,0.00000
input.runNeMIS,input.MorpheusRun1,0.00039
input.runNeMISext,input.MorpheusRun1,0.00010
input.RunPure,input.MorpheusRun1,0.00000
input.scurtuRun1,input.MorpheusRun1,0.00000
input.sielrun1,input.MorpheusRun1,0.00004
input.sielrun2,input.MorpheusRun1,0.00000
input.sielrun3,input.MorpheusRun1,0.00000
input.sielrun4,input.MorpheusRun1,0.00000
input.SienaCL1B,input.MorpheusRun1,0.00000
input.SienaCL31,input.MorpheusRun1,0.00000
input.SienaCL342,input.MorpheusRun1,0.00000
input.SienaCLbase,input.MorpheusRun1,0.00000
input.simfoll,input.MorpheusRun1,0.00000
input.simfollTP01,input.MorpheusRun1,0.00000
input.sylesNoRes,input.MorpheusRun1,0.00000
input.tfTP01,input.MorpheusRun1,0.00000
input.udelIndri,input.MorpheusRun1,0.00000
input.udelLucene,input.MorpheusRun1,0.61839
input.UDMicroComb1,input.MorpheusRun1,0.00000
input.UDMicroComb2,input.MorpheusRun1,0.00000
input.UDMicroIDF,input.MorpheusRun1,0.00000
input.UDMicroIDFD,input.MorpheusRun1,0.00000
input.uicir1,input.MorpheusRun1,0.00036
input.uicir2,input.MorpheusRun1,0.00002
input.UIowaS1,input.MorpheusRun1,0.00000
input.UIowaS2,input.MorpheusRun1,0.00000
input.UIowaS3,input.MorpheusRun1,0.00000
input.UIowaS4,input.MorpheusRun1,0.00000
input.uiucsf,input.MorpheusRun1,0.06913
input.uogTrLqea,input.MorpheusRun1,0.00000
input.uogTrLqeabd,input.MorpheusRun1,0.00000
input.uogTrLqeabdd,input.MorpheusRun1,0.00000
input.uogTrUB2,input.MorpheusRun1,0.00000
input.UTBase,input.MorpheusRun1,0.00000
input.UTBaseRTF,input.MorpheusRun1,0.78032
input.UTWngFuture,input.MorpheusRun1,0.00000
input.UTWngFutureQ,input.MorpheusRun1,0.00000
input.waterlooa1,input.MorpheusRun1,0.00000
input.waterlooa2,input.MorpheusRun1,0.00000
input.waterlooa3,input.MorpheusRun1,0.00000
input.waterlooa4,input.MorpheusRun1,0.00000
input.WESTfilext,input.MorpheusRun1,0.00000
input.WESTfilter,input.MorpheusRun1,0.00000
input.WESTrelint,input.MorpheusRun1,0.00060
input.WESTrlext,input.MorpheusRun1,0.00239
input.Wise2ndRun,input.MorpheusRun1,0.00000
input.WiseFifthRun,input.MorpheusRun1,0.00000
input.WiseFouthRun,input.MorpheusRun1,0.00000
input.WiseThirdRun,input.MorpheusRun1,0.00000
input.ya3,input.MorpheusRun1,0.00049
input.ya4,input.MorpheusRun1,0.00024
input.YNDXTPC1,input.MorpheusRun1,0.00004
input.YNDXTPC2,input.MorpheusRun1,0.00002
input.myRun,input.mulnewWISTUD,0.02821
input.myrun2,input.mulnewWISTUD,0.23980
input.myrun3,input.mulnewWISTUD,0.23252
input.Nestor,input.mulnewWISTUD,0.00053
input.NestorS,input.mulnewWISTUD,0.00034
input.normal,input.mulnewWISTUD,0.00749
input.nQCRIwoTag,input.mulnewWISTUD,0.00025
input.nQCRIwTag,input.mulnewWISTUD,0.00055
input.omarRun,input.mulnewWISTUD,0.00001
input.PKUICST,input.mulnewWISTUD,0.01531
input.PKUICST2,input.mulnewWISTUD,0.99447
input.PKUICST3,input.mulnewWISTUD,0.00029
input.PKUICST4,input.mulnewWISTUD,0.00000
input.PL2Bo1SDExt,input.mulnewWISTUD,0.00000
input.PL2NoQENoDM,input.mulnewWISTUD,0.00241
input.PL2NoQeSd,input.mulnewWISTUD,0.00148
input.PL2NoQeSdExt,input.mulnewWISTUD,0.00000
input.PRISrun1,input.mulnewWISTUD,0.00718
input.PRISrun2,input.mulnewWISTUD,0.00000
input.PRISrun3,input.mulnewWISTUD,0.01996
input.PRISrun4,input.mulnewWISTUD,0.07542
input.QCRIwoTagOrg,input.mulnewWISTUD,0.00025
input.QCRIwTagOrg,input.mulnewWISTUD,0.00055
input.qHtagBaseRun,input.mulnewWISTUD,0.00000
input.qRefLThresh,input.mulnewWISTUD,0.00026
input.refBalRun,input.mulnewWISTUD,0.00079
input.refRelRun,input.mulnewWISTUD,0.01083
input.relevanceRun,input.mulnewWISTUD,0.05326
input.RFD,input.mulnewWISTUD,0.29329
input.ri,input.mulnewWISTUD,0.97279
input.rit,input.mulnewWISTUD,0.24343
input.rit3,input.mulnewWISTUD,0.00816
input.RMITAR,input.mulnewWISTUD,0.60857
input.RMITM,input.mulnewWISTUD,0.86449
input.RMITMR,input.mulnewWISTUD,0.73821
input.RMITMRR,input.mulnewWISTUD,0.44088
input.Rocchio,input.mulnewWISTUD,0.24191
input.RTB,input.mulnewWISTUD,0.00000
input.run1,input.mulnewWISTUD,0.01838
input.run1a,input.mulnewWISTUD,0.00000
input.run1fix,input.mulnewWISTUD,0.79290
input.run2,input.mulnewWISTUD,0.03034
input.run2a,input.mulnewWISTUD,0.00000
input.run3,input.mulnewWISTUD,0.00062
input.run3a,input.mulnewWISTUD,0.00000
input.run4,input.mulnewWISTUD,0.01010
input.run4a,input.mulnewWISTUD,0.00000
input.RunAll,input.mulnewWISTUD,0.00009
input.RunFut,input.mulnewWISTUD,0.00008
input.runNeMIS,input.mulnewWISTUD,0.00000
input.runNeMISext,input.mulnewWISTUD,0.00000
input.RunPure,input.mulnewWISTUD,0.00015
input.scurtuRun1,input.mulnewWISTUD,0.00001
input.sielrun1,input.mulnewWISTUD,0.00000
input.sielrun2,input.mulnewWISTUD,0.00001
input.sielrun3,input.mulnewWISTUD,0.00005
input.sielrun4,input.mulnewWISTUD,0.00001
input.SienaCL1B,input.mulnewWISTUD,0.02900
input.SienaCL31,input.mulnewWISTUD,0.02393
input.SienaCL342,input.mulnewWISTUD,0.04217
input.SienaCLbase,input.mulnewWISTUD,0.00081
input.simfoll,input.mulnewWISTUD,0.36228
input.simfollTP01,input.mulnewWISTUD,0.90438
input.sylesNoRes,input.mulnewWISTUD,0.47488
input.tfTP01,input.mulnewWISTUD,0.86618
input.udelIndri,input.mulnewWISTUD,0.00831
input.udelLucene,input.mulnewWISTUD,0.00000
input.UDMicroComb1,input.mulnewWISTUD,0.00001
input.UDMicroComb2,input.mulnewWISTUD,0.00840
input.UDMicroIDF,input.mulnewWISTUD,0.04709
input.UDMicroIDFD,input.mulnewWISTUD,0.00046
input.uicir1,input.mulnewWISTUD,0.00000
input.uicir2,input.mulnewWISTUD,0.00000
input.UIowaS1,input.mulnewWISTUD,0.00036
input.UIowaS2,input.mulnewWISTUD,0.00102
input.UIowaS3,input.mulnewWISTUD,0.00115
input.UIowaS4,input.mulnewWISTUD,0.24522
input.uiucsf,input.mulnewWISTUD,0.00000
input.uogTrLqea,input.mulnewWISTUD,0.00060
input.uogTrLqeabd,input.mulnewWISTUD,0.00028
input.uogTrLqeabdd,input.mulnewWISTUD,0.00012
input.uogTrUB2,input.mulnewWISTUD,0.00002
input.UTBase,input.mulnewWISTUD,0.00025
input.UTBaseRTF,input.mulnewWISTUD,0.00000
input.UTWngFuture,input.mulnewWISTUD,0.01695
input.UTWngFutureQ,input.mulnewWISTUD,0.06356
input.waterlooa1,input.mulnewWISTUD,0.07286
input.waterlooa2,input.mulnewWISTUD,0.02501
input.waterlooa3,input.mulnewWISTUD,0.26289
input.waterlooa4,input.mulnewWISTUD,0.11260
input.WESTfilext,input.mulnewWISTUD,0.00002
input.WESTfilter,input.mulnewWISTUD,0.00032
input.WESTrelint,input.mulnewWISTUD,0.00000
input.WESTrlext,input.mulnewWISTUD,0.00000
input.Wise2ndRun,input.mulnewWISTUD,0.85238
input.WiseFifthRun,input.mulnewWISTUD,0.01613
input.WiseFouthRun,input.mulnewWISTUD,0.03954
input.WiseThirdRun,input.mulnewWISTUD,0.85238
input.ya3,input.mulnewWISTUD,0.00000
input.ya4,input.mulnewWISTUD,0.00000
input.YNDXTPC1,input.mulnewWISTUD,0.00000
input.YNDXTPC2,input.mulnewWISTUD,0.00000
input.myrun2,input.myRun,0.30824
input.myrun3,input.myRun,0.31706
input.Nestor,input.myRun,0.20402
input.NestorS,input.myRun,0.16449
input.normal,input.myRun,0.63137
input.nQCRIwoTag,input.myRun,0.14163
input.nQCRIwTag,input.myRun,0.20760
input.omarRun,input.myRun,0.02498
input.PKUICST,input.myRun,0.00000
input.PKUICST2,input.myRun,0.02871
input.PKUICST3,input.myRun,0.00000
input.PKUICST4,input.myRun,0.00000
input.PL2Bo1SDExt,input.myRun,0.00000
input.PL2NoQENoDM,input.myRun,0.40114
input.PL2NoQeSd,input.myRun,0.32522
input.PL2NoQeSdExt,input.myRun,0.00000
input.PRISrun1,input.myRun,0.00000
input.PRISrun2,input.myRun,0.00000
input.PRISrun3,input.myRun,0.00001
input.PRISrun4,input.myRun,0.00007
input.QCRIwoTagOrg,input.myRun,0.14163
input.QCRIwTagOrg,input.myRun,0.20760
input.qHtagBaseRun,input.myRun,0.00272
input.qRefLThresh,input.myRun,0.14420
input.refBalRun,input.myRun,0.24476
input.refRelRun,input.myRun,0.72361
input.relevanceRun,input.myRun,0.79364
input.RFD,input.myRun,0.25284
input.ri,input.myRun,0.02585
input.rit,input.myRun,0.30398
input.rit3,input.myRun,0.65190
input.RMITAR,input.myRun,0.00680
input.RMITM,input.myRun,0.01803
input.RMITMR,input.myRun,0.01145
input.RMITMRR,input.myRun,0.15454
input.Rocchio,input.myRun,0.30575
input.RTB,input.myRun,0.00000
input.run1,input.myRun,0.87022
input.run1a,input.myRun,0.00000
input.run1fix,input.myRun,0.01401
input.run2,input.myRun,0.00001
input.run2a,input.myRun,0.00000
input.run3,input.myRun,0.00000
input.run3a,input.myRun,0.00006
input.run4,input.myRun,0.00000
input.run4a,input.myRun,0.00004
input.RunAll,input.myRun,0.08274
input.RunFut,input.myRun,0.07883
input.runNeMIS,input.myRun,0.00083
input.runNeMISext,input.myRun,0.00268
input.RunPure,input.myRun,0.11027
input.scurtuRun1,input.myRun,0.02067
input.sielrun1,input.myRun,0.00499
input.sielrun2,input.myRun,0.02530
input.sielrun3,input.myRun,0.06066
input.sielrun4,input.myRun,0.02337
input.SienaCL1B,input.myRun,0.99128
input.SienaCL31,input.myRun,0.94913
input.SienaCL342,input.myRun,0.87083
input.SienaCLbase,input.myRun,0.24797
input.simfoll,input.myRun,0.00190
input.simfollTP01,input.myRun,0.03805
input.sylesNoRes,input.myRun,0.13891
input.tfTP01,input.myRun,0.04278
input.udelIndri,input.myRun,0.65647
input.udelLucene,input.myRun,0.00000
input.UDMicroComb1,input.myRun,0.02447
input.UDMicroComb2,input.myRun,0.65919
input.UDMicroIDF,input.myRun,0.83448
input.UDMicroIDFD,input.myRun,0.19100
input.uicir1,input.myRun,0.00089
input.uicir2,input.myRun,0.00935
input.UIowaS1,input.myRun,0.16898
input.UIowaS2,input.myRun,0.27526
input.UIowaS3,input.myRun,0.29022
input.UIowaS4,input.myRun,0.30190
input.uiucsf,input.myRun,0.00000
input.uogTrLqea,input.myRun,0.21648
input.uogTrLqeabd,input.myRun,0.14960
input.uogTrLqeabdd,input.myRun,0.09778
input.uogTrUB2,input.myRun,0.03471
input.UTBase,input.myRun,0.14247
input.UTBaseRTF,input.myRun,0.00000
input.UTWngFuture,input.myRun,0.84667
input.UTWngFutureQ,input.myRun,0.73447
input.waterlooa1,input.myRun,0.68863
input.waterlooa2,input.myRun,0.96269
input.waterlooa3,input.myRun,0.28245
input.waterlooa4,input.myRun,0.54331
input.WESTfilext,input.myRun,0.04334
input.WESTfilter,input.myRun,0.15979
input.WESTrelint,input.myRun,0.00054
input.WESTrlext,input.myRun,0.00012
input.Wise2ndRun,input.myRun,0.04461
input.WiseFifthRun,input.myRun,0.83238
input.WiseFouthRun,input.myRun,0.89195
input.WiseThirdRun,input.myRun,0.04461
input.ya3,input.myRun,0.00066
input.ya4,input.myRun,0.00131
input.YNDXTPC1,input.myRun,0.00508
input.YNDXTPC2,input.myRun,0.00905
input.myrun3,input.myrun2,0.98532
input.Nestor,input.myrun2,0.02207
input.NestorS,input.myrun2,0.01599
input.normal,input.myrun2,0.13395
input.nQCRIwoTag,input.myrun2,0.01282
input.nQCRIwTag,input.myrun2,0.02266
input.omarRun,input.myrun2,0.00111
input.PKUICST,input.myrun2,0.00032
input.PKUICST2,input.myrun2,0.24258
input.PKUICST3,input.myrun2,0.00000
input.PKUICST4,input.myrun2,0.00000
input.PL2Bo1SDExt,input.myrun2,0.00000
input.PL2NoQENoDM,input.myrun2,0.06310
input.PL2NoQeSd,input.myrun2,0.04521
input.PL2NoQeSdExt,input.myrun2,0.00000
input.PRISrun1,input.myrun2,0.00011
input.PRISrun2,input.myrun2,0.00000
input.PRISrun3,input.myrun2,0.00046
input.PRISrun4,input.myrun2,0.00314
input.QCRIwoTagOrg,input.myrun2,0.01282
input.QCRIwTagOrg,input.myrun2,0.02266
input.qHtagBaseRun,input.myrun2,0.00006
input.qRefLThresh,input.myrun2,0.01317
input.refBalRun,input.myrun2,0.02910
input.refRelRun,input.myrun2,0.16989
input.relevanceRun,input.myrun2,0.44885
input.RFD,input.myrun2,0.90088
input.ri,input.myrun2,0.22643
input.rit,input.myrun2,0.99280
input.rit3,input.myrun2,0.14155
input.RMITAR,input.myrun2,0.09149
input.RMITM,input.myrun2,0.17825
input.RMITMR,input.myrun2,0.13112
input.RMITMRR,input.myrun2,0.68564
input.Rocchio,input.myrun2,0.99581
input.RTB,input.myrun2,0.00000
input.run1,input.myrun2,0.23709
input.run1a,input.myrun2,0.00000
input.run1fix,input.myrun2,0.15043
input.run2,input.myrun2,0.00083
input.run2a,input.myrun2,0.00000
input.run3,input.myrun2,0.00000
input.run3a,input.myrun2,0.00000
input.run4,input.myrun2,0.00018
input.run4a,input.myrun2,0.00000
input.RunAll,input.myrun2,0.00589
input.RunFut,input.myrun2,0.00550
input.runNeMIS,input.myrun2,0.00001
input.runNeMISext,input.myrun2,0.00006
input.RunPure,input.myrun2,0.00890
input.scurtuRun1,input.myrun2,0.00086
input.sielrun1,input.myrun2,0.00013
input.sielrun2,input.myrun2,0.00113
input.sielrun3,input.myrun2,0.00379
input.sielrun4,input.myrun2,0.00102
input.SienaCL1B,input.myrun2,0.31346
input.SienaCL31,input.myrun2,0.27893
input.SienaCL342,input.myrun2,0.39182
input.SienaCLbase,input.myrun2,0.02969
input.simfoll,input.myrun2,0.03693
input.simfollTP01,input.myrun2,0.29126
input.sylesNoRes,input.myrun2,0.64485
input.tfTP01,input.myrun2,0.31395
input.udelIndri,input.myrun2,0.14327
input.udelLucene,input.myrun2,0.00000
input.UDMicroComb1,input.myrun2,0.00108
input.UDMicroComb2,input.myrun2,0.14430
input.UDMicroIDF,input.myrun2,0.41796
input.UDMicroIDFD,input.myrun2,0.01999
input.uicir1,input.myrun2,0.00001
input.uicir2,input.myrun2,0.00030
input.UIowaS1,input.myrun2,0.01665
input.UIowaS2,input.myrun2,0.03486
input.UIowaS3,input.myrun2,0.03784
input.UIowaS4,input.myrun2,0.98928
input.uiucsf,input.myrun2,0.00000
input.uogTrLqea,input.myrun2,0.02414
input.uogTrLqeabd,input.myrun2,0.01390
input.uogTrLqeabdd,input.myrun2,0.00748
input.uogTrUB2,input.myrun2,0.00174
input.UTBase,input.myrun2,0.01293
input.UTBaseRTF,input.myrun2,0.00000
input.UTWngFuture,input.myrun2,0.22540
input.UTWngFutureQ,input.myrun2,0.49667
input.waterlooa1,input.myrun2,0.53644
input.waterlooa2,input.myrun2,0.28656
input.waterlooa3,input.myrun2,0.95541
input.waterlooa4,input.myrun2,0.68100
input.WESTfilext,input.myrun2,0.00237
input.WESTfilter,input.myrun2,0.01532
input.WESTrelint,input.myrun2,0.00001
input.WESTrlext,input.myrun2,0.00000
input.Wise2ndRun,input.myrun2,0.32246
input.WiseFifthRun,input.myrun2,0.21849
input.WiseFouthRun,input.myrun2,0.37719
input.WiseThirdRun,input.myrun2,0.32246
input.ya3,input.myrun2,0.00001
input.ya4,input.myrun2,0.00002
input.YNDXTPC1,input.myrun2,0.00013
input.YNDXTPC2,input.myrun2,0.00028
input.Nestor,input.myrun3,0.02317
input.NestorS,input.myrun3,0.01682
input.normal,input.myrun3,0.13879
input.nQCRIwoTag,input.myrun3,0.01350
input.nQCRIwTag,input.myrun3,0.02378
input.omarRun,input.myrun3,0.00119
input.PKUICST,input.myrun3,0.00030
input.PKUICST2,input.myrun3,0.23524
input.PKUICST3,input.myrun3,0.00000
input.PKUICST4,input.myrun3,0.00000
input.PL2Bo1SDExt,input.myrun3,0.00000
input.PL2NoQENoDM,input.myrun3,0.06575
input.PL2NoQeSd,input.myrun3,0.04722
input.PL2NoQeSdExt,input.myrun3,0.00000
input.PRISrun1,input.myrun3,0.00010
input.PRISrun2,input.myrun3,0.00000
input.PRISrun3,input.myrun3,0.00043
input.PRISrun4,input.myrun3,0.00296
input.QCRIwoTagOrg,input.myrun3,0.01350
input.QCRIwTagOrg,input.myrun3,0.02378
input.qHtagBaseRun,input.myrun3,0.00006
input.qRefLThresh,input.myrun3,0.01386
input.refBalRun,input.myrun3,0.03049
input.refRelRun,input.myrun3,0.17569
input.relevanceRun,input.myrun3,0.45995
input.RFD,input.myrun3,0.88633
input.ri,input.myrun3,0.21945
input.rit,input.myrun3,0.97813
input.rit3,input.myrun3,0.14660
input.RMITAR,input.myrun3,0.08801
input.RMITM,input.myrun3,0.17239
input.RMITMR,input.myrun3,0.12649
input.RMITMRR,input.myrun3,0.67217
input.Rocchio,input.myrun3,0.98113
input.RTB,input.myrun3,0.00000
input.run1,input.myrun3,0.24446
input.run1a,input.myrun3,0.00000
input.run1fix,input.myrun3,0.14527
input.run2,input.myrun3,0.00078
input.run2a,input.myrun3,0.00000
input.run3,input.myrun3,0.00000
input.run3a,input.myrun3,0.00000
input.run4,input.myrun3,0.00017
input.run4a,input.myrun3,0.00000
input.RunAll,input.myrun3,0.00623
input.RunFut,input.myrun3,0.00582
input.runNeMIS,input.myrun3,0.00001
input.runNeMISext,input.myrun3,0.00006
input.RunPure,input.myrun3,0.00939
input.scurtuRun1,input.myrun3,0.00092
input.sielrun1,input.myrun3,0.00014
input.sielrun2,input.myrun3,0.00121
input.sielrun3,input.myrun3,0.00402
input.sielrun4,input.myrun3,0.00108
input.SienaCL1B,input.myrun3,0.32237
input.SienaCL31,input.myrun3,0.28718
input.SienaCL342,input.myrun3,0.40208
input.SienaCLbase,input.myrun3,0.03110
input.simfoll,input.myrun3,0.03530
input.simfollTP01,input.myrun3,0.28293
input.sylesNoRes,input.myrun3,0.63171
input.tfTP01,input.myrun3,0.30519
input.udelIndri,input.myrun3,0.14837
input.udelLucene,input.myrun3,0.00000
input.UDMicroComb1,input.myrun3,0.00115
input.UDMicroComb2,input.myrun3,0.14943
input.UDMicroIDF,input.myrun3,0.42861
input.UDMicroIDFD,input.myrun3,0.02099
input.uicir1,input.myrun3,0.00002
input.uicir2,input.myrun3,0.00032
input.UIowaS1,input.myrun3,0.01750
input.UIowaS2,input.myrun3,0.03648
input.UIowaS3,input.myrun3,0.03958
input.UIowaS4,input.myrun3,0.97460
input.uiucsf,input.myrun3,0.00000
input.uogTrLqea,input.myrun3,0.02532
input.uogTrLqeabd,input.myrun3,0.01463
input.uogTrLqeabdd,input.myrun3,0.00790
input.uogTrUB2,input.myrun3,0.00186
input.UTBase,input.myrun3,0.01362
input.UTBaseRTF,input.myrun3,0.00000
input.UTWngFuture,input.myrun3,0.23252
input.UTWngFutureQ,input.myrun3,0.50839
input.waterlooa1,input.myrun3,0.54863
input.waterlooa2,input.myrun3,0.29496
input.waterlooa3,input.myrun3,0.94076
input.waterlooa4,input.myrun3,0.69454
input.WESTfilext,input.myrun3,0.00252
input.WESTfilter,input.myrun3,0.01612
input.WESTrelint,input.myrun3,0.00001
input.WESTrlext,input.myrun3,0.00000
input.Wise2ndRun,input.myrun3,0.31355
input.WiseFifthRun,input.myrun3,0.22545
input.WiseFouthRun,input.myrun3,0.38721
input.WiseThirdRun,input.myrun3,0.31355
input.ya3,input.myrun3,0.00001
input.ya4,input.myrun3,0.00003
input.YNDXTPC1,input.myrun3,0.00014
input.YNDXTPC2,input.myrun3,0.00031
input.NestorS,input.Nestor,0.90452
input.normal,input.Nestor,0.42931
input.nQCRIwoTag,input.Nestor,0.84181
input.nQCRIwTag,input.Nestor,0.99204
input.omarRun,input.Nestor,0.33125
input.PKUICST,input.Nestor,0.00000
input.PKUICST2,input.Nestor,0.00054
input.PKUICST3,input.Nestor,0.00000
input.PKUICST4,input.Nestor,0.00000
input.PL2Bo1SDExt,input.Nestor,0.00000
input.PL2NoQENoDM,input.Nestor,0.66678
input.PL2NoQeSd,input.Nestor,0.77459
input.PL2NoQeSdExt,input.Nestor,0.00000
input.PRISrun1,input.Nestor,0.00000
input.PRISrun2,input.Nestor,0.00000
input.PRISrun3,input.Nestor,0.00000
input.PRISrun4,input.Nestor,0.00000
input.QCRIwoTagOrg,input.Nestor,0.84181
input.QCRIwTagOrg,input.Nestor,0.99204
input.qHtagBaseRun,input.Nestor,0.08416
input.qRefLThresh,input.Nestor,0.84920
input.refBalRun,input.Nestor,0.91480
input.refRelRun,input.Nestor,0.35939
input.relevanceRun,input.Nestor,0.12558
input.RFD,input.Nestor,0.01579
input.ri,input.Nestor,0.00047
input.rit,input.Nestor,0.02156
input.rit3,input.Nestor,0.41276
input.RMITAR,input.Nestor,0.00007
input.RMITM,input.Nestor,0.00028
input.RMITMR,input.Nestor,0.00015
input.RMITMRR,input.Nestor,0.00706
input.Rocchio,input.Nestor,0.02177
input.RTB,input.Nestor,0.00000
input.run1,input.Nestor,0.26838
input.run1a,input.Nestor,0.00003
input.run1fix,input.Nestor,0.00019
input.run2,input.Nestor,0.00000
input.run2a,input.Nestor,0.00019
input.run3,input.Nestor,0.00000
input.run3a,input.Nestor,0.00609
input.run4,input.Nestor,0.00000
input.run4a,input.Nestor,0.00456
input.RunAll,input.Nestor,0.64207
input.RunFut,input.Nestor,0.62603
input.runNeMIS,input.Nestor,0.03816
input.runNeMISext,input.Nestor,0.08321
input.RunPure,input.Nestor,0.74381
input.scurtuRun1,input.Nestor,0.29659
input.sielrun1,input.Nestor,0.12417
input.sielrun2,input.Nestor,0.33375
input.sielrun3,input.Nestor,0.54466
input.sielrun4,input.Nestor,0.31868
input.SienaCL1B,input.Nestor,0.20016
input.SienaCL31,input.Nestor,0.22767
input.SienaCL342,input.Nestor,0.15192
input.SienaCLbase,input.Nestor,0.90855
input.simfoll,input.Nestor,0.00001
input.simfollTP01,input.Nestor,0.00082
input.sylesNoRes,input.Nestor,0.00596
input.tfTP01,input.Nestor,0.00098
input.udelIndri,input.Nestor,0.40916
input.udelLucene,input.Nestor,0.00000
input.UDMicroComb1,input.Nestor,0.32731
input.UDMicroComb2,input.Nestor,0.40703
input.UDMicroIDF,input.Nestor,0.13911
input.UDMicroIDFD,input.Nestor,0.97012
input.uicir1,input.Nestor,0.04009
input.uicir2,input.Nestor,0.18386
input.UIowaS1,input.Nestor,0.91613
input.UIowaS2,input.Nestor,0.85782
input.UIowaS3,input.Nestor,0.83168
input.UIowaS4,input.Nestor,0.02131
input.uiucsf,input.Nestor,0.00000
input.uogTrLqea,input.Nestor,0.97269
input.uogTrLqeabd,input.Nestor,0.86439
input.uogTrLqeabdd,input.Nestor,0.69984
input.uogTrUB2,input.Nestor,0.40007
input.UTBase,input.Nestor,0.84424
input.UTBaseRTF,input.Nestor,0.00000
input.UTWngFuture,input.Nestor,0.28157
input.UTWngFutureQ,input.Nestor,0.10754
input.waterlooa1,input.Nestor,0.09475
input.waterlooa2,input.Nestor,0.22118
input.waterlooa3,input.Nestor,0.01903
input.waterlooa4,input.Nestor,0.06038
input.WESTfilext,input.Nestor,0.45312
input.WESTfilter,input.Nestor,0.89214
input.WESTrelint,input.Nestor,0.02866
input.WESTrlext,input.Nestor,0.00979
input.Wise2ndRun,input.Nestor,0.00104
input.WiseFifthRun,input.Nestor,0.28982
input.WiseFouthRun,input.Nestor,0.15972
input.WiseThirdRun,input.Nestor,0.00104
input.ya3,input.Nestor,0.03284
input.ya4,input.Nestor,0.05203
input.YNDXTPC1,input.Nestor,0.12558
input.YNDXTPC2,input.Nestor,0.18028
input.normal,input.NestorS,0.36265
input.nQCRIwoTag,input.NestorS,0.93653
input.nQCRIwTag,input.NestorS,0.89662
input.omarRun,input.NestorS,0.39440
input.PKUICST,input.NestorS,0.00000
input.PKUICST2,input.NestorS,0.00035
input.PKUICST3,input.NestorS,0.00000
input.PKUICST4,input.NestorS,0.00000
input.PL2Bo1SDExt,input.NestorS,0.00000
input.PL2NoQENoDM,input.NestorS,0.58196
input.PL2NoQeSd,input.NestorS,0.68450
input.PL2NoQeSdExt,input.NestorS,0.00000
input.PRISrun1,input.NestorS,0.00000
input.PRISrun2,input.NestorS,0.00000
input.PRISrun3,input.NestorS,0.00000
input.PRISrun4,input.NestorS,0.00000
input.QCRIwoTagOrg,input.NestorS,0.93653
input.QCRIwTagOrg,input.NestorS,0.89662
input.qHtagBaseRun,input.NestorS,0.10804
input.qRefLThresh,input.NestorS,0.94404
input.refBalRun,input.NestorS,0.82047
input.refRelRun,input.NestorS,0.29998
input.relevanceRun,input.NestorS,0.09859
input.RFD,input.NestorS,0.01129
input.ri,input.NestorS,0.00030
input.rit,input.NestorS,0.01560
input.rit3,input.NestorS,0.34773
input.RMITAR,input.NestorS,0.00004
input.RMITM,input.NestorS,0.00017
input.RMITMR,input.NestorS,0.00009
input.RMITMRR,input.NestorS,0.00490
input.Rocchio,input.NestorS,0.01577
input.RTB,input.NestorS,0.00000
input.run1,input.NestorS,0.21992
input.run1a,input.NestorS,0.00004
input.run1fix,input.NestorS,0.00012
input.run2,input.NestorS,0.00000
input.run2a,input.NestorS,0.00030
input.run3,input.NestorS,0.00000
input.run3a,input.NestorS,0.00871
input.run4,input.NestorS,0.00000
input.run4a,input.NestorS,0.00660
input.RunAll,input.NestorS,0.73020
input.RunFut,input.NestorS,0.71334
input.runNeMIS,input.NestorS,0.05080
input.runNeMISext,input.NestorS,0.10688
input.RunPure,input.NestorS,0.83611
input.scurtuRun1,input.NestorS,0.35558
input.sielrun1,input.NestorS,0.15633
input.sielrun2,input.NestorS,0.39720
input.sielrun3,input.NestorS,0.62708
input.sielrun4,input.NestorS,0.38036
input.SienaCL1B,input.NestorS,0.16120
input.SienaCL31,input.NestorS,0.18473
input.SienaCL342,input.NestorS,0.12049
input.SienaCLbase,input.NestorS,0.81435
input.simfoll,input.NestorS,0.00001
input.simfollTP01,input.NestorS,0.00053
input.sylesNoRes,input.NestorS,0.00411
input.tfTP01,input.NestorS,0.00064
input.udelIndri,input.NestorS,0.34449
input.udelLucene,input.NestorS,0.00000
input.UDMicroComb1,input.NestorS,0.39001
input.UDMicroComb2,input.NestorS,0.34258
input.UDMicroIDF,input.NestorS,0.10980
input.UDMicroIDFD,input.NestorS,0.93425
input.uicir1,input.NestorS,0.05326
input.uicir2,input.NestorS,0.22666
input.UIowaS1,input.NestorS,0.98832
input.UIowaS2,input.NestorS,0.76486
input.UIowaS3,input.NestorS,0.73952
input.UIowaS4,input.NestorS,0.01541
input.uiucsf,input.NestorS,0.00000
input.uogTrLqea,input.NestorS,0.87747
input.uogTrLqeabd,input.NestorS,0.95946
input.uogTrLqeabdd,input.NestorS,0.79056
input.uogTrUB2,input.NestorS,0.47057
input.UTBase,input.NestorS,0.93900
input.UTBaseRTF,input.NestorS,0.00000
input.UTWngFuture,input.NestorS,0.23140
input.UTWngFutureQ,input.NestorS,0.08376
input.waterlooa1,input.NestorS,0.07332
input.waterlooa2,input.NestorS,0.17916
input.waterlooa3,input.NestorS,0.01370
input.waterlooa4,input.NestorS,0.04572
input.WESTfilext,input.NestorS,0.52851
input.WESTfilter,input.NestorS,0.98751
input.WESTrelint,input.NestorS,0.03863
input.WESTrlext,input.NestorS,0.01376
input.Wise2ndRun,input.NestorS,0.00068
input.WiseFifthRun,input.NestorS,0.23861
input.WiseFouthRun,input.NestorS,0.12702
input.WiseThirdRun,input.NestorS,0.00068
input.ya3,input.NestorS,0.04400
input.ya4,input.NestorS,0.06831
input.YNDXTPC1,input.NestorS,0.15801
input.YNDXTPC2,input.NestorS,0.22249
input.nQCRIwoTag,input.normal,0.32220
input.nQCRIwTag,input.normal,0.43516
input.omarRun,input.normal,0.07807
input.PKUICST,input.normal,0.00000
input.PKUICST2,input.normal,0.00765
input.PKUICST3,input.normal,0.00000
input.PKUICST4,input.normal,0.00000
input.PL2Bo1SDExt,input.normal,0.00000
input.PL2NoQENoDM,input.normal,0.71900
input.PL2NoQeSd,input.normal,0.61427
input.PL2NoQeSdExt,input.normal,0.00000
input.PRISrun1,input.normal,0.00000
input.PRISrun2,input.normal,0.00000
input.PRISrun3,input.normal,0.00000
input.PRISrun4,input.normal,0.00001
input.QCRIwoTagOrg,input.normal,0.32220
input.QCRIwTagOrg,input.normal,0.43516
input.qHtagBaseRun,input.normal,0.01182
input.qRefLThresh,input.normal,0.32683
input.refBalRun,input.normal,0.49437
input.refRelRun,input.normal,0.89960
input.relevanceRun,input.normal,0.45846
input.RFD,input.normal,0.10453
input.ri,input.normal,0.00676
input.rit,input.normal,0.13162
input.rit3,input.normal,0.97713
input.RMITAR,input.normal,0.00144
input.RMITM,input.normal,0.00444
input.RMITMR,input.normal,0.00263
input.RMITMRR,input.normal,0.05698
input.Rocchio,input.normal,0.13259
input.RTB,input.normal,0.00000
input.run1,input.normal,0.75168
input.run1a,input.normal,0.00000
input.run1fix,input.normal,0.00332
input.run2,input.normal,0.00000
input.run2a,input.normal,0.00001
input.run3,input.normal,0.00000
input.run3a,input.normal,0.00041
input.run4,input.normal,0.00000
input.run4a,input.normal,0.00029
input.RunAll,input.normal,0.20941
input.RunFut,input.normal,0.20136
input.runNeMIS,input.normal,0.00419
input.runNeMISext,input.normal,0.01165
input.RunPure,input.normal,0.26391
input.scurtuRun1,input.normal,0.06663
input.sielrun1,input.normal,0.01992
input.sielrun2,input.normal,0.07892
input.sielrun3,input.normal,0.16267
input.sielrun4,input.normal,0.07385
input.SienaCL1B,input.normal,0.62362
input.SienaCL31,input.normal,0.67741
input.SienaCL342,input.normal,0.52061
input.SienaCLbase,input.normal,0.49936
input.simfoll,input.normal,0.00034
input.simfollTP01,input.normal,0.01065
input.sylesNoRes,input.normal,0.05004
input.tfTP01,input.normal,0.01222
input.udelIndri,input.normal,0.97208
input.udelLucene,input.normal,0.00000
input.UDMicroComb1,input.normal,0.07674
input.UDMicroComb2,input.normal,0.96907
input.UDMicroIDF,input.normal,0.49098
input.UDMicroIDFD,input.normal,0.40777
input.uicir1,input.normal,0.00447
input.uicir2,input.normal,0.03406
input.UIowaS1,input.normal,0.37042
input.UIowaS2,input.normal,0.54105
input.UIowaS3,input.normal,0.56338
input.UIowaS4,input.normal,0.13049
input.uiucsf,input.normal,0.00000
input.uogTrLqea,input.normal,0.44957
input.uogTrLqeabd,input.normal,0.33647
input.uogTrLqeabdd,input.normal,0.23963
input.uogTrUB2,input.normal,0.10271
input.UTBase,input.normal,0.32372
input.UTBaseRTF,input.normal,0.00000
input.UTWngFuture,input.normal,0.77455
input.UTWngFutureQ,input.normal,0.41280
input.waterlooa1,input.normal,0.37858
input.waterlooa2,input.normal,0.66499
input.waterlooa3,input.normal,0.12003
input.waterlooa4,input.normal,0.27676
input.WESTfilext,input.normal,0.12342
input.WESTfilter,input.normal,0.35446
input.WESTrelint,input.normal,0.00290
input.WESTrlext,input.normal,0.00074
input.Wise2ndRun,input.normal,0.01284
input.WiseFifthRun,input.normal,0.78858
input.WiseFouthRun,input.normal,0.53813
input.WiseThirdRun,input.normal,0.01284
input.ya3,input.normal,0.00345
input.ya4,input.normal,0.00627
input.YNDXTPC1,input.normal,0.02023
input.YNDXTPC2,input.normal,0.03315
input.nQCRIwTag,input.nQCRIwoTag,0.83402
input.omarRun,input.nQCRIwoTag,0.44010
input.PKUICST,input.nQCRIwoTag,0.00000
input.PKUICST2,input.nQCRIwoTag,0.00025
input.PKUICST3,input.nQCRIwoTag,0.00000
input.PKUICST4,input.nQCRIwoTag,0.00000
input.PL2Bo1SDExt,input.nQCRIwoTag,0.00000
input.PL2NoQENoDM,input.nQCRIwoTag,0.52859
input.PL2NoQeSd,input.nQCRIwoTag,0.62700
input.PL2NoQeSdExt,input.nQCRIwoTag,0.00000
input.PRISrun1,input.nQCRIwoTag,0.00000
input.PRISrun2,input.nQCRIwoTag,0.00000
input.PRISrun3,input.nQCRIwoTag,0.00000
input.PRISrun4,input.nQCRIwoTag,0.00000
input.QCRIwoTagOrg,input.nQCRIwoTag,1.00000
input.QCRIwTagOrg,input.nQCRIwoTag,0.83402
input.qHtagBaseRun,input.nQCRIwoTag,0.12665
input.qRefLThresh,input.nQCRIwoTag,0.99247
input.refBalRun,input.nQCRIwoTag,0.75917
input.refRelRun,input.nQCRIwoTag,0.26437
input.relevanceRun,input.nQCRIwoTag,0.08339
input.RFD,input.nQCRIwoTag,0.00897
input.ri,input.nQCRIwoTag,0.00022
input.rit,input.nQCRIwoTag,0.01250
input.rit3,input.nQCRIwoTag,0.30838
input.RMITAR,input.nQCRIwoTag,0.00003
input.RMITM,input.nQCRIwoTag,0.00013
input.RMITMR,input.nQCRIwoTag,0.00006
input.RMITMRR,input.nQCRIwoTag,0.00381
input.Rocchio,input.nQCRIwoTag,0.01263
input.RTB,input.nQCRIwoTag,0.00000
input.run1,input.nQCRIwoTag,0.19143
input.run1a,input.nQCRIwoTag,0.00006
input.run1fix,input.nQCRIwoTag,0.00009
input.run2,input.nQCRIwoTag,0.00000
input.run2a,input.nQCRIwoTag,0.00041
input.run3,input.nQCRIwoTag,0.00000
input.run3a,input.nQCRIwoTag,0.01098
input.run4,input.nQCRIwoTag,0.00000
input.run4a,input.nQCRIwoTag,0.00837
input.RunAll,input.nQCRIwoTag,0.79083
input.RunFut,input.nQCRIwoTag,0.77354
input.runNeMIS,input.nQCRIwoTag,0.06100
input.runNeMISext,input.nQCRIwoTag,0.12533
input.RunPure,input.nQCRIwoTag,0.89875
input.scurtuRun1,input.nQCRIwoTag,0.39856
input.sielrun1,input.nQCRIwoTag,0.18093
input.sielrun2,input.nQCRIwoTag,0.44307
input.sielrun3,input.nQCRIwoTag,0.68459
input.sielrun4,input.nQCRIwoTag,0.42510
input.SienaCL1B,input.nQCRIwoTag,0.13869
input.SienaCL31,input.nQCRIwoTag,0.15974
input.SienaCL342,input.nQCRIwoTag,0.10261
input.SienaCLbase,input.nQCRIwoTag,0.75318
input.simfoll,input.nQCRIwoTag,0.00000
input.simfollTP01,input.nQCRIwoTag,0.00039
input.sylesNoRes,input.nQCRIwoTag,0.00318
input.tfTP01,input.nQCRIwoTag,0.00047
input.udelIndri,input.nQCRIwoTag,0.30539
input.udelLucene,input.nQCRIwoTag,0.00000
input.UDMicroComb1,input.nQCRIwoTag,0.43541
input.UDMicroComb2,input.nQCRIwoTag,0.30361
input.UDMicroIDF,input.nQCRIwoTag,0.09321
input.UDMicroIDFD,input.nQCRIwoTag,0.87121
input.uicir1,input.nQCRIwoTag,0.06385
input.uicir2,input.nQCRIwoTag,0.25874
input.UIowaS1,input.nQCRIwoTag,0.92490
input.UIowaS2,input.nQCRIwoTag,0.70489
input.UIowaS3,input.nQCRIwoTag,0.68025
input.UIowaS4,input.nQCRIwoTag,0.01235
input.uiucsf,input.nQCRIwoTag,0.00000
input.uogTrLqea,input.nQCRIwoTag,0.81513
input.uogTrLqeabd,input.nQCRIwoTag,0.97703
input.uogTrLqeabdd,input.nQCRIwoTag,0.85248
input.uogTrUB2,input.nQCRIwoTag,0.52092
input.UTBase,input.nQCRIwoTag,0.99752
input.UTBaseRTF,input.nQCRIwoTag,0.00000
input.UTWngFuture,input.nQCRIwoTag,0.20182
input.UTWngFutureQ,input.nQCRIwoTag,0.07046
input.waterlooa1,input.nQCRIwoTag,0.06142
input.waterlooa2,input.nQCRIwoTag,0.15474
input.waterlooa3,input.nQCRIwoTag,0.01094
input.waterlooa4,input.nQCRIwoTag,0.03775
input.WESTfilext,input.nQCRIwoTag,0.58188
input.WESTfilter,input.nQCRIwoTag,0.94899
input.WESTrelint,input.nQCRIwoTag,0.04676
input.WESTrlext,input.nQCRIwoTag,0.01714
input.Wise2ndRun,input.nQCRIwoTag,0.00051
input.WiseFifthRun,input.nQCRIwoTag,0.20835
input.WiseFouthRun,input.nQCRIwoTag,0.10836
input.WiseThirdRun,input.nQCRIwoTag,0.00051
input.ya3,input.nQCRIwoTag,0.05306
input.ya4,input.nQCRIwoTag,0.08127
input.YNDXTPC1,input.nQCRIwoTag,0.18280
input.YNDXTPC2,input.nQCRIwoTag,0.25416
input.omarRun,input.nQCRIwTag,0.32630
input.PKUICST,input.nQCRIwTag,0.00000
input.PKUICST2,input.nQCRIwTag,0.00057
input.PKUICST3,input.nQCRIwTag,0.00000
input.PKUICST4,input.nQCRIwTag,0.00000
input.PL2Bo1SDExt,input.nQCRIwTag,0.00000
input.PL2NoQENoDM,input.nQCRIwTag,0.67405
input.PL2NoQeSd,input.nQCRIwTag,0.78224
input.PL2NoQeSdExt,input.nQCRIwTag,0.00000
input.PRISrun1,input.nQCRIwTag,0.00000
input.PRISrun2,input.nQCRIwTag,0.00000
input.PRISrun3,input.nQCRIwTag,0.00000
input.PRISrun4,input.nQCRIwTag,0.00000
input.QCRIwoTagOrg,input.nQCRIwTag,0.83402
input.QCRIwTagOrg,input.nQCRIwTag,1.00000
input.qHtagBaseRun,input.nQCRIwTag,0.08239
input.qRefLThresh,input.nQCRIwTag,0.84139
input.refBalRun,input.nQCRIwTag,0.92272
input.refRelRun,input.nQCRIwTag,0.36464
input.relevanceRun,input.nQCRIwTag,0.12806
input.RFD,input.nQCRIwTag,0.01623
input.ri,input.nQCRIwTag,0.00049
input.rit,input.nQCRIwTag,0.02213
input.rit3,input.nQCRIwTag,0.41848
input.RMITAR,input.nQCRIwTag,0.00007
input.RMITM,input.nQCRIwTag,0.00029
input.RMITMR,input.nQCRIwTag,0.00015
input.RMITMRR,input.nQCRIwTag,0.00728
input.Rocchio,input.nQCRIwTag,0.02235
input.RTB,input.nQCRIwTag,0.00000
input.run1,input.nQCRIwTag,0.27272
input.run1a,input.nQCRIwTag,0.00003
input.run1fix,input.nQCRIwTag,0.00020
input.run2,input.nQCRIwTag,0.00000
input.run2a,input.nQCRIwTag,0.00018
input.run3,input.nQCRIwTag,0.00000
input.run3a,input.nQCRIwTag,0.00591
input.run4,input.nQCRIwTag,0.00000
input.run4a,input.nQCRIwTag,0.00442
input.RunAll,input.nQCRIwTag,0.63494
input.RunFut,input.nQCRIwTag,0.61897
input.runNeMIS,input.nQCRIwTag,0.03725
input.runNeMISext,input.nQCRIwTag,0.08145
input.RunPure,input.nQCRIwTag,0.73627
input.scurtuRun1,input.nQCRIwTag,0.29200
input.sielrun1,input.nQCRIwTag,0.12175
input.sielrun2,input.nQCRIwTag,0.32878
input.sielrun3,input.nQCRIwTag,0.53805
input.sielrun4,input.nQCRIwTag,0.31386
input.SienaCL1B,input.nQCRIwTag,0.20368
input.SienaCL31,input.nQCRIwTag,0.23154
input.SienaCL342,input.nQCRIwTag,0.15480
input.SienaCLbase,input.nQCRIwTag,0.91646
input.simfoll,input.nQCRIwTag,0.00001
input.simfollTP01,input.nQCRIwTag,0.00085
input.sylesNoRes,input.nQCRIwTag,0.00614
input.tfTP01,input.nQCRIwTag,0.00102
input.udelIndri,input.nQCRIwTag,0.41484
input.udelLucene,input.nQCRIwTag,0.00000
input.UDMicroComb1,input.nQCRIwTag,0.32240
input.UDMicroComb2,input.nQCRIwTag,0.41269
input.UDMicroIDF,input.nQCRIwTag,0.14179
input.UDMicroIDFD,input.nQCRIwTag,0.96217
input.uicir1,input.nQCRIwTag,0.03914
input.uicir2,input.nQCRIwTag,0.18059
input.UIowaS1,input.nQCRIwTag,0.90821
input.UIowaS2,input.nQCRIwTag,0.86566
input.UIowaS3,input.nQCRIwTag,0.83947
input.UIowaS4,input.nQCRIwTag,0.02187
input.uiucsf,input.nQCRIwTag,0.00000
input.uogTrLqea,input.nQCRIwTag,0.98065
input.uogTrLqeabd,input.nQCRIwTag,0.85655
input.uogTrLqeabdd,input.nQCRIwTag,0.69246
input.uogTrUB2,input.nQCRIwTag,0.39450
input.UTBase,input.nQCRIwTag,0.83644
input.UTBaseRTF,input.nQCRIwTag,0.00000
input.UTWngFuture,input.nQCRIwTag,0.28605
input.UTWngFutureQ,input.nQCRIwTag,0.10974
input.waterlooa1,input.nQCRIwTag,0.09673
input.waterlooa2,input.nQCRIwTag,0.22497
input.waterlooa3,input.nQCRIwTag,0.01954
input.waterlooa4,input.nQCRIwTag,0.06176
input.WESTfilext,input.nQCRIwTag,0.44713
input.WESTfilter,input.nQCRIwTag,0.88426
input.WESTrelint,input.nQCRIwTag,0.02795
input.WESTrlext,input.nQCRIwTag,0.00951
input.Wise2ndRun,input.nQCRIwTag,0.00108
input.WiseFifthRun,input.nQCRIwTag,0.29439
input.WiseFouthRun,input.nQCRIwTag,0.16270
input.WiseThirdRun,input.nQCRIwTag,0.00108
input.ya3,input.nQCRIwTag,0.03203
input.ya4,input.nQCRIwTag,0.05083
input.YNDXTPC1,input.nQCRIwTag,0.12314
input.YNDXTPC2,input.nQCRIwTag,0.17706
input.PKUICST,input.omarRun,0.00000
input.PKUICST2,input.omarRun,0.00001
input.PKUICST3,input.omarRun,0.00000
input.PKUICST4,input.omarRun,0.00000
input.PL2Bo1SDExt,input.omarRun,0.00000
input.PL2NoQENoDM,input.omarRun,0.16086
input.PL2NoQeSd,input.omarRun,0.20840
input.PL2NoQeSdExt,input.omarRun,0.00000
input.PRISrun1,input.omarRun,0.00000
input.PRISrun2,input.omarRun,0.00000
input.PRISrun3,input.omarRun,0.00000
input.PRISrun4,input.omarRun,0.00000
input.QCRIwoTagOrg,input.omarRun,0.44010
input.QCRIwTagOrg,input.omarRun,0.32630
input.qHtagBaseRun,input.omarRun,0.44999
input.qRefLThresh,input.omarRun,0.43453
input.refBalRun,input.omarRun,0.28077
input.refRelRun,input.omarRun,0.05901
input.relevanceRun,input.omarRun,0.01230
input.RFD,input.omarRun,0.00071
input.ri,input.omarRun,0.00001
input.rit,input.omarRun,0.00108
input.rit3,input.omarRun,0.07335
input.RMITAR,input.omarRun,0.00000
input.RMITM,input.omarRun,0.00000
input.RMITMR,input.omarRun,0.00000
input.RMITMRR,input.omarRun,0.00025
input.Rocchio,input.omarRun,0.00109
input.RTB,input.omarRun,0.00000
input.run1,input.omarRun,0.03767
input.run1a,input.omarRun,0.00123
input.run1fix,input.omarRun,0.00000
input.run2,input.omarRun,0.00000
input.run2a,input.omarRun,0.00577
input.run3,input.omarRun,0.00000
input.run3a,input.omarRun,0.07649
input.run4,input.omarRun,0.00000
input.run4a,input.omarRun,0.06220
input.RunAll,input.omarRun,0.61229
input.RunFut,input.omarRun,0.62819
input.runNeMIS,input.omarRun,0.27069
input.runNeMISext,input.omarRun,0.44681
input.RunPure,input.omarRun,0.51906
input.scurtuRun1,input.omarRun,0.94247
input.sielrun1,input.omarRun,0.57147
input.sielrun2,input.omarRun,0.99600
input.sielrun3,input.omarRun,0.71450
input.sielrun4,input.omarRun,0.97960
input.SienaCL1B,input.omarRun,0.02428
input.SienaCL31,input.omarRun,0.02941
input.SienaCL342,input.omarRun,0.01620
input.SienaCLbase,input.omarRun,0.27727
input.simfoll,input.omarRun,0.00000
input.simfollTP01,input.omarRun,0.00002
input.sylesNoRes,input.omarRun,0.00020
input.tfTP01,input.omarRun,0.00002
input.udelIndri,input.omarRun,0.07234
input.udelLucene,input.omarRun,0.00003
input.UDMicroComb1,input.omarRun,0.99366
input.UDMicroComb2,input.omarRun,0.07174
input.UDMicroIDF,input.omarRun,0.01426
input.UDMicroIDFD,input.omarRun,0.35022
input.uicir1,input.omarRun,0.27962
input.uicir2,input.omarRun,0.72084
input.UIowaS1,input.omarRun,0.38633
input.UIowaS2,input.omarRun,0.24983
input.UIowaS3,input.omarRun,0.23635
input.UIowaS4,input.omarRun,0.00106
input.uiucsf,input.omarRun,0.00000
input.uogTrLqea,input.omarRun,0.31449
input.uogTrLqeabd,input.omarRun,0.42323
input.uogTrLqeabdd,input.omarRun,0.55783
input.uogTrUB2,input.omarRun,0.89648
input.UTBase,input.omarRun,0.43826
input.UTBaseRTF,input.omarRun,0.00000
input.UTWngFuture,input.omarRun,0.04052
input.UTWngFutureQ,input.omarRun,0.00985
input.waterlooa1,input.omarRun,0.00823
input.waterlooa2,input.omarRun,0.02816
input.waterlooa3,input.omarRun,0.00091
input.waterlooa4,input.omarRun,0.00438
input.WESTfilext,input.omarRun,0.82479
input.WESTfilter,input.omarRun,0.40315
input.WESTrelint,input.omarRun,0.22381
input.WESTrlext,input.omarRun,0.10703
input.Wise2ndRun,input.omarRun,0.00002
input.WiseFifthRun,input.omarRun,0.04234
input.WiseFouthRun,input.omarRun,0.01742
input.WiseThirdRun,input.omarRun,0.00002
input.ya3,input.omarRun,0.24507
input.ya4,input.omarRun,0.33139
input.YNDXTPC1,input.omarRun,0.57538
input.YNDXTPC2,input.omarRun,0.71267
input.PKUICST2,input.PKUICST,0.01502
input.PKUICST3,input.PKUICST,0.23001
input.PKUICST4,input.PKUICST,0.00065
input.PL2Bo1SDExt,input.PKUICST,0.00000
input.PL2NoQENoDM,input.PKUICST,0.00000
input.PL2NoQeSd,input.PKUICST,0.00000
input.PL2NoQeSdExt,input.PKUICST,0.00000
input.PRISrun1,input.PKUICST,0.79217
input.PRISrun2,input.PKUICST,0.00014
input.PRISrun3,input.PKUICST,0.92201
input.PRISrun4,input.PKUICST,0.51759
input.QCRIwoTagOrg,input.PKUICST,0.00000
input.QCRIwTagOrg,input.PKUICST,0.00000
input.qHtagBaseRun,input.PKUICST,0.00000
input.qRefLThresh,input.PKUICST,0.00000
input.refBalRun,input.PKUICST,0.00000
input.refRelRun,input.PKUICST,0.00000
input.relevanceRun,input.PKUICST,0.00001
input.RFD,input.PKUICST,0.00051
input.ri,input.PKUICST,0.01681
input.rit,input.PKUICST,0.00033
input.rit3,input.PKUICST,0.00000
input.RMITAR,input.PKUICST,0.05576
input.RMITM,input.PKUICST,0.02418
input.RMITMR,input.PKUICST,0.03655
input.RMITMRR,input.PKUICST,0.00139
input.Rocchio,input.PKUICST,0.00032
input.RTB,input.PKUICST,0.00000
input.run1,input.PKUICST,0.00000
input.run1a,input.PKUICST,0.00000
input.run1fix,input.PKUICST,0.03058
input.run2,input.PKUICST,0.79539
input.run2a,input.PKUICST,0.00000
input.run3,input.PKUICST,0.31752
input.run3a,input.PKUICST,0.00000
input.run4,input.PKUICST,0.88270
input.run4a,input.PKUICST,0.00000
input.RunAll,input.PKUICST,0.00000
input.RunFut,input.PKUICST,0.00000
input.runNeMIS,input.PKUICST,0.00000
input.runNeMISext,input.PKUICST,0.00000
input.RunPure,input.PKUICST,0.00000
input.scurtuRun1,input.PKUICST,0.00000
input.sielrun1,input.PKUICST,0.00000
input.sielrun2,input.PKUICST,0.00000
input.sielrun3,input.PKUICST,0.00000
input.sielrun4,input.PKUICST,0.00000
input.SienaCL1B,input.PKUICST,0.00000
input.SienaCL31,input.PKUICST,0.00000
input.SienaCL342,input.PKUICST,0.00001
input.SienaCLbase,input.PKUICST,0.00000
input.simfoll,input.PKUICST,0.13004
input.simfollTP01,input.PKUICST,0.01092
input.sylesNoRes,input.PKUICST,0.00169
input.tfTP01,input.PKUICST,0.00950
input.udelIndri,input.PKUICST,0.00000
input.udelLucene,input.PKUICST,0.00000
input.UDMicroComb1,input.PKUICST,0.00000
input.UDMicroComb2,input.PKUICST,0.00000
input.UDMicroIDF,input.PKUICST,0.00001
input.UDMicroIDFD,input.PKUICST,0.00000
input.uicir1,input.PKUICST,0.00000
input.uicir2,input.PKUICST,0.00000
input.UIowaS1,input.PKUICST,0.00000
input.UIowaS2,input.PKUICST,0.00000
input.UIowaS3,input.PKUICST,0.00000
input.UIowaS4,input.PKUICST,0.00033
input.uiucsf,input.PKUICST,0.00000
input.uogTrLqea,input.PKUICST,0.00000
input.uogTrLqeabd,input.PKUICST,0.00000
input.uogTrLqeabdd,input.PKUICST,0.00000
input.uogTrUB2,input.PKUICST,0.00000
input.UTBase,input.PKUICST,0.00000
input.UTBaseRTF,input.PKUICST,0.00000
input.UTWngFuture,input.PKUICST,0.00000
input.UTWngFutureQ,input.PKUICST,0.00002
input.waterlooa1,input.PKUICST,0.00002
input.waterlooa2,input.PKUICST,0.00000
input.waterlooa3,input.PKUICST,0.00039
input.waterlooa4,input.PKUICST,0.00006
input.WESTfilext,input.PKUICST,0.00000
input.WESTfilter,input.PKUICST,0.00000
input.WESTrelint,input.PKUICST,0.00000
input.WESTrlext,input.PKUICST,0.00000
input.Wise2ndRun,input.PKUICST,0.00903
input.WiseFifthRun,input.PKUICST,0.00000
input.WiseFouthRun,input.PKUICST,0.00001
input.WiseThirdRun,input.PKUICST,0.00903
input.ya3,input.PKUICST,0.00000
input.ya4,input.PKUICST,0.00000
input.YNDXTPC1,input.PKUICST,0.00000
input.YNDXTPC2,input.PKUICST,0.00000
input.PKUICST3,input.PKUICST2,0.00028
input.PKUICST4,input.PKUICST2,0.00000
input.PL2Bo1SDExt,input.PKUICST2,0.00000
input.PL2NoQENoDM,input.PKUICST2,0.00247
input.PL2NoQeSd,input.PKUICST2,0.00152
input.PL2NoQeSdExt,input.PKUICST2,0.00000
input.PRISrun1,input.PKUICST2,0.00703
input.PRISrun2,input.PKUICST2,0.00000
input.PRISrun3,input.PKUICST2,0.01960
input.PRISrun4,input.PKUICST2,0.07428
input.QCRIwoTagOrg,input.PKUICST2,0.00025
input.QCRIwTagOrg,input.PKUICST2,0.00057
input.qHtagBaseRun,input.PKUICST2,0.00000
input.qRefLThresh,input.PKUICST2,0.00026
input.refBalRun,input.PKUICST2,0.00081
input.refRelRun,input.PKUICST2,0.01105
input.relevanceRun,input.PKUICST2,0.05412
input.RFD,input.PKUICST2,0.29648
input.ri,input.PKUICST2,0.96727
input.rit,input.PKUICST2,0.24624
input.rit3,input.PKUICST2,0.00832
input.RMITAR,input.PKUICST2,0.60373
input.RMITM,input.PKUICST2,0.85904
input.RMITMR,input.PKUICST2,0.73299
input.RMITMRR,input.PKUICST2,0.44499
input.Rocchio,input.PKUICST2,0.24471
input.RTB,input.PKUICST2,0.00000
input.run1,input.PKUICST2,0.01873
input.run1a,input.PKUICST2,0.00000
input.run1fix,input.PKUICST2,0.78757
input.run2,input.PKUICST2,0.02981
input.run2a,input.PKUICST2,0.00000
input.run3,input.PKUICST2,0.00060
input.run3a,input.PKUICST2,0.00000
input.run4,input.PKUICST2,0.00990
input.run4a,input.PKUICST2,0.00000
input.RunAll,input.PKUICST2,0.00009
input.RunFut,input.PKUICST2,0.00008
input.runNeMIS,input.PKUICST2,0.00000
input.runNeMISext,input.PKUICST2,0.00000
input.RunPure,input.PKUICST2,0.00015
input.scurtuRun1,input.PKUICST2,0.00001
input.sielrun1,input.PKUICST2,0.00000
input.sielrun2,input.PKUICST2,0.00001
input.sielrun3,input.PKUICST2,0.00005
input.sielrun4,input.PKUICST2,0.00001
input.SienaCL1B,input.PKUICST2,0.02951
input.SienaCL31,input.PKUICST2,0.02437
input.SienaCL342,input.PKUICST2,0.04288
input.SienaCLbase,input.PKUICST2,0.00083
input.simfoll,input.PKUICST2,0.35864
input.simfollTP01,input.PKUICST2,0.90987
input.sylesNoRes,input.PKUICST2,0.47917
input.tfTP01,input.PKUICST2,0.87163
input.udelIndri,input.PKUICST2,0.00848
input.udelLucene,input.PKUICST2,0.00000
input.UDMicroComb1,input.PKUICST2,0.00001
input.UDMicroComb2,input.PKUICST2,0.00858
input.UDMicroIDF,input.PKUICST2,0.04787
input.UDMicroIDFD,input.PKUICST2,0.00047
input.uicir1,input.PKUICST2,0.00000
input.uicir2,input.PKUICST2,0.00000
input.UIowaS1,input.PKUICST2,0.00037
input.UIowaS2,input.PKUICST2,0.00104
input.UIowaS3,input.PKUICST2,0.00117
input.UIowaS4,input.PKUICST2,0.24804
input.uiucsf,input.PKUICST2,0.00000
input.uogTrLqea,input.PKUICST2,0.00062
input.uogTrLqeabd,input.PKUICST2,0.00029
input.uogTrLqeabdd,input.PKUICST2,0.00012
input.uogTrUB2,input.PKUICST2,0.00002
input.UTBase,input.PKUICST2,0.00026
input.UTBaseRTF,input.PKUICST2,0.00000
input.UTWngFuture,input.PKUICST2,0.01727
input.UTWngFutureQ,input.PKUICST2,0.06456
input.waterlooa1,input.PKUICST2,0.07397
input.waterlooa2,input.PKUICST2,0.02547
input.waterlooa3,input.PKUICST2,0.26586
input.waterlooa4,input.PKUICST2,0.11418
input.WESTfilext,input.PKUICST2,0.00003
input.WESTfilter,input.PKUICST2,0.00033
input.WESTrelint,input.PKUICST2,0.00000
input.WESTrlext,input.PKUICST2,0.00000
input.Wise2ndRun,input.PKUICST2,0.85782
input.WiseFifthRun,input.PKUICST2,0.01643
input.WiseFouthRun,input.PKUICST2,0.04020
input.WiseThirdRun,input.PKUICST2,0.85782
input.ya3,input.PKUICST2,0.00000
input.ya4,input.PKUICST2,0.00000
input.YNDXTPC1,input.PKUICST2,0.00000
input.YNDXTPC2,input.PKUICST2,0.00000
input.PKUICST4,input.PKUICST3,0.02713
input.PL2Bo1SDExt,input.PKUICST3,0.00000
input.PL2NoQENoDM,input.PKUICST3,0.00000
input.PL2NoQeSd,input.PKUICST3,0.00000
input.PL2NoQeSdExt,input.PKUICST3,0.00000
input.PRISrun1,input.PKUICST3,0.34884
input.PRISrun2,input.PKUICST3,0.00918
input.PRISrun3,input.PKUICST3,0.19420
input.PRISrun4,input.PKUICST3,0.06469
input.QCRIwoTagOrg,input.PKUICST3,0.00000
input.QCRIwTagOrg,input.PKUICST3,0.00000
input.qHtagBaseRun,input.PKUICST3,0.00000
input.qRefLThresh,input.PKUICST3,0.00000
input.refBalRun,input.PKUICST3,0.00000
input.refRelRun,input.PKUICST3,0.00000
input.relevanceRun,input.PKUICST3,0.00000
input.RFD,input.PKUICST3,0.00000
input.ri,input.PKUICST3,0.00033
input.rit,input.PKUICST3,0.00000
input.rit3,input.PKUICST3,0.00000
input.RMITAR,input.PKUICST3,0.00185
input.RMITM,input.PKUICST3,0.00055
input.RMITMR,input.PKUICST3,0.00100
input.RMITMRR,input.PKUICST3,0.00001
input.Rocchio,input.PKUICST3,0.00000
input.RTB,input.PKUICST3,0.00000
input.run1,input.PKUICST3,0.00000
input.run1a,input.PKUICST3,0.00000
input.run1fix,input.PKUICST3,0.00077
input.run2,input.PKUICST3,0.14439
input.run2a,input.PKUICST3,0.00000
input.run3,input.PKUICST3,0.84088
input.run3a,input.PKUICST3,0.00000
input.run4,input.PKUICST3,0.29244
input.run4a,input.PKUICST3,0.00000
input.RunAll,input.PKUICST3,0.00000
input.RunFut,input.PKUICST3,0.00000
input.runNeMIS,input.PKUICST3,0.00000
input.runNeMISext,input.PKUICST3,0.00000
input.RunPure,input.PKUICST3,0.00000
input.scurtuRun1,input.PKUICST3,0.00000
input.sielrun1,input.PKUICST3,0.00000
input.sielrun2,input.PKUICST3,0.00000
input.sielrun3,input.PKUICST3,0.00000
input.sielrun4,input.PKUICST3,0.00000
input.SienaCL1B,input.PKUICST3,0.00000
input.SienaCL31,input.PKUICST3,0.00000
input.SienaCL342,input.PKUICST3,0.00000
input.SienaCLbase,input.PKUICST3,0.00000
input.simfoll,input.PKUICST3,0.00664
input.simfollTP01,input.PKUICST3,0.00018
input.sylesNoRes,input.PKUICST3,0.00001
input.tfTP01,input.PKUICST3,0.00015
input.udelIndri,input.PKUICST3,0.00000
input.udelLucene,input.PKUICST3,0.00000
input.UDMicroComb1,input.PKUICST3,0.00000
input.UDMicroComb2,input.PKUICST3,0.00000
input.UDMicroIDF,input.PKUICST3,0.00000
input.UDMicroIDFD,input.PKUICST3,0.00000
input.uicir1,input.PKUICST3,0.00000
input.uicir2,input.PKUICST3,0.00000
input.UIowaS1,input.PKUICST3,0.00000
input.UIowaS2,input.PKUICST3,0.00000
input.UIowaS3,input.PKUICST3,0.00000
input.UIowaS4,input.PKUICST3,0.00000
input.uiucsf,input.PKUICST3,0.00000
input.uogTrLqea,input.PKUICST3,0.00000
input.uogTrLqeabd,input.PKUICST3,0.00000
input.uogTrLqeabdd,input.PKUICST3,0.00000
input.uogTrUB2,input.PKUICST3,0.00000
input.UTBase,input.PKUICST3,0.00000
input.UTBaseRTF,input.PKUICST3,0.00000
input.UTWngFuture,input.PKUICST3,0.00000
input.UTWngFutureQ,input.PKUICST3,0.00000
input.waterlooa1,input.PKUICST3,0.00000
input.waterlooa2,input.PKUICST3,0.00000
input.waterlooa3,input.PKUICST3,0.00000
input.waterlooa4,input.PKUICST3,0.00000
input.WESTfilext,input.PKUICST3,0.00000
input.WESTfilter,input.PKUICST3,0.00000
input.WESTrelint,input.PKUICST3,0.00000
input.WESTrlext,input.PKUICST3,0.00000
input.Wise2ndRun,input.PKUICST3,0.00014
input.WiseFifthRun,input.PKUICST3,0.00000
input.WiseFouthRun,input.PKUICST3,0.00000
input.WiseThirdRun,input.PKUICST3,0.00014
input.ya3,input.PKUICST3,0.00000
input.ya4,input.PKUICST3,0.00000
input.YNDXTPC1,input.PKUICST3,0.00000
input.YNDXTPC2,input.PKUICST3,0.00000
input.PL2Bo1SDExt,input.PKUICST4,0.00000
input.PL2NoQENoDM,input.PKUICST4,0.00000
input.PL2NoQeSd,input.PKUICST4,0.00000
input.PL2NoQeSdExt,input.PKUICST4,0.00000
input.PRISrun1,input.PKUICST4,0.00165
input.PRISrun2,input.PKUICST4,0.69229
input.PRISrun3,input.PKUICST4,0.00045
input.PRISrun4,input.PKUICST4,0.00005
input.QCRIwoTagOrg,input.PKUICST4,0.00000
input.QCRIwTagOrg,input.PKUICST4,0.00000
input.qHtagBaseRun,input.PKUICST4,0.00000
input.qRefLThresh,input.PKUICST4,0.00000
input.refBalRun,input.PKUICST4,0.00000
input.refRelRun,input.PKUICST4,0.00000
input.relevanceRun,input.PKUICST4,0.00000
input.RFD,input.PKUICST4,0.00000
input.ri,input.PKUICST4,0.00000
input.rit,input.PKUICST4,0.00000
input.rit3,input.PKUICST4,0.00000
input.RMITAR,input.PKUICST4,0.00000
input.RMITM,input.PKUICST4,0.00000
input.RMITMR,input.PKUICST4,0.00000
input.RMITMRR,input.PKUICST4,0.00000
input.Rocchio,input.PKUICST4,0.00000
input.RTB,input.PKUICST4,0.00000
input.run1,input.PKUICST4,0.00000
input.run1a,input.PKUICST4,0.00000
input.run1fix,input.PKUICST4,0.00000
input.run2,input.PKUICST4,0.00024
input.run2a,input.PKUICST4,0.00000
input.run3,input.PKUICST4,0.01593
input.run3a,input.PKUICST4,0.00000
input.run4,input.PKUICST4,0.00110
input.run4a,input.PKUICST4,0.00000
input.RunAll,input.PKUICST4,0.00000
input.RunFut,input.PKUICST4,0.00000
input.runNeMIS,input.PKUICST4,0.00000
input.runNeMISext,input.PKUICST4,0.00000
input.RunPure,input.PKUICST4,0.00000
input.scurtuRun1,input.PKUICST4,0.00000
input.sielrun1,input.PKUICST4,0.00000
input.sielrun2,input.PKUICST4,0.00000
input.sielrun3,input.PKUICST4,0.00000
input.sielrun4,input.PKUICST4,0.00000
input.SienaCL1B,input.PKUICST4,0.00000
input.SienaCL31,input.PKUICST4,0.00000
input.SienaCL342,input.PKUICST4,0.00000
input.SienaCLbase,input.PKUICST4,0.00000
input.simfoll,input.PKUICST4,0.00000
input.simfollTP01,input.PKUICST4,0.00000
input.sylesNoRes,input.PKUICST4,0.00000
input.tfTP01,input.PKUICST4,0.00000
input.udelIndri,input.PKUICST4,0.00000
input.udelLucene,input.PKUICST4,0.00000
input.UDMicroComb1,input.PKUICST4,0.00000
input.UDMicroComb2,input.PKUICST4,0.00000
input.UDMicroIDF,input.PKUICST4,0.00000
input.UDMicroIDFD,input.PKUICST4,0.00000
input.uicir1,input.PKUICST4,0.00000
input.uicir2,input.PKUICST4,0.00000
input.UIowaS1,input.PKUICST4,0.00000
input.UIowaS2,input.PKUICST4,0.00000
input.UIowaS3,input.PKUICST4,0.00000
input.UIowaS4,input.PKUICST4,0.00000
input.uiucsf,input.PKUICST4,0.00000
input.uogTrLqea,input.PKUICST4,0.00000
input.uogTrLqeabd,input.PKUICST4,0.00000
input.uogTrLqeabdd,input.PKUICST4,0.00000
input.uogTrUB2,input.PKUICST4,0.00000
input.UTBase,input.PKUICST4,0.00000
input.UTBaseRTF,input.PKUICST4,0.00000
input.UTWngFuture,input.PKUICST4,0.00000
input.UTWngFutureQ,input.PKUICST4,0.00000
input.waterlooa1,input.PKUICST4,0.00000
input.waterlooa2,input.PKUICST4,0.00000
input.waterlooa3,input.PKUICST4,0.00000
input.waterlooa4,input.PKUICST4,0.00000
input.WESTfilext,input.PKUICST4,0.00000
input.WESTfilter,input.PKUICST4,0.00000
input.WESTrelint,input.PKUICST4,0.00000
input.WESTrlext,input.PKUICST4,0.00000
input.Wise2ndRun,input.PKUICST4,0.00000
input.WiseFifthRun,input.PKUICST4,0.00000
input.WiseFouthRun,input.PKUICST4,0.00000
input.WiseThirdRun,input.PKUICST4,0.00000
input.ya3,input.PKUICST4,0.00000
input.ya4,input.PKUICST4,0.00000
input.YNDXTPC1,input.PKUICST4,0.00000
input.YNDXTPC2,input.PKUICST4,0.00000
input.PL2NoQENoDM,input.PL2Bo1SDExt,0.00000
input.PL2NoQeSd,input.PL2Bo1SDExt,0.00000
input.PL2NoQeSdExt,input.PL2Bo1SDExt,0.98542
input.PRISrun1,input.PL2Bo1SDExt,0.00000
input.PRISrun2,input.PL2Bo1SDExt,0.00000
input.PRISrun3,input.PL2Bo1SDExt,0.00000
input.PRISrun4,input.PL2Bo1SDExt,0.00000
input.QCRIwoTagOrg,input.PL2Bo1SDExt,0.00000
input.QCRIwTagOrg,input.PL2Bo1SDExt,0.00000
input.qHtagBaseRun,input.PL2Bo1SDExt,0.00001
input.qRefLThresh,input.PL2Bo1SDExt,0.00000
input.refBalRun,input.PL2Bo1SDExt,0.00000
input.refRelRun,input.PL2Bo1SDExt,0.00000
input.relevanceRun,input.PL2Bo1SDExt,0.00000
input.RFD,input.PL2Bo1SDExt,0.00000
input.ri,input.PL2Bo1SDExt,0.00000
input.rit,input.PL2Bo1SDExt,0.00000
input.rit3,input.PL2Bo1SDExt,0.00000
input.RMITAR,input.PL2Bo1SDExt,0.00000
input.RMITM,input.PL2Bo1SDExt,0.00000
input.RMITMR,input.PL2Bo1SDExt,0.00000
input.RMITMRR,input.PL2Bo1SDExt,0.00000
input.Rocchio,input.PL2Bo1SDExt,0.00000
input.RTB,input.PL2Bo1SDExt,0.54402
input.run1,input.PL2Bo1SDExt,0.00000
input.run1a,input.PL2Bo1SDExt,0.05107
input.run1fix,input.PL2Bo1SDExt,0.00000
input.run2,input.PL2Bo1SDExt,0.00000
input.run2a,input.PL2Bo1SDExt,0.01543
input.run3,input.PL2Bo1SDExt,0.00000
input.run3a,input.PL2Bo1SDExt,0.00065
input.run4,input.PL2Bo1SDExt,0.00000
input.run4a,input.PL2Bo1SDExt,0.00091
input.RunAll,input.PL2Bo1SDExt,0.00000
input.RunFut,input.PL2Bo1SDExt,0.00000
input.runNeMIS,input.PL2Bo1SDExt,0.00004
input.runNeMISext,input.PL2Bo1SDExt,0.00001
input.RunPure,input.PL2Bo1SDExt,0.00000
input.scurtuRun1,input.PL2Bo1SDExt,0.00000
input.sielrun1,input.PL2Bo1SDExt,0.00000
input.sielrun2,input.PL2Bo1SDExt,0.00000
input.sielrun3,input.PL2Bo1SDExt,0.00000
input.sielrun4,input.PL2Bo1SDExt,0.00000
input.SienaCL1B,input.PL2Bo1SDExt,0.00000
input.SienaCL31,input.PL2Bo1SDExt,0.00000
input.SienaCL342,input.PL2Bo1SDExt,0.00000
input.SienaCLbase,input.PL2Bo1SDExt,0.00000
input.simfoll,input.PL2Bo1SDExt,0.00000
input.simfollTP01,input.PL2Bo1SDExt,0.00000
input.sylesNoRes,input.PL2Bo1SDExt,0.00000
input.tfTP01,input.PL2Bo1SDExt,0.00000
input.udelIndri,input.PL2Bo1SDExt,0.00000
input.udelLucene,input.PL2Bo1SDExt,0.30182
input.UDMicroComb1,input.PL2Bo1SDExt,0.00000
input.UDMicroComb2,input.PL2Bo1SDExt,0.00000
input.UDMicroIDF,input.PL2Bo1SDExt,0.00000
input.UDMicroIDFD,input.PL2Bo1SDExt,0.00000
input.uicir1,input.PL2Bo1SDExt,0.00004
input.uicir2,input.PL2Bo1SDExt,0.00000
input.UIowaS1,input.PL2Bo1SDExt,0.00000
input.UIowaS2,input.PL2Bo1SDExt,0.00000
input.UIowaS3,input.PL2Bo1SDExt,0.00000
input.UIowaS4,input.PL2Bo1SDExt,0.00000
input.uiucsf,input.PL2Bo1SDExt,0.19942
input.uogTrLqea,input.PL2Bo1SDExt,0.00000
input.uogTrLqeabd,input.PL2Bo1SDExt,0.00000
input.uogTrLqeabdd,input.PL2Bo1SDExt,0.00000
input.uogTrUB2,input.PL2Bo1SDExt,0.00000
input.UTBase,input.PL2Bo1SDExt,0.00000
input.UTBaseRTF,input.PL2Bo1SDExt,0.79834
input.UTWngFuture,input.PL2Bo1SDExt,0.00000
input.UTWngFutureQ,input.PL2Bo1SDExt,0.00000
input.waterlooa1,input.PL2Bo1SDExt,0.00000
input.waterlooa2,input.PL2Bo1SDExt,0.00000
input.waterlooa3,input.PL2Bo1SDExt,0.00000
input.waterlooa4,input.PL2Bo1SDExt,0.00000
input.WESTfilext,input.PL2Bo1SDExt,0.00000
input.WESTfilter,input.PL2Bo1SDExt,0.00000
input.WESTrelint,input.PL2Bo1SDExt,0.00007
input.WESTrlext,input.PL2Bo1SDExt,0.00036
input.Wise2ndRun,input.PL2Bo1SDExt,0.00000
input.WiseFifthRun,input.PL2Bo1SDExt,0.00000
input.WiseFouthRun,input.PL2Bo1SDExt,0.00000
input.WiseThirdRun,input.PL2Bo1SDExt,0.00000
input.ya3,input.PL2Bo1SDExt,0.00006
input.ya4,input.PL2Bo1SDExt,0.00003
input.YNDXTPC1,input.PL2Bo1SDExt,0.00000
input.YNDXTPC2,input.PL2Bo1SDExt,0.00000
input.PL2NoQeSd,input.PL2NoQENoDM,0.88534
input.PL2NoQeSdExt,input.PL2NoQENoDM,0.00000
input.PRISrun1,input.PL2NoQENoDM,0.00000
input.PRISrun2,input.PL2NoQENoDM,0.00000
input.PRISrun3,input.PL2NoQENoDM,0.00000
input.PRISrun4,input.PL2NoQENoDM,0.00000
input.QCRIwoTagOrg,input.PL2NoQENoDM,0.52859
input.QCRIwTagOrg,input.PL2NoQENoDM,0.67405
input.qHtagBaseRun,input.PL2NoQENoDM,0.03096
input.qRefLThresh,input.PL2NoQENoDM,0.53478
input.refBalRun,input.PL2NoQENoDM,0.74625
input.refRelRun,input.PL2NoQENoDM,0.62700
input.relevanceRun,input.PL2NoQENoDM,0.27082
input.RFD,input.PL2NoQENoDM,0.04736
input.ri,input.PL2NoQENoDM,0.00215
input.rit,input.PL2NoQENoDM,0.06183
input.rit3,input.PL2NoQENoDM,0.69767
input.RMITAR,input.PL2NoQENoDM,0.00039
input.RMITM,input.PL2NoQENoDM,0.00135
input.RMITMR,input.PL2NoQENoDM,0.00076
input.RMITMRR,input.PL2NoQENoDM,0.02362
input.Rocchio,input.PL2NoQENoDM,0.06235
input.RTB,input.PL2NoQENoDM,0.00000
input.run1,input.PL2NoQENoDM,0.49891
input.run1a,input.PL2NoQENoDM,0.00000
input.run1fix,input.PL2NoQENoDM,0.00098
input.run2,input.PL2NoQENoDM,0.00000
input.run2a,input.PL2NoQENoDM,0.00003
input.run3,input.PL2NoQENoDM,0.00000
input.run3a,input.PL2NoQENoDM,0.00151
input.run4,input.PL2NoQENoDM,0.00000
input.run4a,input.PL2NoQENoDM,0.00109
input.RunAll,input.PL2NoQENoDM,0.37058
input.RunFut,input.PL2NoQENoDM,0.35867
input.runNeMIS,input.PL2NoQENoDM,0.01229
input.runNeMISext,input.PL2NoQENoDM,0.03055
input.RunPure,input.PL2NoQENoDM,0.44881
input.scurtuRun1,input.PL2NoQENoDM,0.14039
input.sielrun1,input.PL2NoQENoDM,0.04906
input.sielrun2,input.PL2NoQENoDM,0.16236
input.sielrun3,input.PL2NoQENoDM,0.30003
input.sielrun4,input.PL2NoQENoDM,0.15336
input.SienaCL1B,input.PL2NoQENoDM,0.39503
input.SienaCL31,input.PL2NoQENoDM,0.43787
input.SienaCL342,input.PL2NoQENoDM,0.31625
input.SienaCLbase,input.PL2NoQENoDM,0.75223
input.simfoll,input.PL2NoQENoDM,0.00008
input.simfollTP01,input.PL2NoQENoDM,0.00357
input.sylesNoRes,input.PL2NoQENoDM,0.02037
input.tfTP01,input.PL2NoQENoDM,0.00416
input.udelIndri,input.PL2NoQENoDM,0.69299
input.udelLucene,input.PL2NoQENoDM,0.00000
input.UDMicroComb1,input.PL2NoQENoDM,0.15850
input.UDMicroComb2,input.PL2NoQENoDM,0.69022
input.UDMicroIDF,input.PL2NoQENoDM,0.29439
input.UDMicroIDFD,input.PL2NoQENoDM,0.63976
input.uicir1,input.PL2NoQENoDM,0.01302
input.uicir2,input.PL2NoQENoDM,0.07849
input.UIowaS1,input.PL2NoQENoDM,0.59203
input.UIowaS2,input.PL2NoQENoDM,0.80148
input.UIowaS3,input.PL2NoQENoDM,0.82740
input.UIowaS4,input.PL2NoQENoDM,0.06121
input.uiucsf,input.PL2NoQENoDM,0.00000
input.uogTrLqea,input.PL2NoQENoDM,0.69185
input.uogTrLqeabd,input.PL2NoQENoDM,0.54760
input.uogTrLqeabdd,input.PL2NoQENoDM,0.41443
input.uogTrUB2,input.PL2NoQENoDM,0.20334
input.UTBase,input.PL2NoQENoDM,0.53063
input.UTBaseRTF,input.PL2NoQENoDM,0.00000
input.UTWngFuture,input.PL2NoQENoDM,0.51813
input.UTWngFutureQ,input.PL2NoQENoDM,0.23849
input.waterlooa1,input.PL2NoQENoDM,0.21486
input.waterlooa2,input.PL2NoQENoDM,0.42788
input.waterlooa3,input.PL2NoQENoDM,0.05557
input.waterlooa4,input.PL2NoQENoDM,0.14778
input.WESTfilext,input.PL2NoQENoDM,0.23768
input.WESTfilter,input.PL2NoQENoDM,0.57127
input.WESTrelint,input.PL2NoQENoDM,0.00883
input.WESTrlext,input.PL2NoQENoDM,0.00258
input.Wise2ndRun,input.PL2NoQENoDM,0.00440
input.WiseFifthRun,input.PL2NoQENoDM,0.53004
input.WiseFouthRun,input.PL2NoQENoDM,0.32935
input.WiseThirdRun,input.PL2NoQENoDM,0.00440
input.ya3,input.PL2NoQENoDM,0.01033
input.ya4,input.PL2NoQENoDM,0.01762
input.YNDXTPC1,input.PL2NoQENoDM,0.04972
input.YNDXTPC2,input.PL2NoQENoDM,0.07665
input.PL2NoQeSdExt,input.PL2NoQeSd,0.00000
input.PRISrun1,input.PL2NoQeSd,0.00000
input.PRISrun2,input.PL2NoQeSd,0.00000
input.PRISrun3,input.PL2NoQeSd,0.00000
input.PRISrun4,input.PL2NoQeSd,0.00000
input.QCRIwoTagOrg,input.PL2NoQeSd,0.62700
input.QCRIwTagOrg,input.PL2NoQeSd,0.78224
input.qHtagBaseRun,input.PL2NoQeSd,0.04407
input.qRefLThresh,input.PL2NoQeSd,0.63371
input.refBalRun,input.PL2NoQeSd,0.85763
input.refRelRun,input.PL2NoQeSd,0.52859
input.relevanceRun,input.PL2NoQeSd,0.21299
input.RFD,input.PL2NoQeSd,0.03340
input.ri,input.PL2NoQeSd,0.00132
input.rit,input.PL2NoQeSd,0.04425
input.rit3,input.PL2NoQeSd,0.59426
input.RMITAR,input.PL2NoQeSd,0.00022
input.RMITM,input.PL2NoQeSd,0.00081
input.RMITMR,input.PL2NoQeSd,0.00044
input.RMITMRR,input.PL2NoQeSd,0.01606
input.Rocchio,input.PL2NoQeSd,0.04465
input.RTB,input.PL2NoQeSd,0.00000
input.run1,input.PL2NoQeSd,0.41198
input.run1a,input.PL2NoQeSd,0.00001
input.run1fix,input.PL2NoQeSd,0.00058
input.run2,input.PL2NoQeSd,0.00000
input.run2a,input.PL2NoQeSd,0.00006
input.run3,input.PL2NoQeSd,0.00000
input.run3a,input.PL2NoQeSd,0.00245
input.run4,input.PL2NoQeSd,0.00000
input.run4a,input.PL2NoQeSd,0.00179
input.RunAll,input.PL2NoQeSd,0.45254
input.RunFut,input.PL2NoQeSd,0.43911
input.runNeMIS,input.PL2NoQeSd,0.01830
input.runNeMISext,input.PL2NoQeSd,0.04352
input.RunPure,input.PL2NoQeSd,0.53975
input.scurtuRun1,input.PL2NoQeSd,0.18347
input.sielrun1,input.PL2NoQeSd,0.06817
input.sielrun2,input.PL2NoQeSd,0.21022
input.sielrun3,input.PL2NoQeSd,0.37231
input.sielrun4,input.PL2NoQeSd,0.19930
input.SienaCL1B,input.PL2NoQeSd,0.31987
input.SienaCL31,input.PL2NoQeSd,0.35757
input.SienaCL342,input.PL2NoQeSd,0.25163
input.SienaCLbase,input.PL2NoQeSd,0.86383
input.simfoll,input.PL2NoQeSd,0.00004
input.simfollTP01,input.PL2NoQeSd,0.00223
input.sylesNoRes,input.PL2NoQeSd,0.01375
input.tfTP01,input.PL2NoQeSd,0.00262
input.udelIndri,input.PL2NoQeSd,0.58989
input.udelLucene,input.PL2NoQeSd,0.00000
input.UDMicroComb1,input.PL2NoQeSd,0.20554
input.UDMicroComb2,input.PL2NoQeSd,0.58729
input.UDMicroIDF,input.PL2NoQeSd,0.23297
input.UDMicroIDFD,input.PL2NoQeSd,0.74607
input.uicir1,input.PL2NoQeSd,0.01933
input.uicir2,input.PL2NoQeSd,0.10624
input.UIowaS1,input.PL2NoQeSd,0.69529
input.UIowaS2,input.PL2NoQeSd,0.91461
input.UIowaS3,input.PL2NoQeSd,0.94114
input.UIowaS4,input.PL2NoQeSd,0.04378
input.uiucsf,input.PL2NoQeSd,0.00000
input.uogTrLqea,input.PL2NoQeSd,0.80093
input.uogTrLqeabd,input.PL2NoQeSd,0.64756
input.uogTrLqeabdd,input.PL2NoQeSd,0.50164
input.uogTrUB2,input.PL2NoQeSd,0.25937
input.UTBase,input.PL2NoQeSd,0.62920
input.UTBaseRTF,input.PL2NoQeSd,0.00000
input.UTWngFuture,input.PL2NoQeSd,0.42928
input.UTWngFutureQ,input.PL2NoQeSd,0.18584
input.waterlooa1,input.PL2NoQeSd,0.16620
input.waterlooa2,input.PL2NoQeSd,0.34875
input.waterlooa3,input.PL2NoQeSd,0.03953
input.waterlooa4,input.PL2NoQeSd,0.11147
input.WESTfilext,input.PL2NoQeSd,0.29992
input.WESTfilter,input.PL2NoQeSd,0.67304
input.WESTrelint,input.PL2NoQeSd,0.01334
input.WESTrlext,input.PL2NoQeSd,0.00411
input.Wise2ndRun,input.PL2NoQeSd,0.00277
input.WiseFifthRun,input.PL2NoQeSd,0.44003
input.WiseFouthRun,input.PL2NoQeSd,0.26287
input.WiseThirdRun,input.PL2NoQeSd,0.00277
input.ya3,input.PL2NoQeSd,0.01550
input.ya4,input.PL2NoQeSd,0.02579
input.YNDXTPC1,input.PL2NoQeSd,0.06904
input.YNDXTPC2,input.PL2NoQeSd,0.10389
input.PRISrun1,input.PL2NoQeSdExt,0.00000
input.PRISrun2,input.PL2NoQeSdExt,0.00000
input.PRISrun3,input.PL2NoQeSdExt,0.00000
input.PRISrun4,input.PL2NoQeSdExt,0.00000
input.QCRIwoTagOrg,input.PL2NoQeSdExt,0.00000
input.QCRIwTagOrg,input.PL2NoQeSdExt,0.00000
input.qHtagBaseRun,input.PL2NoQeSdExt,0.00001
input.qRefLThresh,input.PL2NoQeSdExt,0.00000
input.refBalRun,input.PL2NoQeSdExt,0.00000
input.refRelRun,input.PL2NoQeSdExt,0.00000
input.relevanceRun,input.PL2NoQeSdExt,0.00000
input.RFD,input.PL2NoQeSdExt,0.00000
input.ri,input.PL2NoQeSdExt,0.00000
input.rit,input.PL2NoQeSdExt,0.00000
input.rit3,input.PL2NoQeSdExt,0.00000
input.RMITAR,input.PL2NoQeSdExt,0.00000
input.RMITM,input.PL2NoQeSdExt,0.00000
input.RMITMR,input.PL2NoQeSdExt,0.00000
input.RMITMRR,input.PL2NoQeSdExt,0.00000
input.Rocchio,input.PL2NoQeSdExt,0.00000
input.RTB,input.PL2NoQeSdExt,0.55622
input.run1,input.PL2NoQeSdExt,0.00000
input.run1a,input.PL2NoQeSdExt,0.04894
input.run1fix,input.PL2NoQeSdExt,0.00000
input.run2,input.PL2NoQeSdExt,0.00000
input.run2a,input.PL2NoQeSdExt,0.01467
input.run3,input.PL2NoQeSdExt,0.00000
input.run3a,input.PL2NoQeSdExt,0.00060
input.run4,input.PL2NoQeSdExt,0.00000
input.run4a,input.PL2NoQeSdExt,0.00085
input.RunAll,input.PL2NoQeSdExt,0.00000
input.RunFut,input.PL2NoQeSdExt,0.00000
input.runNeMIS,input.PL2NoQeSdExt,0.00004
input.runNeMISext,input.PL2NoQeSdExt,0.00001
input.RunPure,input.PL2NoQeSdExt,0.00000
input.scurtuRun1,input.PL2NoQeSdExt,0.00000
input.sielrun1,input.PL2NoQeSdExt,0.00000
input.sielrun2,input.PL2NoQeSdExt,0.00000
input.sielrun3,input.PL2NoQeSdExt,0.00000
input.sielrun4,input.PL2NoQeSdExt,0.00000
input.SienaCL1B,input.PL2NoQeSdExt,0.00000
input.SienaCL31,input.PL2NoQeSdExt,0.00000
input.SienaCL342,input.PL2NoQeSdExt,0.00000
input.SienaCLbase,input.PL2NoQeSdExt,0.00000
input.simfoll,input.PL2NoQeSdExt,0.00000
input.simfollTP01,input.PL2NoQeSdExt,0.00000
input.sylesNoRes,input.PL2NoQeSdExt,0.00000
input.tfTP01,input.PL2NoQeSdExt,0.00000
input.udelIndri,input.PL2NoQeSdExt,0.00000
input.udelLucene,input.PL2NoQeSdExt,0.29334
input.UDMicroComb1,input.PL2NoQeSdExt,0.00000
input.UDMicroComb2,input.PL2NoQeSdExt,0.00000
input.UDMicroIDF,input.PL2NoQeSdExt,0.00000
input.UDMicroIDFD,input.PL2NoQeSdExt,0.00000
input.uicir1,input.PL2NoQeSdExt,0.00004
input.uicir2,input.PL2NoQeSdExt,0.00000
input.UIowaS1,input.PL2NoQeSdExt,0.00000
input.UIowaS2,input.PL2NoQeSdExt,0.00000
input.UIowaS3,input.PL2NoQeSdExt,0.00000
input.UIowaS4,input.PL2NoQeSdExt,0.00000
input.uiucsf,input.PL2NoQeSdExt,0.20590
input.uogTrLqea,input.PL2NoQeSdExt,0.00000
input.uogTrLqeabd,input.PL2NoQeSdExt,0.00000
input.uogTrLqeabdd,input.PL2NoQeSdExt,0.00000
input.uogTrUB2,input.PL2NoQeSdExt,0.00000
input.UTBase,input.PL2NoQeSdExt,0.00000
input.UTBaseRTF,input.PL2NoQeSdExt,0.78426
input.UTWngFuture,input.PL2NoQeSdExt,0.00000
input.UTWngFutureQ,input.PL2NoQeSdExt,0.00000
input.waterlooa1,input.PL2NoQeSdExt,0.00000
input.waterlooa2,input.PL2NoQeSdExt,0.00000
input.waterlooa3,input.PL2NoQeSdExt,0.00000
input.waterlooa4,input.PL2NoQeSdExt,0.00000
input.WESTfilext,input.PL2NoQeSdExt,0.00000
input.WESTfilter,input.PL2NoQeSdExt,0.00000
input.WESTrelint,input.PL2NoQeSdExt,0.00007
input.WESTrlext,input.PL2NoQeSdExt,0.00033
input.Wise2ndRun,input.PL2NoQeSdExt,0.00000
input.WiseFifthRun,input.PL2NoQeSdExt,0.00000
input.WiseFouthRun,input.PL2NoQeSdExt,0.00000
input.WiseThirdRun,input.PL2NoQeSdExt,0.00000
input.ya3,input.PL2NoQeSdExt,0.00005
input.ya4,input.PL2NoQeSdExt,0.00002
input.YNDXTPC1,input.PL2NoQeSdExt,0.00000
input.YNDXTPC2,input.PL2NoQeSdExt,0.00000
input.PRISrun2,input.PRISrun1,0.00040
input.PRISrun3,input.PRISrun1,0.71780
input.PRISrun4,input.PRISrun1,0.36253
input.QCRIwoTagOrg,input.PRISrun1,0.00000
input.QCRIwTagOrg,input.PRISrun1,0.00000
input.qHtagBaseRun,input.PRISrun1,0.00000
input.qRefLThresh,input.PRISrun1,0.00000
input.refBalRun,input.PRISrun1,0.00000
input.refRelRun,input.PRISrun1,0.00000
input.relevanceRun,input.PRISrun1,0.00000
input.RFD,input.PRISrun1,0.00018
input.ri,input.PRISrun1,0.00795
input.rit,input.PRISrun1,0.00012
input.rit3,input.PRISrun1,0.00000
input.RMITAR,input.PRISrun1,0.02953
input.RMITM,input.PRISrun1,0.01181
input.RMITMR,input.PRISrun1,0.01856
input.RMITMRR,input.PRISrun1,0.00054
input.Rocchio,input.PRISrun1,0.00011
input.RTB,input.PRISrun1,0.00000
input.run1,input.PRISrun1,0.00000
input.run1a,input.PRISrun1,0.00000
input.run1fix,input.PRISrun1,0.01527
input.run2,input.PRISrun1,0.60111
input.run2a,input.PRISrun1,0.00000
input.run3,input.PRISrun1,0.46169
input.run3a,input.PRISrun1,0.00000
input.run4,input.PRISrun1,0.90769
input.run4a,input.PRISrun1,0.00000
input.RunAll,input.PRISrun1,0.00000
input.RunFut,input.PRISrun1,0.00000
input.runNeMIS,input.PRISrun1,0.00000
input.runNeMISext,input.PRISrun1,0.00000
input.RunPure,input.PRISrun1,0.00000
input.scurtuRun1,input.PRISrun1,0.00000
input.sielrun1,input.PRISrun1,0.00000
input.sielrun2,input.PRISrun1,0.00000
input.sielrun3,input.PRISrun1,0.00000
input.sielrun4,input.PRISrun1,0.00000
input.SienaCL1B,input.PRISrun1,0.00000
input.SienaCL31,input.PRISrun1,0.00000
input.SienaCL342,input.PRISrun1,0.00000
input.SienaCLbase,input.PRISrun1,0.00000
input.simfoll,input.PRISrun1,0.07549
input.simfollTP01,input.PRISrun1,0.00498
input.sylesNoRes,input.PRISrun1,0.00067
input.tfTP01,input.PRISrun1,0.00428
input.udelIndri,input.PRISrun1,0.00000
input.udelLucene,input.PRISrun1,0.00000
input.UDMicroComb1,input.PRISrun1,0.00000
input.UDMicroComb2,input.PRISrun1,0.00000
input.UDMicroIDF,input.PRISrun1,0.00000
input.UDMicroIDFD,input.PRISrun1,0.00000
input.uicir1,input.PRISrun1,0.00000
input.uicir2,input.PRISrun1,0.00000
input.UIowaS1,input.PRISrun1,0.00000
input.UIowaS2,input.PRISrun1,0.00000
input.UIowaS3,input.PRISrun1,0.00000
input.UIowaS4,input.PRISrun1,0.00012
input.uiucsf,input.PRISrun1,0.00000
input.uogTrLqea,input.PRISrun1,0.00000
input.uogTrLqeabd,input.PRISrun1,0.00000
input.uogTrLqeabdd,input.PRISrun1,0.00000
input.uogTrUB2,input.PRISrun1,0.00000
input.UTBase,input.PRISrun1,0.00000
input.UTBaseRTF,input.PRISrun1,0.00000
input.UTWngFuture,input.PRISrun1,0.00000
input.UTWngFutureQ,input.PRISrun1,0.00001
input.waterlooa1,input.PRISrun1,0.00001
input.waterlooa2,input.PRISrun1,0.00000
input.waterlooa3,input.PRISrun1,0.00014
input.waterlooa4,input.PRISrun1,0.00002
input.WESTfilext,input.PRISrun1,0.00000
input.WESTfilter,input.PRISrun1,0.00000
input.WESTrelint,input.PRISrun1,0.00000
input.WESTrlext,input.PRISrun1,0.00000
input.Wise2ndRun,input.PRISrun1,0.00405
input.WiseFifthRun,input.PRISrun1,0.00000
input.WiseFouthRun,input.PRISrun1,0.00000
input.WiseThirdRun,input.PRISrun1,0.00405
input.ya3,input.PRISrun1,0.00000
input.ya4,input.PRISrun1,0.00000
input.YNDXTPC1,input.PRISrun1,0.00000
input.YNDXTPC2,input.PRISrun1,0.00000
input.PRISrun3,input.PRISrun2,0.00009
input.PRISrun4,input.PRISrun2,0.00001
input.QCRIwoTagOrg,input.PRISrun2,0.00000
input.QCRIwTagOrg,input.PRISrun2,0.00000
input.qHtagBaseRun,input.PRISrun2,0.00000
input.qRefLThresh,input.PRISrun2,0.00000
input.refBalRun,input.PRISrun2,0.00000
input.refRelRun,input.PRISrun2,0.00000
input.relevanceRun,input.PRISrun2,0.00000
input.RFD,input.PRISrun2,0.00000
input.ri,input.PRISrun2,0.00000
input.rit,input.PRISrun2,0.00000
input.rit3,input.PRISrun2,0.00000
input.RMITAR,input.PRISrun2,0.00000
input.RMITM,input.PRISrun2,0.00000
input.RMITMR,input.PRISrun2,0.00000
input.RMITMRR,input.PRISrun2,0.00000
input.Rocchio,input.PRISrun2,0.00000
input.RTB,input.PRISrun2,0.00000
input.run1,input.PRISrun2,0.00000
input.run1a,input.PRISrun2,0.00000
input.run1fix,input.PRISrun2,0.00000
input.run2,input.PRISrun2,0.00005
input.run2a,input.PRISrun2,0.00000
input.run3,input.PRISrun2,0.00501
input.run3a,input.PRISrun2,0.00000
input.run4,input.PRISrun2,0.00025
input.run4a,input.PRISrun2,0.00000
input.RunAll,input.PRISrun2,0.00000
input.RunFut,input.PRISrun2,0.00000
input.runNeMIS,input.PRISrun2,0.00000
input.runNeMISext,input.PRISrun2,0.00000
input.RunPure,input.PRISrun2,0.00000
input.scurtuRun1,input.PRISrun2,0.00000
input.sielrun1,input.PRISrun2,0.00000
input.sielrun2,input.PRISrun2,0.00000
input.sielrun3,input.PRISrun2,0.00000
input.sielrun4,input.PRISrun2,0.00000
input.SienaCL1B,input.PRISrun2,0.00000
input.SienaCL31,input.PRISrun2,0.00000
input.SienaCL342,input.PRISrun2,0.00000
input.SienaCLbase,input.PRISrun2,0.00000
input.simfoll,input.PRISrun2,0.00000
input.simfollTP01,input.PRISrun2,0.00000
input.sylesNoRes,input.PRISrun2,0.00000
input.tfTP01,input.PRISrun2,0.00000
input.udelIndri,input.PRISrun2,0.00000
input.udelLucene,input.PRISrun2,0.00000
input.UDMicroComb1,input.PRISrun2,0.00000
input.UDMicroComb2,input.PRISrun2,0.00000
input.UDMicroIDF,input.PRISrun2,0.00000
input.UDMicroIDFD,input.PRISrun2,0.00000
input.uicir1,input.PRISrun2,0.00000
input.uicir2,input.PRISrun2,0.00000
input.UIowaS1,input.PRISrun2,0.00000
input.UIowaS2,input.PRISrun2,0.00000
input.UIowaS3,input.PRISrun2,0.00000
input.UIowaS4,input.PRISrun2,0.00000
input.uiucsf,input.PRISrun2,0.00000
input.uogTrLqea,input.PRISrun2,0.00000
input.uogTrLqeabd,input.PRISrun2,0.00000
input.uogTrLqeabdd,input.PRISrun2,0.00000
input.uogTrUB2,input.PRISrun2,0.00000
input.UTBase,input.PRISrun2,0.00000
input.UTBaseRTF,input.PRISrun2,0.00000
input.UTWngFuture,input.PRISrun2,0.00000
input.UTWngFutureQ,input.PRISrun2,0.00000
input.waterlooa1,input.PRISrun2,0.00000
input.waterlooa2,input.PRISrun2,0.00000
input.waterlooa3,input.PRISrun2,0.00000
input.waterlooa4,input.PRISrun2,0.00000
input.WESTfilext,input.PRISrun2,0.00000
input.WESTfilter,input.PRISrun2,0.00000
input.WESTrelint,input.PRISrun2,0.00000
input.WESTrlext,input.PRISrun2,0.00000
input.Wise2ndRun,input.PRISrun2,0.00000
input.WiseFifthRun,input.PRISrun2,0.00000
input.WiseFouthRun,input.PRISrun2,0.00000
input.WiseThirdRun,input.PRISrun2,0.00000
input.ya3,input.PRISrun2,0.00000
input.ya4,input.PRISrun2,0.00000
input.YNDXTPC1,input.PRISrun2,0.00000
input.YNDXTPC2,input.PRISrun2,0.00000
input.PRISrun4,input.PRISrun3,0.58290
input.QCRIwoTagOrg,input.PRISrun3,0.00000
input.QCRIwTagOrg,input.PRISrun3,0.00000
input.qHtagBaseRun,input.PRISrun3,0.00000
input.qRefLThresh,input.PRISrun3,0.00000
input.refBalRun,input.PRISrun3,0.00000
input.refRelRun,input.PRISrun3,0.00000
input.relevanceRun,input.PRISrun3,0.00002
input.RFD,input.PRISrun3,0.00073
input.ri,input.PRISrun3,0.02185
input.rit,input.PRISrun3,0.00048
input.rit3,input.PRISrun3,0.00000
input.RMITAR,input.PRISrun3,0.06953
input.RMITM,input.PRISrun3,0.03105
input.RMITMR,input.PRISrun3,0.04628
input.RMITMRR,input.PRISrun3,0.00195
input.Rocchio,input.PRISrun3,0.00047
input.RTB,input.PRISrun3,0.00000
input.run1,input.PRISrun3,0.00000
input.run1a,input.PRISrun3,0.00000
input.run1fix,input.PRISrun3,0.03897
input.run2,input.PRISrun3,0.87177
input.run2a,input.PRISrun3,0.00000
input.run3,input.PRISrun3,0.27243
input.run3a,input.PRISrun3,0.00000
input.run4,input.PRISrun3,0.80610
input.run4a,input.PRISrun3,0.00000
input.RunAll,input.PRISrun3,0.00000
input.RunFut,input.PRISrun3,0.00000
input.runNeMIS,input.PRISrun3,0.00000
input.runNeMISext,input.PRISrun3,0.00000
input.RunPure,input.PRISrun3,0.00000
input.scurtuRun1,input.PRISrun3,0.00000
input.sielrun1,input.PRISrun3,0.00000
input.sielrun2,input.PRISrun3,0.00000
input.sielrun3,input.PRISrun3,0.00000
input.sielrun4,input.PRISrun3,0.00000
input.SienaCL1B,input.PRISrun3,0.00001
input.SienaCL31,input.PRISrun3,0.00000
input.SienaCL342,input.PRISrun3,0.00001
input.SienaCLbase,input.PRISrun3,0.00000
input.simfoll,input.PRISrun3,0.15676
input.simfollTP01,input.PRISrun3,0.01440
input.sylesNoRes,input.PRISrun3,0.00235
input.tfTP01,input.PRISrun3,0.01257
input.udelIndri,input.PRISrun3,0.00000
input.udelLucene,input.PRISrun3,0.00000
input.UDMicroComb1,input.PRISrun3,0.00000
input.UDMicroComb2,input.PRISrun3,0.00000
input.UDMicroIDF,input.PRISrun3,0.00002
input.UDMicroIDFD,input.PRISrun3,0.00000
input.uicir1,input.PRISrun3,0.00000
input.uicir2,input.PRISrun3,0.00000
input.UIowaS1,input.PRISrun3,0.00000
input.UIowaS2,input.PRISrun3,0.00000
input.UIowaS3,input.PRISrun3,0.00000
input.UIowaS4,input.PRISrun3,0.00048
input.uiucsf,input.PRISrun3,0.00000
input.uogTrLqea,input.PRISrun3,0.00000
input.uogTrLqeabd,input.PRISrun3,0.00000
input.uogTrLqeabdd,input.PRISrun3,0.00000
input.uogTrUB2,input.PRISrun3,0.00000
input.UTBase,input.PRISrun3,0.00000
input.UTBaseRTF,input.PRISrun3,0.00000
input.UTWngFuture,input.PRISrun3,0.00000
input.UTWngFutureQ,input.PRISrun3,0.00003
input.waterlooa1,input.PRISrun3,0.00004
input.waterlooa2,input.PRISrun3,0.00000
input.waterlooa3,input.PRISrun3,0.00057
input.waterlooa4,input.PRISrun3,0.00009
input.WESTfilext,input.PRISrun3,0.00000
input.WESTfilter,input.PRISrun3,0.00000
input.WESTrelint,input.PRISrun3,0.00000
input.WESTrlext,input.PRISrun3,0.00000
input.Wise2ndRun,input.PRISrun3,0.01197
input.WiseFifthRun,input.PRISrun3,0.00000
input.WiseFouthRun,input.PRISrun3,0.00001
input.WiseThirdRun,input.PRISrun3,0.01197
input.ya3,input.PRISrun3,0.00000
input.ya4,input.PRISrun3,0.00000
input.YNDXTPC1,input.PRISrun3,0.00000
input.YNDXTPC2,input.PRISrun3,0.00000
input.QCRIwoTagOrg,input.PRISrun4,0.00000
input.QCRIwTagOrg,input.PRISrun4,0.00000
input.qHtagBaseRun,input.PRISrun4,0.00000
input.qRefLThresh,input.PRISrun4,0.00000
input.refBalRun,input.PRISrun4,0.00000
input.refRelRun,input.PRISrun4,0.00002
input.relevanceRun,input.PRISrun4,0.00021
input.RFD,input.PRISrun4,0.00467
input.ri,input.PRISrun4,0.08119
input.rit,input.PRISrun4,0.00324
input.rit3,input.PRISrun4,0.00001
input.RMITAR,input.PRISrun4,0.20558
input.RMITM,input.PRISrun4,0.10800
input.RMITMR,input.PRISrun4,0.14882
input.RMITMRR,input.PRISrun4,0.01081
input.Rocchio,input.PRISrun4,0.00320
input.RTB,input.PRISrun4,0.00000
input.run1,input.PRISrun4,0.00004
input.run1a,input.PRISrun4,0.00000
input.run1fix,input.PRISrun4,0.12967
input.run2,input.PRISrun4,0.69820
input.run2a,input.PRISrun4,0.00000
input.run3,input.PRISrun4,0.09963
input.run3a,input.PRISrun4,0.00000
input.run4,input.PRISrun4,0.42684
input.run4a,input.PRISrun4,0.00000
input.RunAll,input.PRISrun4,0.00000
input.RunFut,input.PRISrun4,0.00000
input.runNeMIS,input.PRISrun4,0.00000
input.runNeMISext,input.PRISrun4,0.00000
input.RunPure,input.PRISrun4,0.00000
input.scurtuRun1,input.PRISrun4,0.00000
input.sielrun1,input.PRISrun4,0.00000
input.sielrun2,input.PRISrun4,0.00000
input.sielrun3,input.PRISrun4,0.00000
input.sielrun4,input.PRISrun4,0.00000
input.SienaCL1B,input.PRISrun4,0.00007
input.SienaCL31,input.PRISrun4,0.00005
input.SienaCL342,input.PRISrun4,0.00014
input.SienaCLbase,input.PRISrun4,0.00000
input.simfoll,input.PRISrun4,0.38600
input.simfollTP01,input.PRISrun4,0.05769
input.sylesNoRes,input.PRISrun4,0.01269
input.tfTP01,input.PRISrun4,0.05160
input.udelIndri,input.PRISrun4,0.00001
input.udelLucene,input.PRISrun4,0.00000
input.UDMicroComb1,input.PRISrun4,0.00000
input.UDMicroComb2,input.PRISrun4,0.00001
input.UDMicroIDF,input.PRISrun4,0.00017
input.UDMicroIDFD,input.PRISrun4,0.00000
input.uicir1,input.PRISrun4,0.00000
input.uicir2,input.PRISrun4,0.00000
input.UIowaS1,input.PRISrun4,0.00000
input.UIowaS2,input.PRISrun4,0.00000
input.UIowaS3,input.PRISrun4,0.00000
input.UIowaS4,input.PRISrun4,0.00328
input.uiucsf,input.PRISrun4,0.00000
input.uogTrLqea,input.PRISrun4,0.00000
input.uogTrLqeabd,input.PRISrun4,0.00000
input.uogTrLqeabdd,input.PRISrun4,0.00000
input.uogTrUB2,input.PRISrun4,0.00000
input.UTBase,input.PRISrun4,0.00000
input.UTBaseRTF,input.PRISrun4,0.00000
input.UTWngFuture,input.PRISrun4,0.00003
input.UTWngFutureQ,input.PRISrun4,0.00028
input.waterlooa1,input.PRISrun4,0.00035
input.waterlooa2,input.PRISrun4,0.00006
input.waterlooa3,input.PRISrun4,0.00376
input.waterlooa4,input.PRISrun4,0.00077
input.WESTfilext,input.PRISrun4,0.00000
input.WESTfilter,input.PRISrun4,0.00000
input.WESTrelint,input.PRISrun4,0.00000
input.WESTrlext,input.PRISrun4,0.00000
input.Wise2ndRun,input.PRISrun4,0.04953
input.WiseFifthRun,input.PRISrun4,0.00003
input.WiseFouthRun,input.PRISrun4,0.00012
input.WiseThirdRun,input.PRISrun4,0.04953
input.ya3,input.PRISrun4,0.00000
input.ya4,input.PRISrun4,0.00000
input.YNDXTPC1,input.PRISrun4,0.00000
input.YNDXTPC2,input.PRISrun4,0.00000
input.QCRIwTagOrg,input.QCRIwoTagOrg,0.83402
input.qHtagBaseRun,input.QCRIwoTagOrg,0.12665
input.qRefLThresh,input.QCRIwoTagOrg,0.99247
input.refBalRun,input.QCRIwoTagOrg,0.75917
input.refRelRun,input.QCRIwoTagOrg,0.26437
input.relevanceRun,input.QCRIwoTagOrg,0.08339
input.RFD,input.QCRIwoTagOrg,0.00897
input.ri,input.QCRIwoTagOrg,0.00022
input.rit,input.QCRIwoTagOrg,0.01250
input.rit3,input.QCRIwoTagOrg,0.30838
input.RMITAR,input.QCRIwoTagOrg,0.00003
input.RMITM,input.QCRIwoTagOrg,0.00013
input.RMITMR,input.QCRIwoTagOrg,0.00006
input.RMITMRR,input.QCRIwoTagOrg,0.00381
input.Rocchio,input.QCRIwoTagOrg,0.01263
input.RTB,input.QCRIwoTagOrg,0.00000
input.run1,input.QCRIwoTagOrg,0.19143
input.run1a,input.QCRIwoTagOrg,0.00006
input.run1fix,input.QCRIwoTagOrg,0.00009
input.run2,input.QCRIwoTagOrg,0.00000
input.run2a,input.QCRIwoTagOrg,0.00041
input.run3,input.QCRIwoTagOrg,0.00000
input.run3a,input.QCRIwoTagOrg,0.01098
input.run4,input.QCRIwoTagOrg,0.00000
input.run4a,input.QCRIwoTagOrg,0.00837
input.RunAll,input.QCRIwoTagOrg,0.79083
input.RunFut,input.QCRIwoTagOrg,0.77354
input.runNeMIS,input.QCRIwoTagOrg,0.06100
input.runNeMISext,input.QCRIwoTagOrg,0.12533
input.RunPure,input.QCRIwoTagOrg,0.89875
input.scurtuRun1,input.QCRIwoTagOrg,0.39856
input.sielrun1,input.QCRIwoTagOrg,0.18093
input.sielrun2,input.QCRIwoTagOrg,0.44307
input.sielrun3,input.QCRIwoTagOrg,0.68459
input.sielrun4,input.QCRIwoTagOrg,0.42510
input.SienaCL1B,input.QCRIwoTagOrg,0.13869
input.SienaCL31,input.QCRIwoTagOrg,0.15974
input.SienaCL342,input.QCRIwoTagOrg,0.10261
input.SienaCLbase,input.QCRIwoTagOrg,0.75318
input.simfoll,input.QCRIwoTagOrg,0.00000
input.simfollTP01,input.QCRIwoTagOrg,0.00039
input.sylesNoRes,input.QCRIwoTagOrg,0.00318
input.tfTP01,input.QCRIwoTagOrg,0.00047
input.udelIndri,input.QCRIwoTagOrg,0.30539
input.udelLucene,input.QCRIwoTagOrg,0.00000
input.UDMicroComb1,input.QCRIwoTagOrg,0.43541
input.UDMicroComb2,input.QCRIwoTagOrg,0.30361
input.UDMicroIDF,input.QCRIwoTagOrg,0.09321
input.UDMicroIDFD,input.QCRIwoTagOrg,0.87121
input.uicir1,input.QCRIwoTagOrg,0.06385
input.uicir2,input.QCRIwoTagOrg,0.25874
input.UIowaS1,input.QCRIwoTagOrg,0.92490
input.UIowaS2,input.QCRIwoTagOrg,0.70489
input.UIowaS3,input.QCRIwoTagOrg,0.68025
input.UIowaS4,input.QCRIwoTagOrg,0.01235
input.uiucsf,input.QCRIwoTagOrg,0.00000
input.uogTrLqea,input.QCRIwoTagOrg,0.81513
input.uogTrLqeabd,input.QCRIwoTagOrg,0.97703
input.uogTrLqeabdd,input.QCRIwoTagOrg,0.85248
input.uogTrUB2,input.QCRIwoTagOrg,0.52092
input.UTBase,input.QCRIwoTagOrg,0.99752
input.UTBaseRTF,input.QCRIwoTagOrg,0.00000
input.UTWngFuture,input.QCRIwoTagOrg,0.20182
input.UTWngFutureQ,input.QCRIwoTagOrg,0.07046
input.waterlooa1,input.QCRIwoTagOrg,0.06142
input.waterlooa2,input.QCRIwoTagOrg,0.15474
input.waterlooa3,input.QCRIwoTagOrg,0.01094
input.waterlooa4,input.QCRIwoTagOrg,0.03775
input.WESTfilext,input.QCRIwoTagOrg,0.58188
input.WESTfilter,input.QCRIwoTagOrg,0.94899
input.WESTrelint,input.QCRIwoTagOrg,0.04676
input.WESTrlext,input.QCRIwoTagOrg,0.01714
input.Wise2ndRun,input.QCRIwoTagOrg,0.00051
input.WiseFifthRun,input.QCRIwoTagOrg,0.20835
input.WiseFouthRun,input.QCRIwoTagOrg,0.10836
input.WiseThirdRun,input.QCRIwoTagOrg,0.00051
input.ya3,input.QCRIwoTagOrg,0.05306
input.ya4,input.QCRIwoTagOrg,0.08127
input.YNDXTPC1,input.QCRIwoTagOrg,0.18280
input.YNDXTPC2,input.QCRIwoTagOrg,0.25416
input.qHtagBaseRun,input.QCRIwTagOrg,0.08239
input.qRefLThresh,input.QCRIwTagOrg,0.84139
input.refBalRun,input.QCRIwTagOrg,0.92272
input.refRelRun,input.QCRIwTagOrg,0.36464
input.relevanceRun,input.QCRIwTagOrg,0.12806
input.RFD,input.QCRIwTagOrg,0.01623
input.ri,input.QCRIwTagOrg,0.00049
input.rit,input.QCRIwTagOrg,0.02213
input.rit3,input.QCRIwTagOrg,0.41848
input.RMITAR,input.QCRIwTagOrg,0.00007
input.RMITM,input.QCRIwTagOrg,0.00029
input.RMITMR,input.QCRIwTagOrg,0.00015
input.RMITMRR,input.QCRIwTagOrg,0.00728
input.Rocchio,input.QCRIwTagOrg,0.02235
input.RTB,input.QCRIwTagOrg,0.00000
input.run1,input.QCRIwTagOrg,0.27272
input.run1a,input.QCRIwTagOrg,0.00003
input.run1fix,input.QCRIwTagOrg,0.00020
input.run2,input.QCRIwTagOrg,0.00000
input.run2a,input.QCRIwTagOrg,0.00018
input.run3,input.QCRIwTagOrg,0.00000
input.run3a,input.QCRIwTagOrg,0.00591
input.run4,input.QCRIwTagOrg,0.00000
input.run4a,input.QCRIwTagOrg,0.00442
input.RunAll,input.QCRIwTagOrg,0.63494
input.RunFut,input.QCRIwTagOrg,0.61897
input.runNeMIS,input.QCRIwTagOrg,0.03725
input.runNeMISext,input.QCRIwTagOrg,0.08145
input.RunPure,input.QCRIwTagOrg,0.73627
input.scurtuRun1,input.QCRIwTagOrg,0.29200
input.sielrun1,input.QCRIwTagOrg,0.12175
input.sielrun2,input.QCRIwTagOrg,0.32878
input.sielrun3,input.QCRIwTagOrg,0.53805
input.sielrun4,input.QCRIwTagOrg,0.31386
input.SienaCL1B,input.QCRIwTagOrg,0.20368
input.SienaCL31,input.QCRIwTagOrg,0.23154
input.SienaCL342,input.QCRIwTagOrg,0.15480
input.SienaCLbase,input.QCRIwTagOrg,0.91646
input.simfoll,input.QCRIwTagOrg,0.00001
input.simfollTP01,input.QCRIwTagOrg,0.00085
input.sylesNoRes,input.QCRIwTagOrg,0.00614
input.tfTP01,input.QCRIwTagOrg,0.00102
input.udelIndri,input.QCRIwTagOrg,0.41484
input.udelLucene,input.QCRIwTagOrg,0.00000
input.UDMicroComb1,input.QCRIwTagOrg,0.32240
input.UDMicroComb2,input.QCRIwTagOrg,0.41269
input.UDMicroIDF,input.QCRIwTagOrg,0.14179
input.UDMicroIDFD,input.QCRIwTagOrg,0.96217
input.uicir1,input.QCRIwTagOrg,0.03914
input.uicir2,input.QCRIwTagOrg,0.18059
input.UIowaS1,input.QCRIwTagOrg,0.90821
input.UIowaS2,input.QCRIwTagOrg,0.86566
input.UIowaS3,input.QCRIwTagOrg,0.83947
input.UIowaS4,input.QCRIwTagOrg,0.02187
input.uiucsf,input.QCRIwTagOrg,0.00000
input.uogTrLqea,input.QCRIwTagOrg,0.98065
input.uogTrLqeabd,input.QCRIwTagOrg,0.85655
input.uogTrLqeabdd,input.QCRIwTagOrg,0.69246
input.uogTrUB2,input.QCRIwTagOrg,0.39450
input.UTBase,input.QCRIwTagOrg,0.83644
input.UTBaseRTF,input.QCRIwTagOrg,0.00000
input.UTWngFuture,input.QCRIwTagOrg,0.28605
input.UTWngFutureQ,input.QCRIwTagOrg,0.10974
input.waterlooa1,input.QCRIwTagOrg,0.09673
input.waterlooa2,input.QCRIwTagOrg,0.22497
input.waterlooa3,input.QCRIwTagOrg,0.01954
input.waterlooa4,input.QCRIwTagOrg,0.06176
input.WESTfilext,input.QCRIwTagOrg,0.44713
input.WESTfilter,input.QCRIwTagOrg,0.88426
input.WESTrelint,input.QCRIwTagOrg,0.02795
input.WESTrlext,input.QCRIwTagOrg,0.00951
input.Wise2ndRun,input.QCRIwTagOrg,0.00108
input.WiseFifthRun,input.QCRIwTagOrg,0.29439
input.WiseFouthRun,input.QCRIwTagOrg,0.16270
input.WiseThirdRun,input.QCRIwTagOrg,0.00108
input.ya3,input.QCRIwTagOrg,0.03203
input.ya4,input.QCRIwTagOrg,0.05083
input.YNDXTPC1,input.QCRIwTagOrg,0.12314
input.YNDXTPC2,input.QCRIwTagOrg,0.17706
input.qRefLThresh,input.qHtagBaseRun,0.12432
input.refBalRun,input.qHtagBaseRun,0.06665
input.refRelRun,input.qHtagBaseRun,0.00820
input.relevanceRun,input.qHtagBaseRun,0.00112
input.RFD,input.qHtagBaseRun,0.00003
input.ri,input.qHtagBaseRun,0.00000
input.rit,input.qHtagBaseRun,0.00006
input.rit3,input.qHtagBaseRun,0.01089
input.RMITAR,input.qHtagBaseRun,0.00000
input.RMITM,input.qHtagBaseRun,0.00000
input.RMITMR,input.qHtagBaseRun,0.00000
input.RMITMRR,input.qHtagBaseRun,0.00001
input.Rocchio,input.qHtagBaseRun,0.00006
input.RTB,input.qHtagBaseRun,0.00000
input.run1,input.qHtagBaseRun,0.00460
input.run1a,input.qHtagBaseRun,0.01327
input.run1fix,input.qHtagBaseRun,0.00000
input.run2,input.qHtagBaseRun,0.00000
input.run2a,input.qHtagBaseRun,0.04495
input.run3,input.qHtagBaseRun,0.00000
input.run3a,input.qHtagBaseRun,0.30963
input.run4,input.qHtagBaseRun,0.00000
input.run4a,input.qHtagBaseRun,0.26725
input.RunAll,input.qHtagBaseRun,0.20687
input.RunFut,input.qHtagBaseRun,0.21508
input.runNeMIS,input.qHtagBaseRun,0.72930
input.runNeMISext,input.qHtagBaseRun,0.99576
input.RunPure,input.qHtagBaseRun,0.16145
input.scurtuRun1,input.qHtagBaseRun,0.49444
input.sielrun1,input.qHtagBaseRun,0.84967
input.sielrun2,input.qHtagBaseRun,0.44699
input.sielrun3,input.qHtagBaseRun,0.26218
input.sielrun4,input.qHtagBaseRun,0.46548
input.SienaCL1B,input.qHtagBaseRun,0.00263
input.SienaCL31,input.qHtagBaseRun,0.00335
input.SienaCL342,input.qHtagBaseRun,0.00158
input.SienaCLbase,input.qHtagBaseRun,0.06549
input.simfoll,input.qHtagBaseRun,0.00000
input.simfollTP01,input.qHtagBaseRun,0.00000
input.sylesNoRes,input.qHtagBaseRun,0.00001
input.tfTP01,input.qHtagBaseRun,0.00000
input.udelIndri,input.qHtagBaseRun,0.01070
input.udelLucene,input.qHtagBaseRun,0.00069
input.UDMicroComb1,input.qHtagBaseRun,0.45477
input.UDMicroComb2,input.qHtagBaseRun,0.01058
input.UDMicroIDF,input.qHtagBaseRun,0.00135
input.UDMicroIDFD,input.qHtagBaseRun,0.09111
input.uicir1,input.qHtagBaseRun,0.74462
input.uicir2,input.qHtagBaseRun,0.69057
input.UIowaS1,input.qHtagBaseRun,0.10486
input.UIowaS2,input.qHtagBaseRun,0.05663
input.UIowaS3,input.qHtagBaseRun,0.05243
input.UIowaS4,input.qHtagBaseRun,0.00006
input.uiucsf,input.qHtagBaseRun,0.00000
input.uogTrLqea,input.qHtagBaseRun,0.07819
input.uogTrLqeabd,input.qHtagBaseRun,0.11965
input.uogTrLqeabdd,input.qHtagBaseRun,0.17976
input.uogTrUB2,input.qHtagBaseRun,0.37587
input.UTBase,input.qHtagBaseRun,0.12588
input.UTBaseRTF,input.qHtagBaseRun,0.00003
input.UTWngFuture,input.qHtagBaseRun,0.00505
input.UTWngFutureQ,input.qHtagBaseRun,0.00085
input.waterlooa1,input.qHtagBaseRun,0.00068
input.waterlooa2,input.qHtagBaseRun,0.00317
input.waterlooa3,input.qHtagBaseRun,0.00005
input.waterlooa4,input.qHtagBaseRun,0.00031
input.WESTfilext,input.qHtagBaseRun,0.32867
input.WESTfilter,input.qHtagBaseRun,0.11151
input.WESTrelint,input.qHtagBaseRun,0.64477
input.WESTrlext,input.qHtagBaseRun,0.39185
input.Wise2ndRun,input.qHtagBaseRun,0.00000
input.WiseFifthRun,input.qHtagBaseRun,0.00534
input.WiseFouthRun,input.qHtagBaseRun,0.00173
input.WiseThirdRun,input.qHtagBaseRun,0.00000
input.ya3,input.qHtagBaseRun,0.68402
input.ya4,input.qHtagBaseRun,0.82908
input.YNDXTPC1,input.qHtagBaseRun,0.84518
input.YNDXTPC2,input.qHtagBaseRun,0.69865
input.refBalRun,input.qRefLThresh,0.76637
input.refRelRun,input.qRefLThresh,0.26844
input.relevanceRun,input.qRefLThresh,0.08509
input.RFD,input.qRefLThresh,0.00922
input.ri,input.qRefLThresh,0.00023
input.rit,input.qRefLThresh,0.01284
input.rit3,input.qRefLThresh,0.31289
input.RMITAR,input.qRefLThresh,0.00003
input.RMITM,input.qRefLThresh,0.00013
input.RMITMR,input.qRefLThresh,0.00007
input.RMITMRR,input.qRefLThresh,0.00393
input.Rocchio,input.qRefLThresh,0.01297
input.RTB,input.qRefLThresh,0.00000
input.run1,input.qRefLThresh,0.19465
input.run1a,input.qRefLThresh,0.00006
input.run1fix,input.qRefLThresh,0.00009
input.run2,input.qRefLThresh,0.00000
input.run2a,input.qRefLThresh,0.00040
input.run3,input.qRefLThresh,0.00000
input.run3a,input.qRefLThresh,0.01068
input.run4,input.qRefLThresh,0.00000
input.run4a,input.qRefLThresh,0.00814
input.RunAll,input.qRefLThresh,0.78357
input.RunFut,input.qRefLThresh,0.76632
input.runNeMIS,input.qRefLThresh,0.05971
input.runNeMISext,input.qRefLThresh,0.12302
input.RunPure,input.qRefLThresh,0.89129
input.scurtuRun1,input.qRefLThresh,0.39331
input.sielrun1,input.qRefLThresh,0.17787
input.sielrun2,input.qRefLThresh,0.43748
input.sielrun3,input.qRefLThresh,0.67767
input.sielrun4,input.qRefLThresh,0.41965
input.SienaCL1B,input.qRefLThresh,0.14123
input.SienaCL31,input.qRefLThresh,0.16256
input.SienaCL342,input.qRefLThresh,0.10461
input.SienaCLbase,input.qRefLThresh,0.76036
input.simfoll,input.qRefLThresh,0.00000
input.simfollTP01,input.qRefLThresh,0.00041
input.sylesNoRes,input.qRefLThresh,0.00328
input.tfTP01,input.qRefLThresh,0.00049
input.udelIndri,input.qRefLThresh,0.30986
input.udelLucene,input.qRefLThresh,0.00000
input.UDMicroComb1,input.qRefLThresh,0.42987
input.UDMicroComb2,input.qRefLThresh,0.30807
input.UDMicroIDF,input.qRefLThresh,0.09506
input.UDMicroIDFD,input.qRefLThresh,0.87865
input.uicir1,input.qRefLThresh,0.06251
input.uicir2,input.qRefLThresh,0.25478
input.UIowaS1,input.qRefLThresh,0.93240
input.UIowaS2,input.qRefLThresh,0.71191
input.UIowaS3,input.qRefLThresh,0.68718
input.UIowaS4,input.qRefLThresh,0.01268
input.uiucsf,input.qRefLThresh,0.00000
input.uogTrLqea,input.qRefLThresh,0.82247
input.uogTrLqeabd,input.qRefLThresh,0.98456
input.uogTrLqeabdd,input.qRefLThresh,0.84508
input.uogTrUB2,input.qRefLThresh,0.51481
input.UTBase,input.qRefLThresh,0.99495
input.UTBaseRTF,input.qRefLThresh,0.00000
input.UTWngFuture,input.qRefLThresh,0.20518
input.UTWngFutureQ,input.qRefLThresh,0.07194
input.waterlooa1,input.qRefLThresh,0.06274
input.waterlooa2,input.qRefLThresh,0.15750
input.waterlooa3,input.qRefLThresh,0.01124
input.waterlooa4,input.qRefLThresh,0.03863
input.WESTfilext,input.qRefLThresh,0.57542
input.WESTfilter,input.qRefLThresh,0.95651
input.WESTrelint,input.qRefLThresh,0.04572
input.WESTrlext,input.qRefLThresh,0.01670
input.Wise2ndRun,input.qRefLThresh,0.00052
input.WiseFifthRun,input.qRefLThresh,0.21179
input.WiseFouthRun,input.qRefLThresh,0.11046
input.WiseThirdRun,input.qRefLThresh,0.00052
input.ya3,input.qRefLThresh,0.05191
input.ya4,input.qRefLThresh,0.07964
input.YNDXTPC1,input.qRefLThresh,0.17972
input.YNDXTPC2,input.qRefLThresh,0.25025
input.refRelRun,input.refBalRun,0.41820
input.relevanceRun,input.refBalRun,0.15422
input.RFD,input.refBalRun,0.02107
input.ri,input.refBalRun,0.00069
input.rit,input.refBalRun,0.02844
input.rit3,input.refBalRun,0.47643
input.RMITAR,input.refBalRun,0.00011
input.RMITM,input.refBalRun,0.00042
input.RMITMR,input.refBalRun,0.00022
input.RMITMRR,input.refBalRun,0.00969
input.Rocchio,input.refBalRun,0.02872
input.RTB,input.refBalRun,0.00000
input.run1,input.refBalRun,0.31741
input.run1a,input.refBalRun,0.00002
input.run1fix,input.refBalRun,0.00029
input.run2,input.refBalRun,0.00000
input.run2a,input.refBalRun,0.00012
input.run3,input.refBalRun,0.00000
input.run3a,input.refBalRun,0.00437
input.run4,input.refBalRun,0.00000
input.run4a,input.refBalRun,0.00325
input.RunAll,input.refBalRun,0.56746
input.RunFut,input.refBalRun,0.55230
input.runNeMIS,input.refBalRun,0.02925
input.runNeMISext,input.refBalRun,0.06587
input.RunPure,input.refBalRun,0.66443
input.scurtuRun1,input.refBalRun,0.24983
input.sielrun1,input.refBalRun,0.10008
input.sielrun2,input.refBalRun,0.28301
input.sielrun3,input.refBalRun,0.47599
input.sielrun4,input.refBalRun,0.26952
input.SienaCL1B,input.refBalRun,0.24035
input.SienaCL31,input.refBalRun,0.27160
input.SienaCL342,input.refBalRun,0.18491
input.SienaCLbase,input.refBalRun,0.99371
input.simfoll,input.refBalRun,0.00002
input.simfollTP01,input.refBalRun,0.00121
input.sylesNoRes,input.refBalRun,0.00822
input.tfTP01,input.refBalRun,0.00143
input.udelIndri,input.refBalRun,0.47252
input.udelLucene,input.refBalRun,0.00000
input.UDMicroComb1,input.refBalRun,0.27724
input.UDMicroComb2,input.refBalRun,0.47020
input.UDMicroIDF,input.refBalRun,0.17002
input.UDMicroIDFD,input.refBalRun,0.88515
input.uicir1,input.refBalRun,0.03079
input.uicir2,input.refBalRun,0.15102
input.UIowaS1,input.refBalRun,0.83187
input.UIowaS2,input.refBalRun,0.94247
input.UIowaS3,input.refBalRun,0.91594
input.UIowaS4,input.refBalRun,0.02812
input.uiucsf,input.refBalRun,0.00000
input.uogTrLqea,input.refBalRun,0.94200
input.uogTrLqeabd,input.refBalRun,0.78119
input.uogTrLqeabdd,input.refBalRun,0.62235
input.uogTrUB2,input.refBalRun,0.34288
input.UTBase,input.refBalRun,0.76154
input.UTBaseRTF,input.refBalRun,0.00000
input.UTWngFuture,input.refBalRun,0.33214
input.UTWngFutureQ,input.refBalRun,0.13300
input.waterlooa1,input.refBalRun,0.11784
input.waterlooa2,input.refBalRun,0.26425
input.waterlooa3,input.refBalRun,0.02522
input.waterlooa4,input.refBalRun,0.07656
input.WESTfilext,input.refBalRun,0.39133
input.WESTfilter,input.refBalRun,0.80832
input.WESTrelint,input.refBalRun,0.02173
input.WESTrlext,input.refBalRun,0.00714
input.Wise2ndRun,input.refBalRun,0.00152
input.WiseFifthRun,input.refBalRun,0.34133
input.WiseFouthRun,input.refBalRun,0.19394
input.WiseThirdRun,input.refBalRun,0.00152
input.ya3,input.refBalRun,0.02503
input.ya4,input.refBalRun,0.04037
input.YNDXTPC1,input.refBalRun,0.10127
input.YNDXTPC2,input.refBalRun,0.14793
input.relevanceRun,input.refRelRun,0.53841
input.RFD,input.refRelRun,0.13437
input.ri,input.refRelRun,0.00982
input.rit,input.refRelRun,0.16710
input.rit3,input.refRelRun,0.92234
input.RMITAR,input.refRelRun,0.00221
input.RMITM,input.refRelRun,0.00655
input.RMITMR,input.refRelRun,0.00395
input.RMITMRR,input.refRelRun,0.07551
input.Rocchio,input.refRelRun,0.16826
input.RTB,input.refRelRun,0.00000
input.run1,input.refRelRun,0.84911
input.run1a,input.refRelRun,0.00000
input.run1fix,input.refRelRun,0.00495
input.run2,input.refRelRun,0.00000
input.run2a,input.refRelRun,0.00000
input.run3,input.refRelRun,0.00000
input.run3a,input.refRelRun,0.00025
input.run4,input.refRelRun,0.00000
input.run4a,input.refRelRun,0.00017
input.RunAll,input.refRelRun,0.16717
input.RunFut,input.refRelRun,0.16036
input.runNeMIS,input.refRelRun,0.00279
input.runNeMISext,input.refRelRun,0.00808
input.RunPure,input.refRelRun,0.21374
input.scurtuRun1,input.refRelRun,0.04996
input.sielrun1,input.refRelRun,0.01413
input.sielrun2,input.refRelRun,0.05968
input.sielrun3,input.refRelRun,0.12793
input.sielrun4,input.refRelRun,0.05566
input.SienaCL1B,input.refRelRun,0.71543
input.SienaCL31,input.refRelRun,0.77194
input.SienaCL342,input.refRelRun,0.60569
input.SienaCLbase,input.refRelRun,0.42275
input.simfoll,input.refRelRun,0.00054
input.simfollTP01,input.refRelRun,0.01519
input.sylesNoRes,input.refRelRun,0.06673
input.tfTP01,input.refRelRun,0.01733
input.udelIndri,input.refRelRun,0.92737
input.udelLucene,input.refRelRun,0.00000
input.UDMicroComb1,input.refRelRun,0.05795
input.UDMicroComb2,input.refRelRun,0.93036
input.UDMicroIDF,input.refRelRun,0.57371
input.UDMicroIDFD,input.refRelRun,0.34009
input.uicir1,input.refRelRun,0.00298
input.uicir2,input.refRelRun,0.02474
input.UIowaS1,input.refRelRun,0.30685
input.UIowaS2,input.refRelRun,0.46089
input.UIowaS3,input.refRelRun,0.48144
input.UIowaS4,input.refRelRun,0.16575
input.uiucsf,input.refRelRun,0.00000
input.uogTrLqea,input.refRelRun,0.37761
input.uogTrLqeabd,input.refRelRun,0.27690
input.uogTrLqeabdd,input.refRelRun,0.19289
input.uogTrUB2,input.refRelRun,0.07874
input.UTBase,input.refRelRun,0.26571
input.UTBaseRTF,input.refRelRun,0.00000
input.UTWngFuture,input.refRelRun,0.87267
input.UTWngFutureQ,input.refRelRun,0.48842
input.waterlooa1,input.refRelRun,0.45064
input.waterlooa2,input.refRelRun,0.75895
input.waterlooa3,input.refRelRun,0.15316
input.waterlooa4,input.refRelRun,0.33632
input.WESTfilext,input.refRelRun,0.09556
input.WESTfilter,input.refRelRun,0.29274
input.WESTrelint,input.refRelRun,0.00191
input.WESTrlext,input.refRelRun,0.00047
input.Wise2ndRun,input.refRelRun,0.01818
input.WiseFifthRun,input.refRelRun,0.88709
input.WiseFouthRun,input.refRelRun,0.62450
input.WiseThirdRun,input.refRelRun,0.01818
input.ya3,input.refRelRun,0.00228
input.ya4,input.refRelRun,0.00424
input.YNDXTPC1,input.refRelRun,0.01435
input.YNDXTPC2,input.refRelRun,0.02404
input.RFD,input.relevanceRun,0.37784
input.ri,input.relevanceRun,0.04919
input.rit,input.relevanceRun,0.44346
input.rit3,input.relevanceRun,0.47602
input.RMITAR,input.relevanceRun,0.01449
input.RMITM,input.relevanceRun,0.03542
input.RMITMR,input.relevanceRun,0.02339
input.RMITMRR,input.relevanceRun,0.24519
input.Rocchio,input.relevanceRun,0.44571
input.RTB,input.relevanceRun,0.00000
input.run1,input.relevanceRun,0.67086
input.run1a,input.relevanceRun,0.00000
input.run1fix,input.relevanceRun,0.02814
input.run2,input.relevanceRun,0.00004
input.run2a,input.relevanceRun,0.00000
input.run3,input.relevanceRun,0.00000
input.run3a,input.relevanceRun,0.00002
input.run4,input.relevanceRun,0.00001
input.run4a,input.relevanceRun,0.00001
input.RunAll,input.relevanceRun,0.04587
input.RunFut,input.relevanceRun,0.04348
input.runNeMIS,input.relevanceRun,0.00031
input.runNeMISext,input.relevanceRun,0.00110
input.RunPure,input.relevanceRun,0.06309
input.scurtuRun1,input.relevanceRun,0.01001
input.sielrun1,input.relevanceRun,0.00215
input.sielrun2,input.relevanceRun,0.01248
input.sielrun3,input.relevanceRun,0.03255
input.sielrun4,input.relevanceRun,0.01144
input.SienaCL1B,input.relevanceRun,0.80208
input.SienaCL31,input.relevanceRun,0.74489
input.SienaCL342,input.relevanceRun,0.92115
input.SienaCLbase,input.relevanceRun,0.15652
input.simfoll,input.relevanceRun,0.00446
input.simfollTP01,input.relevanceRun,0.06988
input.sylesNoRes,input.relevanceRun,0.22313
input.tfTP01,input.relevanceRun,0.07768
input.udelIndri,input.relevanceRun,0.47995
input.udelLucene,input.relevanceRun,0.00000
input.UDMicroComb1,input.relevanceRun,0.01203
input.UDMicroComb2,input.relevanceRun,0.48229
input.UDMicroIDF,input.relevanceRun,0.95803
input.UDMicroIDFD,input.relevanceRun,0.11660
input.uicir1,input.relevanceRun,0.00034
input.uicir2,input.relevanceRun,0.00423
input.UIowaS1,input.relevanceRun,0.10162
input.UIowaS2,input.relevanceRun,0.17618
input.UIowaS3,input.relevanceRun,0.18710
input.UIowaS4,input.relevanceRun,0.44084
input.uiucsf,input.relevanceRun,0.00000
input.uogTrLqea,input.relevanceRun,0.13426
input.uogTrLqeabd,input.relevanceRun,0.08865
input.uogTrLqeabdd,input.relevanceRun,0.05520
input.uogTrUB2,input.relevanceRun,0.01763
input.UTBase,input.relevanceRun,0.08395
input.UTBaseRTF,input.relevanceRun,0.00000
input.UTWngFuture,input.relevanceRun,0.64914
input.UTWngFutureQ,input.relevanceRun,0.93815
input.waterlooa1,input.relevanceRun,0.88935
input.waterlooa2,input.relevanceRun,0.75781
input.waterlooa3,input.relevanceRun,0.41608
input.waterlooa4,input.relevanceRun,0.72917
input.WESTfilext,input.relevanceRun,0.02249
input.WESTfilter,input.relevanceRun,0.09544
input.WESTrelint,input.relevanceRun,0.00020
input.WESTrlext,input.relevanceRun,0.00004
input.Wise2ndRun,input.relevanceRun,0.08068
input.WiseFifthRun,input.relevanceRun,0.63605
input.WiseFouthRun,input.relevanceRun,0.89993
input.WiseThirdRun,input.relevanceRun,0.08068
input.ya3,input.relevanceRun,0.00025
input.ya4,input.relevanceRun,0.00051
input.YNDXTPC1,input.relevanceRun,0.00219
input.YNDXTPC2,input.relevanceRun,0.00408
input.ri,input.RFD,0.27790
input.rit,input.RFD,0.90803
input.rit3,input.RFD,0.11080
input.RMITAR,input.RFD,0.11804
input.RMITM,input.RFD,0.22186
input.RMITMR,input.RFD,0.16600
input.RMITMRR,input.RFD,0.77931
input.Rocchio,input.RFD,0.90504
input.RTB,input.RFD,0.00000
input.run1,input.RFD,0.19126
input.run1a,input.RFD,0.00000
input.run1fix,input.RFD,0.18902
input.run2,input.RFD,0.00130
input.run2a,input.RFD,0.00000
input.run3,input.RFD,0.00001
input.run3a,input.RFD,0.00000
input.run4,input.RFD,0.00029
input.run4a,input.RFD,0.00000
input.RunAll,input.RFD,0.00400
input.RunFut,input.RFD,0.00372
input.runNeMIS,input.RFD,0.00001
input.runNeMISext,input.RFD,0.00003
input.RunPure,input.RFD,0.00614
input.scurtuRun1,input.RFD,0.00055
input.sielrun1,input.RFD,0.00008
input.sielrun2,input.RFD,0.00072
input.sielrun3,input.RFD,0.00253
input.sielrun4,input.RFD,0.00065
input.SienaCL1B,input.RFD,0.25741
input.SienaCL31,input.RFD,0.22733
input.SienaCL342,input.RFD,0.32666
input.SienaCLbase,input.RFD,0.02152
input.simfoll,input.RFD,0.04977
input.simfollTP01,input.RFD,0.35195
input.sylesNoRes,input.RFD,0.73659
input.tfTP01,input.RFD,0.37755
input.udelIndri,input.RFD,0.11223
input.udelLucene,input.RFD,0.00000
input.UDMicroComb1,input.RFD,0.00069
input.UDMicroComb2,input.RFD,0.11308
input.UDMicroIDF,input.RFD,0.35004
input.UDMicroIDFD,input.RFD,0.01424
input.uicir1,input.RFD,0.00001
input.uicir2,input.RFD,0.00018
input.UIowaS1,input.RFD,0.01177
input.UIowaS2,input.RFD,0.02545
input.UIowaS3,input.RFD,0.02773
input.UIowaS4,input.RFD,0.91153
input.uiucsf,input.RFD,0.00000
input.uogTrLqea,input.RFD,0.01734
input.uogTrLqeabd,input.RFD,0.00975
input.uogTrLqeabdd,input.RFD,0.00512
input.uogTrUB2,input.RFD,0.00113
input.UTBase,input.RFD,0.00905
input.UTBaseRTF,input.RFD,0.00000
input.UTWngFuture,input.RFD,0.18128
input.UTWngFutureQ,input.RFD,0.42123
input.waterlooa1,input.RFD,0.45763
input.waterlooa2,input.RFD,0.23395
input.waterlooa3,input.RFD,0.94528
input.waterlooa4,input.RFD,0.59220
input.WESTfilext,input.RFD,0.00156
input.WESTfilter,input.RFD,0.01080
input.WESTrelint,input.RFD,0.00000
input.WESTrlext,input.RFD,0.00000
input.Wise2ndRun,input.RFD,0.38712
input.WiseFifthRun,input.RFD,0.17538
input.WiseFouthRun,input.RFD,0.31363
input.WiseThirdRun,input.RFD,0.38712
input.ya3,input.RFD,0.00001
input.ya4,input.RFD,0.00001
input.YNDXTPC1,input.RFD,0.00008
input.YNDXTPC2,input.RFD,0.00017
input.rit,input.ri,0.22992
input.rit3,input.ri,0.00737
input.RMITAR,input.ri,0.63264
input.RMITM,input.ri,0.89138
input.RMITMR,input.ri,0.76409
input.RMITMRR,input.ri,0.42092
input.Rocchio,input.ri,0.22846
input.RTB,input.ri,0.00000
input.run1,input.ri,0.01676
input.run1a,input.ri,0.00000
input.run1fix,input.ri,0.81931
input.run2,input.ri,0.03304
input.run2a,input.ri,0.00000
input.run3,input.ri,0.00070
input.run3a,input.ri,0.00000
input.run4,input.ri,0.01114
input.run4a,input.ri,0.00000
input.RunAll,input.ri,0.00007
input.RunFut,input.ri,0.00007
input.runNeMIS,input.ri,0.00000
input.runNeMISext,input.ri,0.00000
input.RunPure,input.ri,0.00013
input.scurtuRun1,input.ri,0.00001
input.sielrun1,input.ri,0.00000
input.sielrun2,input.ri,0.00001
input.sielrun3,input.ri,0.00004
input.sielrun4,input.ri,0.00001
input.SienaCL1B,input.ri,0.02658
input.SienaCL31,input.ri,0.02189
input.SienaCL342,input.ri,0.03884
input.SienaCLbase,input.ri,0.00071
input.simfoll,input.ri,0.38053
input.simfollTP01,input.ri,0.87742
input.sylesNoRes,input.ri,0.45405
input.tfTP01,input.ri,0.83943
input.udelIndri,input.ri,0.00751
input.udelLucene,input.ri,0.00000
input.UDMicroComb1,input.ri,0.00001
input.UDMicroComb2,input.ri,0.00760
input.UDMicroIDF,input.ri,0.04343
input.UDMicroIDFD,input.ri,0.00041
input.uicir1,input.ri,0.00000
input.uicir2,input.ri,0.00000
input.UIowaS1,input.ri,0.00031
input.UIowaS2,input.ri,0.00090
input.UIowaS3,input.ri,0.00102
input.UIowaS4,input.ri,0.23164
input.uiucsf,input.ri,0.00000
input.uogTrLqea,input.ri,0.00053
input.uogTrLqeabd,input.ri,0.00024
input.uogTrLqeabdd,input.ri,0.00010
input.uogTrUB2,input.ri,0.00001
input.UTBase,input.ri,0.00022
input.UTBaseRTF,input.ri,0.00000
input.UTWngFuture,input.ri,0.01544
input.UTWngFutureQ,input.ri,0.05885
input.waterlooa1,input.ri,0.06758
input.waterlooa2,input.ri,0.02289
input.waterlooa3,input.ri,0.24863
input.waterlooa4,input.ri,0.10508
input.WESTfilext,input.ri,0.00002
input.WESTfilter,input.ri,0.00028
input.WESTrelint,input.ri,0.00000
input.WESTrlext,input.ri,0.00000
input.Wise2ndRun,input.ri,0.82573
input.WiseFifthRun,input.ri,0.01468
input.WiseFouthRun,input.ri,0.03638
input.WiseThirdRun,input.ri,0.82573
input.ya3,input.ri,0.00000
input.ya4,input.ri,0.00000
input.YNDXTPC1,input.ri,0.00000
input.YNDXTPC2,input.ri,0.00000
input.rit3,input.rit,0.13912
input.RMITAR,input.rit,0.09323
input.RMITM,input.rit,0.18118
input.RMITMR,input.rit,0.13344
input.RMITMRR,input.rit,0.69229
input.Rocchio,input.rit,0.99700
input.RTB,input.rit,0.00000
input.run1,input.rit,0.23353
input.run1a,input.rit,0.00000
input.run1fix,input.rit,0.15300
input.run2,input.rit,0.00086
input.run2a,input.rit,0.00000
input.run3,input.rit,0.00000
input.run3a,input.rit,0.00000
input.run4,input.rit,0.00018
input.run4a,input.rit,0.00000
input.RunAll,input.rit,0.00573
input.RunFut,input.rit,0.00535
input.runNeMIS,input.rit,0.00001
input.runNeMISext,input.rit,0.00006
input.RunPure,input.rit,0.00867
input.scurtuRun1,input.rit,0.00083
input.sielrun1,input.rit,0.00013
input.sielrun2,input.rit,0.00110
input.sielrun3,input.rit,0.00369
input.sielrun4,input.rit,0.00098
input.SienaCL1B,input.rit,0.30915
input.SienaCL31,input.rit,0.27495
input.SienaCL342,input.rit,0.38685
input.SienaCLbase,input.rit,0.02902
input.simfoll,input.rit,0.03776
input.simfollTP01,input.rit,0.29540
input.sylesNoRes,input.rit,0.65134
input.tfTP01,input.rit,0.31830
input.udelIndri,input.rit,0.14082
input.udelLucene,input.rit,0.00000
input.UDMicroComb1,input.rit,0.00105
input.UDMicroComb2,input.rit,0.14184
input.UDMicroIDF,input.rit,0.41280
input.UDMicroIDFD,input.rit,0.01951
input.uicir1,input.rit,0.00001
input.uicir2,input.rit,0.00029
input.UIowaS1,input.rit,0.01624
input.UIowaS2,input.rit,0.03409
input.UIowaS3,input.rit,0.03702
input.UIowaS4,input.rit,0.99647
input.uiucsf,input.rit,0.00000
input.uogTrLqea,input.rit,0.02358
input.uogTrLqeabd,input.rit,0.01355
input.uogTrLqeabdd,input.rit,0.00728
input.uogTrUB2,input.rit,0.00169
input.UTBase,input.rit,0.01261
input.UTBaseRTF,input.rit,0.00000
input.UTWngFuture,input.rit,0.22197
input.UTWngFutureQ,input.rit,0.49098
input.waterlooa1,input.rit,0.53051
input.waterlooa2,input.rit,0.28250
input.waterlooa3,input.rit,0.96260
input.waterlooa4,input.rit,0.67439
input.WESTfilext,input.rit,0.00230
input.WESTfilter,input.rit,0.01494
input.WESTrelint,input.rit,0.00001
input.WESTrlext,input.rit,0.00000
input.Wise2ndRun,input.rit,0.32689
input.WiseFifthRun,input.rit,0.21513
input.WiseFouthRun,input.rit,0.37234
input.WiseThirdRun,input.rit,0.32689
input.ya3,input.rit,0.00001
input.ya4,input.rit,0.00002
input.YNDXTPC1,input.rit,0.00013
input.YNDXTPC2,input.rit,0.00027
input.RMITAR,input.rit3,0.00159
input.RMITM,input.rit3,0.00486
input.RMITMR,input.rit3,0.00288
input.RMITMRR,input.rit3,0.06082
input.Rocchio,input.rit3,0.14013
input.RTB,input.rit3,0.00000
input.run1,input.rit3,0.77354
input.run1a,input.rit3,0.00000
input.run1fix,input.rit3,0.00364
input.run2,input.rit3,0.00000
input.run2a,input.rit3,0.00001
input.run3,input.rit3,0.00000
input.run3a,input.rit3,0.00037
input.run4,input.rit3,0.00000
input.run4a,input.rit3,0.00026
input.RunAll,input.rit3,0.19919
input.RunFut,input.rit3,0.19143
input.runNeMIS,input.rit3,0.00383
input.runNeMISext,input.rit3,0.01073
input.RunPure,input.rit3,0.25185
input.scurtuRun1,input.rit3,0.06249
input.sielrun1,input.rit3,0.01845
input.sielrun2,input.rit3,0.07416
input.sielrun3,input.rit3,0.15421
input.sielrun4,input.rit3,0.06934
input.SienaCL1B,input.rit3,0.64404
input.SienaCL31,input.rit3,0.69851
input.SienaCL342,input.rit3,0.53939
input.SienaCLbase,input.rit3,0.48133
input.simfoll,input.rit3,0.00038
input.simfollTP01,input.rit3,0.01156
input.sylesNoRes,input.rit3,0.05349
input.tfTP01,input.rit3,0.01325
input.udelIndri,input.rit3,0.99495
input.udelLucene,input.rit3,0.00000
input.UDMicroComb1,input.rit3,0.07208
input.UDMicroComb2,input.rit3,0.99195
input.UDMicroIDF,input.rit3,0.50920
input.UDMicroIDFD,input.rit3,0.39172
input.uicir1,input.rit3,0.00408
input.uicir2,input.rit3,0.03171
input.UIowaS1,input.rit3,0.35530
input.UIowaS2,input.rit3,0.52224
input.UIowaS3,input.rit3,0.54418
input.UIowaS4,input.rit3,0.13794
input.uiucsf,input.rit3,0.00000
input.uogTrLqea,input.rit3,0.43256
input.uogTrLqeabd,input.rit3,0.32226
input.uogTrLqeabdd,input.rit3,0.22837
input.uogTrUB2,input.rit3,0.09680
input.UTBase,input.rit3,0.30986
input.UTBaseRTF,input.rit3,0.00000
input.UTWngFuture,input.rit3,0.79659
input.UTWngFutureQ,input.rit3,0.42935
input.waterlooa1,input.rit3,0.39430
input.waterlooa2,input.rit3,0.68595
input.waterlooa3,input.rit3,0.12702
input.waterlooa4,input.rit3,0.28963
input.WESTfilext,input.rit3,0.11659
input.WESTfilter,input.rit3,0.33976
input.WESTrelint,input.rit3,0.00264
input.WESTrlext,input.rit3,0.00067
input.Wise2ndRun,input.rit3,0.01391
input.WiseFifthRun,input.rit3,0.81073
input.WiseFouthRun,input.rit3,0.55723
input.WiseThirdRun,input.rit3,0.01391
input.ya3,input.rit3,0.00315
input.ya4,input.rit3,0.00575
input.YNDXTPC1,input.rit3,0.01873
input.YNDXTPC2,input.rit3,0.03086
input.RMITM,input.RMITAR,0.73276
input.RMITMR,input.RMITAR,0.85881
input.RMITMRR,input.RMITAR,0.19955
input.Rocchio,input.RMITAR,0.09250
input.RTB,input.RMITAR,0.00000
input.run1,input.RMITAR,0.00411
input.run1a,input.RMITAR,0.00000
input.run1fix,input.RMITAR,0.80291
input.run2,input.RMITAR,0.09822
input.run2a,input.RMITAR,0.00000
input.run3,input.RMITAR,0.00359
input.run3a,input.RMITAR,0.00000
input.run4,input.RMITAR,0.03936
input.run4a,input.RMITAR,0.00000
input.RunAll,input.RMITAR,0.00001
input.RunFut,input.RMITAR,0.00001
input.runNeMIS,input.RMITAR,0.00000
input.runNeMISext,input.RMITAR,0.00000
input.RunPure,input.RMITAR,0.00002
input.scurtuRun1,input.RMITAR,0.00000
input.sielrun1,input.RMITAR,0.00000
input.sielrun2,input.RMITAR,0.00000
input.sielrun3,input.RMITAR,0.00000
input.sielrun4,input.RMITAR,0.00000
input.SienaCL1B,input.RMITAR,0.00703
input.SienaCL31,input.RMITAR,0.00560
input.SienaCL342,input.RMITAR,0.01096
input.SienaCLbase,input.RMITAR,0.00011
input.simfoll,input.RMITAR,0.68995
input.simfollTP01,input.RMITAR,0.52723
input.sylesNoRes,input.RMITAR,0.21994
input.tfTP01,input.RMITAR,0.49610
input.udelIndri,input.RMITAR,0.00163
input.udelLucene,input.RMITAR,0.00000
input.UDMicroComb1,input.RMITAR,0.00000
input.UDMicroComb2,input.RMITAR,0.00165
input.UDMicroIDF,input.RMITAR,0.01250
input.UDMicroIDFD,input.RMITAR,0.00006
input.uicir1,input.RMITAR,0.00000
input.uicir2,input.RMITAR,0.00000
input.UIowaS1,input.RMITAR,0.00004
input.UIowaS2,input.RMITAR,0.00015
input.UIowaS3,input.RMITAR,0.00017
input.UIowaS4,input.RMITAR,0.09410
input.uiucsf,input.RMITAR,0.00000
input.uogTrLqea,input.RMITAR,0.00008
input.uogTrLqeabd,input.RMITAR,0.00003
input.uogTrLqeabdd,input.RMITAR,0.00001
input.uogTrUB2,input.RMITAR,0.00000
input.UTBase,input.RMITAR,0.00003
input.UTBaseRTF,input.RMITAR,0.00000
input.UTWngFuture,input.RMITAR,0.00373
input.UTWngFutureQ,input.RMITAR,0.01792
input.waterlooa1,input.RMITAR,0.02112
input.waterlooa2,input.RMITAR,0.00590
input.waterlooa3,input.RMITAR,0.10274
input.waterlooa4,input.RMITAR,0.03584
input.WESTfilext,input.RMITAR,0.00000
input.WESTfilter,input.RMITAR,0.00004
input.WESTrelint,input.RMITAR,0.00000
input.WESTrlext,input.RMITAR,0.00000
input.Wise2ndRun,input.RMITAR,0.48505
input.WiseFifthRun,input.RMITAR,0.00352
input.WiseFouthRun,input.RMITAR,0.01015
input.WiseThirdRun,input.RMITAR,0.48505
input.ya3,input.RMITAR,0.00000
input.ya4,input.RMITAR,0.00000
input.YNDXTPC1,input.RMITAR,0.00000
input.YNDXTPC2,input.RMITAR,0.00000
input.RMITMR,input.RMITM,0.87008
input.RMITMRR,input.RMITM,0.34651
input.Rocchio,input.RMITM,0.17995
input.RTB,input.RMITM,0.00000
input.run1,input.RMITM,0.01146
input.run1a,input.RMITM,0.00000
input.run1fix,input.RMITM,0.92680
input.run2,input.RMITM,0.04604
input.run2a,input.RMITM,0.00000
input.run3,input.RMITM,0.00114
input.run3a,input.RMITM,0.00000
input.run4,input.RMITM,0.01631
input.run4a,input.RMITM,0.00000
input.RunAll,input.RMITM,0.00004
input.RunFut,input.RMITM,0.00004
input.runNeMIS,input.RMITM,0.00000
input.runNeMISext,input.RMITM,0.00000
input.RunPure,input.RMITM,0.00007
input.scurtuRun1,input.RMITM,0.00000
input.sielrun1,input.RMITM,0.00000
input.sielrun2,input.RMITM,0.00000
input.sielrun3,input.RMITM,0.00002
input.sielrun4,input.RMITM,0.00000
input.SienaCL1B,input.RMITM,0.01857
input.SienaCL31,input.RMITM,0.01515
input.SienaCL342,input.RMITM,0.02763
input.SienaCLbase,input.RMITM,0.00043
input.simfoll,input.RMITM,0.45908
input.simfollTP01,input.RMITM,0.77121
input.sylesNoRes,input.RMITM,0.37603
input.tfTP01,input.RMITM,0.73447
input.udelIndri,input.RMITM,0.00496
input.udelLucene,input.RMITM,0.00000
input.UDMicroComb1,input.RMITM,0.00000
input.UDMicroComb2,input.RMITM,0.00501
input.UDMicroIDF,input.RMITM,0.03107
input.UDMicroIDFD,input.RMITM,0.00024
input.uicir1,input.RMITM,0.00000
input.uicir2,input.RMITM,0.00000
input.UIowaS1,input.RMITM,0.00018
input.UIowaS2,input.RMITM,0.00055
input.UIowaS3,input.RMITM,0.00062
input.UIowaS4,input.RMITM,0.18263
input.uiucsf,input.RMITM,0.00000
input.uogTrLqea,input.RMITM,0.00032
input.uogTrLqeabd,input.RMITM,0.00014
input.uogTrLqeabdd,input.RMITM,0.00006
input.uogTrUB2,input.RMITM,0.00001
input.UTBase,input.RMITM,0.00013
input.UTBaseRTF,input.RMITM,0.00000
input.UTWngFuture,input.RMITM,0.01051
input.UTWngFutureQ,input.RMITM,0.04278
input.waterlooa1,input.RMITM,0.04949
input.waterlooa2,input.RMITM,0.01587
input.waterlooa3,input.RMITM,0.19697
input.waterlooa4,input.RMITM,0.07887
input.WESTfilext,input.RMITM,0.00001
input.WESTfilter,input.RMITM,0.00016
input.WESTrelint,input.RMITM,0.00000
input.WESTrlext,input.RMITM,0.00000
input.Wise2ndRun,input.RMITM,0.72128
input.WiseFifthRun,input.RMITM,0.00997
input.WiseFouthRun,input.RMITM,0.02580
input.WiseThirdRun,input.RMITM,0.72128
input.ya3,input.RMITM,0.00000
input.ya4,input.RMITM,0.00000
input.YNDXTPC1,input.RMITM,0.00000
input.YNDXTPC2,input.RMITM,0.00000
input.RMITMRR,input.RMITMR,0.26919
input.Rocchio,input.RMITMR,0.13246
input.RTB,input.RMITMR,0.00000
input.run1,input.RMITMR,0.00710
input.run1a,input.RMITMR,0.00000
input.run1fix,input.RMITMR,0.94285
input.run2,input.RMITMR,0.06703
input.run2a,input.RMITMR,0.00000
input.run3,input.RMITMR,0.00200
input.run3a,input.RMITMR,0.00000
input.run4,input.RMITMR,0.02520
input.run4a,input.RMITMR,0.00000
input.RunAll,input.RMITMR,0.00002
input.RunFut,input.RMITMR,0.00002
input.runNeMIS,input.RMITMR,0.00000
input.runNeMISext,input.RMITMR,0.00000
input.RunPure,input.RMITMR,0.00004
input.scurtuRun1,input.RMITMR,0.00000
input.sielrun1,input.RMITMR,0.00000
input.sielrun2,input.RMITMR,0.00000
input.sielrun3,input.RMITMR,0.00001
input.sielrun4,input.RMITMR,0.00000
input.SienaCL1B,input.RMITMR,0.01181
input.SienaCL31,input.RMITMR,0.00953
input.SienaCL342,input.RMITMR,0.01798
input.SienaCLbase,input.RMITMR,0.00023
input.simfoll,input.RMITMR,0.56407
input.simfollTP01,input.RMITMR,0.64957
input.sylesNoRes,input.RMITMR,0.29428
input.tfTP01,input.RMITMR,0.61515
input.udelIndri,input.RMITMR,0.00294
input.udelLucene,input.RMITMR,0.00000
input.UDMicroComb1,input.RMITMR,0.00000
input.UDMicroComb2,input.RMITMR,0.00298
input.UDMicroIDF,input.RMITMR,0.02036
input.UDMicroIDFD,input.RMITMR,0.00012
input.uicir1,input.RMITMR,0.00000
input.uicir2,input.RMITMR,0.00000
input.UIowaS1,input.RMITMR,0.00009
input.UIowaS2,input.RMITMR,0.00029
input.UIowaS3,input.RMITMR,0.00034
input.UIowaS4,input.RMITMR,0.13458
input.uiucsf,input.RMITMR,0.00000
input.uogTrLqea,input.RMITMR,0.00017
input.uogTrLqeabd,input.RMITMR,0.00007
input.uogTrLqeabdd,input.RMITMR,0.00003
input.uogTrUB2,input.RMITMR,0.00000
input.UTBase,input.RMITMR,0.00006
input.UTBaseRTF,input.RMITMR,0.00000
input.UTWngFuture,input.RMITMR,0.00649
input.UTWngFutureQ,input.RMITMR,0.02856
input.waterlooa1,input.RMITMR,0.03334
input.waterlooa2,input.RMITMR,0.01001
input.waterlooa3,input.RMITMR,0.14600
input.waterlooa4,input.RMITMR,0.05475
input.WESTfilext,input.RMITMR,0.00001
input.WESTfilter,input.RMITMR,0.00008
input.WESTrelint,input.RMITMR,0.00000
input.WESTrlext,input.RMITMR,0.00000
input.Wise2ndRun,input.RMITMR,0.60285
input.WiseFifthRun,input.RMITMR,0.00614
input.WiseFouthRun,input.RMITMR,0.01672
input.WiseThirdRun,input.RMITMR,0.60285
input.ya3,input.RMITMR,0.00000
input.ya4,input.RMITMR,0.00000
input.YNDXTPC1,input.RMITMR,0.00000
input.YNDXTPC2,input.RMITMR,0.00000
input.Rocchio,input.RMITMRR,0.68951
input.RTB,input.RMITMRR,0.00000
input.run1,input.RMITMRR,0.11250
input.run1a,input.RMITMRR,0.00000
input.run1fix,input.RMITMRR,0.30148
input.run2,input.RMITMRR,0.00332
input.run2a,input.RMITMRR,0.00000
input.run3,input.RMITMRR,0.00003
input.run3a,input.RMITMRR,0.00000
input.run4,input.RMITMRR,0.00083
input.run4a,input.RMITMRR,0.00000
input.RunAll,input.RMITMRR,0.00158
input.RunFut,input.RMITMRR,0.00147
input.runNeMIS,input.RMITMRR,0.00000
input.runNeMISext,input.RMITMRR,0.00001
input.RunPure,input.RMITMRR,0.00252
input.scurtuRun1,input.RMITMRR,0.00019
input.sielrun1,input.RMITMRR,0.00002
input.sielrun2,input.RMITMRR,0.00025
input.sielrun3,input.RMITMRR,0.00097
input.sielrun4,input.RMITMRR,0.00022
input.SienaCL1B,input.RMITMRR,0.15773
input.SienaCL31,input.RMITMRR,0.13689
input.SienaCL342,input.RMITMRR,0.20728
input.SienaCLbase,input.RMITMRR,0.00991
input.simfoll,input.RMITMRR,0.09262
input.simfollTP01,input.RMITMRR,0.51531
input.sylesNoRes,input.RMITMRR,0.95522
input.tfTP01,input.RMITMRR,0.54704
input.udelIndri,input.RMITMRR,0.06169
input.udelLucene,input.RMITMRR,0.00000
input.UDMicroComb1,input.RMITMRR,0.00024
input.UDMicroComb2,input.RMITMRR,0.06222
input.UDMicroIDF,input.RMITMRR,0.22447
input.UDMicroIDFD,input.RMITMRR,0.00631
input.uicir1,input.RMITMRR,0.00000
input.uicir2,input.RMITMRR,0.00006
input.UIowaS1,input.RMITMRR,0.00512
input.UIowaS2,input.RMITMRR,0.01191
input.UIowaS3,input.RMITMRR,0.01309
input.UIowaS4,input.RMITMRR,0.69555
input.uiucsf,input.RMITMRR,0.00000
input.uogTrLqea,input.RMITMRR,0.00782
input.uogTrLqeabd,input.RMITMRR,0.00417
input.uogTrLqeabdd,input.RMITMRR,0.00207
input.uogTrUB2,input.RMITMRR,0.00041
input.UTBase,input.RMITMRR,0.00385
input.UTBaseRTF,input.RMITMRR,0.00000
input.UTWngFuture,input.RMITMRR,0.10587
input.UTWngFutureQ,input.RMITMRR,0.27814
input.waterlooa1,input.RMITMRR,0.30632
input.waterlooa2,input.RMITMRR,0.14144
input.waterlooa3,input.RMITMRR,0.72720
input.waterlooa4,input.RMITMRR,0.41457
input.WESTfilext,input.RMITMRR,0.00057
input.WESTfilter,input.RMITMRR,0.00466
input.WESTrelint,input.RMITMRR,0.00000
input.WESTrlext,input.RMITMRR,0.00000
input.Wise2ndRun,input.RMITMRR,0.55879
input.WiseFifthRun,input.RMITMRR,0.10198
input.WiseFouthRun,input.RMITMRR,0.19780
input.WiseThirdRun,input.RMITMRR,0.55879
input.ya3,input.RMITMRR,0.00000
input.ya4,input.RMITMRR,0.00000
input.YNDXTPC1,input.RMITMRR,0.00002
input.YNDXTPC2,input.RMITMRR,0.00005
input.RTB,input.Rocchio,0.00000
input.run1,input.Rocchio,0.23501
input.run1a,input.Rocchio,0.00000
input.run1fix,input.Rocchio,0.15192
input.run2,input.Rocchio,0.00085
input.run2a,input.Rocchio,0.00000
input.run3,input.Rocchio,0.00000
input.run3a,input.Rocchio,0.00000
input.run4,input.Rocchio,0.00018
input.run4a,input.Rocchio,0.00000
input.RunAll,input.Rocchio,0.00580
input.RunFut,input.Rocchio,0.00541
input.runNeMIS,input.Rocchio,0.00001
input.runNeMISext,input.Rocchio,0.00006
input.RunPure,input.Rocchio,0.00876
input.scurtuRun1,input.Rocchio,0.00084
input.sielrun1,input.Rocchio,0.00013
input.sielrun2,input.Rocchio,0.00111
input.sielrun3,input.Rocchio,0.00373
input.sielrun4,input.Rocchio,0.00100
input.SienaCL1B,input.Rocchio,0.31094
input.SienaCL31,input.Rocchio,0.27661
input.SienaCL342,input.Rocchio,0.38892
input.SienaCLbase,input.Rocchio,0.02930
input.simfoll,input.Rocchio,0.03741
input.simfollTP01,input.Rocchio,0.29367
input.sylesNoRes,input.Rocchio,0.64863
input.tfTP01,input.Rocchio,0.31648
input.udelIndri,input.Rocchio,0.14184
input.udelLucene,input.Rocchio,0.00000
input.UDMicroComb1,input.Rocchio,0.00106
input.UDMicroComb2,input.Rocchio,0.14286
input.UDMicroIDF,input.Rocchio,0.41495
input.UDMicroIDFD,input.Rocchio,0.01971
input.uicir1,input.Rocchio,0.00001
input.uicir2,input.Rocchio,0.00029
input.UIowaS1,input.Rocchio,0.01641
input.UIowaS2,input.Rocchio,0.03441
input.UIowaS3,input.Rocchio,0.03736
input.UIowaS4,input.Rocchio,0.99347
input.uiucsf,input.Rocchio,0.00000
input.uogTrLqea,input.Rocchio,0.02381
input.uogTrLqeabd,input.Rocchio,0.01370
input.uogTrLqeabdd,input.Rocchio,0.00736
input.uogTrUB2,input.Rocchio,0.00171
input.UTBase,input.Rocchio,0.01274
input.UTBaseRTF,input.Rocchio,0.00000
input.UTWngFuture,input.Rocchio,0.22340
input.UTWngFutureQ,input.Rocchio,0.49335
input.waterlooa1,input.Rocchio,0.53298
input.waterlooa2,input.Rocchio,0.28419
input.waterlooa3,input.Rocchio,0.95960
input.waterlooa4,input.Rocchio,0.67715
input.WESTfilext,input.Rocchio,0.00233
input.WESTfilter,input.Rocchio,0.01510
input.WESTrelint,input.Rocchio,0.00001
input.WESTrlext,input.Rocchio,0.00000
input.Wise2ndRun,input.Rocchio,0.32504
input.WiseFifthRun,input.Rocchio,0.21652
input.WiseFouthRun,input.Rocchio,0.37436
input.WiseThirdRun,input.Rocchio,0.32504
input.ya3,input.Rocchio,0.00001
input.ya4,input.Rocchio,0.00002
input.YNDXTPC1,input.Rocchio,0.00013
input.YNDXTPC2,input.Rocchio,0.00028
input.run1,input.RTB,0.00000
input.run1a,input.RTB,0.01054
input.run1fix,input.RTB,0.00000
input.run2,input.RTB,0.00000
input.run2a,input.RTB,0.00245
input.run3,input.RTB,0.00000
input.run3a,input.RTB,0.00006
input.run4,input.RTB,0.00000
input.run4a,input.RTB,0.00009
input.RunAll,input.RTB,0.00000
input.RunFut,input.RTB,0.00000
input.runNeMIS,input.RTB,0.00000
input.runNeMISext,input.RTB,0.00000
input.RunPure,input.RTB,0.00000
input.scurtuRun1,input.RTB,0.00000
input.sielrun1,input.RTB,0.00000
input.sielrun2,input.RTB,0.00000
input.sielrun3,input.RTB,0.00000
input.sielrun4,input.RTB,0.00000
input.SienaCL1B,input.RTB,0.00000
input.SienaCL31,input.RTB,0.00000
input.SienaCL342,input.RTB,0.00000
input.SienaCLbase,input.RTB,0.00000
input.simfoll,input.RTB,0.00000
input.simfollTP01,input.RTB,0.00000
input.sylesNoRes,input.RTB,0.00000
input.tfTP01,input.RTB,0.00000
input.udelIndri,input.RTB,0.00000
input.udelLucene,input.RTB,0.10115
input.UDMicroComb1,input.RTB,0.00000
input.UDMicroComb2,input.RTB,0.00000
input.UDMicroIDF,input.RTB,0.00000
input.UDMicroIDFD,input.RTB,0.00000
input.uicir1,input.RTB,0.00000
input.uicir2,input.RTB,0.00000
input.UIowaS1,input.RTB,0.00000
input.UIowaS2,input.RTB,0.00000
input.UIowaS3,input.RTB,0.00000
input.UIowaS4,input.RTB,0.00000
input.uiucsf,input.RTB,0.49875
input.uogTrLqea,input.RTB,0.00000
input.uogTrLqeabd,input.RTB,0.00000
input.uogTrLqeabdd,input.RTB,0.00000
input.uogTrUB2,input.RTB,0.00000
input.UTBase,input.RTB,0.00000
input.UTBaseRTF,input.RTB,0.38856
input.UTWngFuture,input.RTB,0.00000
input.UTWngFutureQ,input.RTB,0.00000
input.waterlooa1,input.RTB,0.00000
input.waterlooa2,input.RTB,0.00000
input.waterlooa3,input.RTB,0.00000
input.waterlooa4,input.RTB,0.00000
input.WESTfilext,input.RTB,0.00000
input.WESTfilter,input.RTB,0.00000
input.WESTrelint,input.RTB,0.00000
input.WESTrlext,input.RTB,0.00003
input.Wise2ndRun,input.RTB,0.00000
input.WiseFifthRun,input.RTB,0.00000
input.WiseFouthRun,input.RTB,0.00000
input.WiseThirdRun,input.RTB,0.00000
input.ya3,input.RTB,0.00000
input.ya4,input.RTB,0.00000
input.YNDXTPC1,input.RTB,0.00000
input.YNDXTPC2,input.RTB,0.00000
input.run1a,input.run1,0.00000
input.run1fix,input.run1,0.00878
input.run2,input.run1,0.00001
input.run2a,input.run1,0.00000
input.run3,input.run1,0.00000
input.run3a,input.run1,0.00012
input.run4,input.run1,0.00000
input.run4a,input.run1,0.00008
input.RunAll,input.run1,0.11604
input.RunFut,input.run1,0.11091
input.runNeMIS,input.run1,0.00147
input.runNeMISext,input.run1,0.00452
input.RunPure,input.run1,0.15168
input.scurtuRun1,input.run1,0.03151
input.sielrun1,input.run1,0.00819
input.sielrun2,input.run1,0.03814
input.sielrun3,input.run1,0.08679
input.sielrun4,input.run1,0.03538
input.SienaCL1B,input.run1,0.86162
input.SienaCL31,input.run1,0.92068
input.SienaCL342,input.run1,0.74444
input.SienaCLbase,input.run1,0.32124
input.simfoll,input.run1,0.00108
input.simfollTP01,input.run1,0.02524
input.sylesNoRes,input.run1,0.10034
input.tfTP01,input.run1,0.02858
input.udelIndri,input.run1,0.77839
input.udelLucene,input.run1,0.00000
input.UDMicroComb1,input.run1,0.03695
input.UDMicroComb2,input.run1,0.78128
input.UDMicroIDF,input.run1,0.70964
input.UDMicroIDFD,input.run1,0.25252
input.uicir1,input.run1,0.00158
input.uicir2,input.run1,0.01486
input.UIowaS1,input.run1,0.22547
input.UIowaS2,input.run1,0.35359
input.UIowaS3,input.run1,0.37119
input.UIowaS4,input.run1,0.23180
input.uiucsf,input.run1,0.00000
input.uogTrLqea,input.run1,0.28347
input.uogTrLqeabd,input.run1,0.20140
input.uogTrLqeabdd,input.run1,0.13561
input.uogTrUB2,input.run1,0.05138
input.UTBase,input.run1,0.19248
input.UTBaseRTF,input.run1,0.00000
input.UTWngFuture,input.run1,0.97608
input.UTWngFutureQ,input.run1,0.61527
input.waterlooa1,input.run1,0.57269
input.waterlooa2,input.run1,0.90717
input.waterlooa3,input.run1,0.21564
input.waterlooa4,input.run1,0.44059
input.WESTfilext,input.run1,0.06331
input.WESTfilter,input.run1,0.21409
input.WESTrelint,input.run1,0.00098
input.WESTrlext,input.run1,0.00022
input.Wise2ndRun,input.run1,0.02988
input.WiseFifthRun,input.run1,0.96150
input.WiseFouthRun,input.run1,0.76477
input.WiseThirdRun,input.run1,0.02988
input.ya3,input.run1,0.00119
input.ya4,input.run1,0.00229
input.YNDXTPC1,input.run1,0.00833
input.YNDXTPC2,input.run1,0.01442
input.run1fix,input.run1a,0.00000
input.run2,input.run1a,0.00000
input.run2a,input.run1a,0.63746
input.run3,input.run1a,0.00000
input.run3a,input.run1a,0.14419
input.run4,input.run1a,0.00000
input.run4a,input.run1a,0.17164
input.RunAll,input.run1a,0.00019
input.RunFut,input.run1a,0.00020
input.runNeMIS,input.run1a,0.03315
input.runNeMISext,input.run1a,0.01347
input.RunPure,input.run1a,0.00011
input.scurtuRun1,input.run1a,0.00158
input.sielrun1,input.run1a,0.00768
input.sielrun2,input.run1a,0.00121
input.sielrun3,input.run1a,0.00032
input.sielrun4,input.run1a,0.00134
input.SienaCL1B,input.run1a,0.00000
input.SienaCL31,input.run1a,0.00000
input.SienaCL342,input.run1a,0.00000
input.SienaCLbase,input.run1a,0.00002
input.simfoll,input.run1a,0.00000
input.simfollTP01,input.run1a,0.00000
input.sylesNoRes,input.run1a,0.00000
input.tfTP01,input.run1a,0.00000
input.udelIndri,input.run1a,0.00000
input.udelLucene,input.run1a,0.35845
input.UDMicroComb1,input.run1a,0.00126
input.UDMicroComb2,input.run1a,0.00000
input.UDMicroIDF,input.run1a,0.00000
input.UDMicroIDFD,input.run1a,0.00003
input.uicir1,input.run1a,0.03151
input.uicir2,input.run1a,0.00405
input.UIowaS1,input.run1a,0.00004
input.UIowaS2,input.run1a,0.00001
input.UIowaS3,input.run1a,0.00001
input.UIowaS4,input.run1a,0.00000
input.uiucsf,input.run1a,0.00122
input.uogTrLqea,input.run1a,0.00002
input.uogTrLqeabd,input.run1a,0.00006
input.uogTrLqeabdd,input.run1a,0.00013
input.uogTrUB2,input.run1a,0.00077
input.UTBase,input.run1a,0.00006
input.UTBaseRTF,input.run1a,0.09000
input.UTWngFuture,input.run1a,0.00000
input.UTWngFutureQ,input.run1a,0.00000
input.waterlooa1,input.run1a,0.00000
input.waterlooa2,input.run1a,0.00000
input.waterlooa3,input.run1a,0.00000
input.waterlooa4,input.run1a,0.00000
input.WESTfilext,input.run1a,0.00055
input.WESTfilter,input.run1a,0.00005
input.WESTrelint,input.run1a,0.04387
input.WESTrlext,input.run1a,0.10521
input.Wise2ndRun,input.run1a,0.00000
input.WiseFifthRun,input.run1a,0.00000
input.WiseFouthRun,input.run1a,0.00000
input.WiseThirdRun,input.run1a,0.00000
input.ya3,input.run1a,0.03851
input.ya4,input.run1a,0.02379
input.YNDXTPC1,input.run1a,0.00755
input.YNDXTPC2,input.run1a,0.00419
input.run2,input.run1fix,0.05702
input.run2a,input.run1fix,0.00000
input.run3,input.run1fix,0.00157
input.run3a,input.run1fix,0.00000
input.run4,input.run1fix,0.02089
input.run4a,input.run1fix,0.00000
input.RunAll,input.run1fix,0.00003
input.RunFut,input.run1fix,0.00003
input.runNeMIS,input.run1fix,0.00000
input.runNeMISext,input.run1fix,0.00000
input.RunPure,input.run1fix,0.00005
input.scurtuRun1,input.run1fix,0.00000
input.sielrun1,input.run1fix,0.00000
input.sielrun2,input.run1fix,0.00000
input.sielrun3,input.run1fix,0.00001
input.sielrun4,input.run1fix,0.00000
input.SienaCL1B,input.run1fix,0.01444
input.SienaCL31,input.run1fix,0.01171
input.SienaCL342,input.run1fix,0.02177
input.SienaCLbase,input.run1fix,0.00030
input.simfoll,input.run1fix,0.51666
input.simfollTP01,input.run1fix,0.70196
input.sylesNoRes,input.run1fix,0.32852
input.tfTP01,input.run1fix,0.66643
input.udelIndri,input.run1fix,0.00371
input.udelLucene,input.run1fix,0.00000
input.UDMicroComb1,input.run1fix,0.00000
input.UDMicroComb2,input.run1fix,0.00376
input.UDMicroIDF,input.run1fix,0.02458
input.UDMicroIDFD,input.run1fix,0.00017
input.uicir1,input.run1fix,0.00000
input.uicir2,input.run1fix,0.00000
input.UIowaS1,input.run1fix,0.00013
input.UIowaS2,input.run1fix,0.00039
input.UIowaS3,input.run1fix,0.00044
input.UIowaS4,input.run1fix,0.15428
input.uiucsf,input.run1fix,0.00000
input.uogTrLqea,input.run1fix,0.00022
input.uogTrLqeabd,input.run1fix,0.00010
input.uogTrLqeabdd,input.run1fix,0.00004
input.uogTrUB2,input.run1fix,0.00000
input.UTBase,input.run1fix,0.00009
input.UTBaseRTF,input.run1fix,0.00000
input.UTWngFuture,input.run1fix,0.00804
input.UTWngFutureQ,input.run1fix,0.03419
input.waterlooa1,input.run1fix,0.03976
input.waterlooa2,input.run1fix,0.01229
input.waterlooa3,input.run1fix,0.16694
input.waterlooa4,input.run1fix,0.06444
input.WESTfilext,input.run1fix,0.00001
input.WESTfilter,input.run1fix,0.00011
input.WESTrelint,input.run1fix,0.00000
input.WESTrlext,input.run1fix,0.00000
input.Wise2ndRun,input.run1fix,0.65371
input.WiseFifthRun,input.run1fix,0.00762
input.WiseFouthRun,input.run1fix,0.02028
input.WiseThirdRun,input.run1fix,0.65371
input.ya3,input.run1fix,0.00000
input.ya4,input.run1fix,0.00000
input.YNDXTPC1,input.run1fix,0.00000
input.YNDXTPC2,input.run1fix,0.00000
input.run2a,input.run2,0.00000
input.run3,input.run2,0.20807
input.run3a,input.run2,0.00000
input.run4,input.run2,0.68411
input.run4a,input.run2,0.00000
input.RunAll,input.run2,0.00000
input.RunFut,input.run2,0.00000
input.runNeMIS,input.run2,0.00000
input.runNeMISext,input.run2,0.00000
input.RunPure,input.run2,0.00000
input.scurtuRun1,input.run2,0.00000
input.sielrun1,input.run2,0.00000
input.sielrun2,input.run2,0.00000
input.sielrun3,input.run2,0.00000
input.sielrun4,input.run2,0.00000
input.SienaCL1B,input.run2,0.00001
input.SienaCL31,input.run2,0.00001
input.SienaCL342,input.run2,0.00003
input.SienaCLbase,input.run2,0.00000
input.simfoll,input.run2,0.20961
input.simfollTP01,input.run2,0.02227
input.sylesNoRes,input.run2,0.00397
input.tfTP01,input.run2,0.01959
input.udelIndri,input.run2,0.00000
input.udelLucene,input.run2,0.00000
input.UDMicroComb1,input.run2,0.00000
input.UDMicroComb2,input.run2,0.00000
input.UDMicroIDF,input.run2,0.00003
input.UDMicroIDFD,input.run2,0.00000
input.uicir1,input.run2,0.00000
input.uicir2,input.run2,0.00000
input.UIowaS1,input.run2,0.00000
input.UIowaS2,input.run2,0.00000
input.UIowaS3,input.run2,0.00000
input.UIowaS4,input.run2,0.00088
input.uiucsf,input.run2,0.00000
input.uogTrLqea,input.run2,0.00000
input.uogTrLqeabd,input.run2,0.00000
input.uogTrLqeabdd,input.run2,0.00000
input.uogTrUB2,input.run2,0.00000
input.UTBase,input.run2,0.00000
input.UTBaseRTF,input.run2,0.00000
input.UTWngFuture,input.run2,0.00001
input.UTWngFutureQ,input.run2,0.00006
input.waterlooa1,input.run2,0.00008
input.waterlooa2,input.run2,0.00001
input.waterlooa3,input.run2,0.00102
input.waterlooa4,input.run2,0.00018
input.WESTfilext,input.run2,0.00000
input.WESTfilter,input.run2,0.00000
input.WESTrelint,input.run2,0.00000
input.WESTrlext,input.run2,0.00000
input.Wise2ndRun,input.run2,0.01869
input.WiseFifthRun,input.run2,0.00000
input.WiseFouthRun,input.run2,0.00002
input.WiseThirdRun,input.run2,0.01869
input.ya3,input.run2,0.00000
input.ya4,input.run2,0.00000
input.YNDXTPC1,input.run2,0.00000
input.YNDXTPC2,input.run2,0.00000
input.run3,input.run2a,0.00000
input.run3a,input.run2a,0.32261
input.run4,input.run2a,0.00000
input.run4a,input.run2a,0.37042
input.RunAll,input.run2a,0.00109
input.RunFut,input.run2a,0.00118
input.runNeMIS,input.run2a,0.09711
input.runNeMISext,input.run2a,0.04552
input.RunPure,input.run2a,0.00066
input.scurtuRun1,input.run2a,0.00718
input.sielrun1,input.run2a,0.02819
input.sielrun2,input.run2a,0.00568
input.sielrun3,input.run2a,0.00177
input.sielrun4,input.run2a,0.00624
input.SienaCL1B,input.run2a,0.00000
input.SienaCL31,input.run2a,0.00000
input.SienaCL342,input.run2a,0.00000
input.SienaCLbase,input.run2a,0.00012
input.simfoll,input.run2a,0.00000
input.simfollTP01,input.run2a,0.00000
input.sylesNoRes,input.run2a,0.00000
input.tfTP01,input.run2a,0.00000
input.udelIndri,input.run2a,0.00001
input.udelLucene,input.run2a,0.16466
input.UDMicroComb1,input.run2a,0.00591
input.UDMicroComb2,input.run2a,0.00001
input.UDMicroIDF,input.run2a,0.00000
input.UDMicroIDFD,input.run2a,0.00022
input.uicir1,input.run2a,0.09308
input.uicir2,input.run2a,0.01625
input.UIowaS1,input.run2a,0.00029
input.UIowaS2,input.run2a,0.00009
input.UIowaS3,input.run2a,0.00008
input.UIowaS4,input.run2a,0.00000
input.uiucsf,input.run2a,0.00021
input.uogTrLqea,input.run2a,0.00017
input.uogTrLqeabd,input.run2a,0.00037
input.uogTrLqeabdd,input.run2a,0.00082
input.uogTrUB2,input.run2a,0.00384
input.UTBase,input.run2a,0.00041
input.UTBaseRTF,input.run2a,0.03026
input.UTWngFuture,input.run2a,0.00000
input.UTWngFutureQ,input.run2a,0.00000
input.waterlooa1,input.run2a,0.00000
input.waterlooa2,input.run2a,0.00000
input.waterlooa3,input.run2a,0.00000
input.waterlooa4,input.run2a,0.00000
input.WESTfilext,input.run2a,0.00286
input.WESTfilter,input.run2a,0.00032
input.WESTrelint,input.run2a,0.12257
input.WESTrlext,input.run2a,0.25062
input.Wise2ndRun,input.run2a,0.00000
input.WiseFifthRun,input.run2a,0.00000
input.WiseFouthRun,input.run2a,0.00000
input.WiseThirdRun,input.run2a,0.00000
input.ya3,input.run2a,0.11002
input.ya4,input.run2a,0.07358
input.YNDXTPC1,input.run2a,0.02778
input.YNDXTPC2,input.run2a,0.01675
input.run3a,input.run3,0.00000
input.run4,input.run3,0.39420
input.run4a,input.run3,0.00000
input.RunAll,input.run3,0.00000
input.RunFut,input.run3,0.00000
input.runNeMIS,input.run3,0.00000
input.runNeMISext,input.run3,0.00000
input.RunPure,input.run3,0.00000
input.scurtuRun1,input.run3,0.00000
input.sielrun1,input.run3,0.00000
input.sielrun2,input.run3,0.00000
input.sielrun3,input.run3,0.00000
input.sielrun4,input.run3,0.00000
input.SienaCL1B,input.run3,0.00000
input.SienaCL31,input.run3,0.00000
input.SienaCL342,input.run3,0.00000
input.SienaCLbase,input.run3,0.00000
input.simfoll,input.run3,0.01195
input.simfollTP01,input.run3,0.00039
input.sylesNoRes,input.run3,0.00003
input.tfTP01,input.run3,0.00033
input.udelIndri,input.run3,0.00000
input.udelLucene,input.run3,0.00000
input.UDMicroComb1,input.run3,0.00000
input.UDMicroComb2,input.run3,0.00000
input.UDMicroIDF,input.run3,0.00000
input.UDMicroIDFD,input.run3,0.00000
input.uicir1,input.run3,0.00000
input.uicir2,input.run3,0.00000
input.UIowaS1,input.run3,0.00000
input.UIowaS2,input.run3,0.00000
input.UIowaS3,input.run3,0.00000
input.UIowaS4,input.run3,0.00000
input.uiucsf,input.run3,0.00000
input.uogTrLqea,input.run3,0.00000
input.uogTrLqeabd,input.run3,0.00000
input.uogTrLqeabdd,input.run3,0.00000
input.uogTrUB2,input.run3,0.00000
input.UTBase,input.run3,0.00000
input.UTBaseRTF,input.run3,0.00000
input.UTWngFuture,input.run3,0.00000
input.UTWngFutureQ,input.run3,0.00000
input.waterlooa1,input.run3,0.00000
input.waterlooa2,input.run3,0.00000
input.waterlooa3,input.run3,0.00001
input.waterlooa4,input.run3,0.00000
input.WESTfilext,input.run3,0.00000
input.WESTfilter,input.run3,0.00000
input.WESTrelint,input.run3,0.00000
input.WESTrlext,input.run3,0.00000
input.Wise2ndRun,input.run3,0.00031
input.WiseFifthRun,input.run3,0.00000
input.WiseFouthRun,input.run3,0.00000
input.WiseThirdRun,input.run3,0.00031
input.ya3,input.run3,0.00000
input.ya4,input.run3,0.00000
input.YNDXTPC1,input.run3,0.00000
input.YNDXTPC2,input.run3,0.00000
input.run4,input.run3a,0.00000
input.run4a,input.run3a,0.92556
input.RunAll,input.run3a,0.02271
input.RunFut,input.run3a,0.02409
input.runNeMIS,input.run3a,0.50290
input.runNeMISext,input.run3a,0.31217
input.RunPure,input.run3a,0.01568
input.scurtuRun1,input.run3a,0.08927
input.sielrun1,input.run3a,0.22800
input.sielrun2,input.run3a,0.07566
input.sielrun3,input.run3a,0.03258
input.sielrun4,input.run3a,0.08084
input.SienaCL1B,input.run3a,0.00006
input.SienaCL31,input.run3a,0.00008
input.SienaCL342,input.run3a,0.00003
input.SienaCLbase,input.run3a,0.00426
input.simfoll,input.run3a,0.00000
input.simfollTP01,input.run3a,0.00000
input.sylesNoRes,input.run3a,0.00000
input.tfTP01,input.run3a,0.00000
input.udelIndri,input.run3a,0.00036
input.udelLucene,input.run3a,0.01737
input.UDMicroComb1,input.run3a,0.07782
input.UDMicroComb2,input.run3a,0.00035
input.UDMicroIDF,input.run3a,0.00002
input.UDMicroIDFD,input.run3a,0.00682
input.uicir1,input.run3a,0.49004
input.uicir2,input.run3a,0.15734
input.UIowaS1,input.run3a,0.00835
input.UIowaS2,input.run3a,0.00348
input.UIowaS3,input.run3a,0.00312
input.UIowaS4,input.run3a,0.00000
input.uiucsf,input.run3a,0.00000
input.uogTrLqea,input.run3a,0.00548
input.uogTrLqeabd,input.run3a,0.01010
input.uogTrLqeabdd,input.run3a,0.01840
input.uogTrUB2,input.run3a,0.05723
input.UTBase,input.run3a,0.01088
input.UTBaseRTF,input.run3a,0.00160
input.UTWngFuture,input.run3a,0.00013
input.UTWngFutureQ,input.run3a,0.00001
input.waterlooa1,input.run3a,0.00001
input.waterlooa2,input.run3a,0.00007
input.waterlooa3,input.run3a,0.00000
input.waterlooa4,input.run3a,0.00000
input.WESTfilext,input.run3a,0.04628
input.WESTfilter,input.run3a,0.00912
input.WESTrelint,input.run3a,0.57893
input.WESTrlext,input.run3a,0.87309
input.Wise2ndRun,input.run3a,0.00000
input.WiseFifthRun,input.run3a,0.00014
input.WiseFouthRun,input.run3a,0.00003
input.WiseThirdRun,input.run3a,0.00000
input.ya3,input.run3a,0.54252
input.ya4,input.run3a,0.42365
input.YNDXTPC1,input.run3a,0.22579
input.YNDXTPC2,input.run3a,0.16057
input.run4a,input.run4,0.00000
input.RunAll,input.run4,0.00000
input.RunFut,input.run4,0.00000
input.runNeMIS,input.run4,0.00000
input.runNeMISext,input.run4,0.00000
input.RunPure,input.run4,0.00000
input.scurtuRun1,input.run4,0.00000
input.sielrun1,input.run4,0.00000
input.sielrun2,input.run4,0.00000
input.sielrun3,input.run4,0.00000
input.sielrun4,input.run4,0.00000
input.SienaCL1B,input.run4,0.00000
input.SienaCL31,input.run4,0.00000
input.SienaCL342,input.run4,0.00000
input.SienaCLbase,input.run4,0.00000
input.simfoll,input.run4,0.09661
input.simfollTP01,input.run4,0.00709
input.sylesNoRes,input.run4,0.00101
input.tfTP01,input.run4,0.00612
input.udelIndri,input.run4,0.00000
input.udelLucene,input.run4,0.00000
input.UDMicroComb1,input.run4,0.00000
input.UDMicroComb2,input.run4,0.00000
input.UDMicroIDF,input.run4,0.00001
input.UDMicroIDFD,input.run4,0.00000
input.uicir1,input.run4,0.00000
input.uicir2,input.run4,0.00000
input.UIowaS1,input.run4,0.00000
input.UIowaS2,input.run4,0.00000
input.UIowaS3,input.run4,0.00000
input.UIowaS4,input.run4,0.00019
input.uiucsf,input.run4,0.00000
input.uogTrLqea,input.run4,0.00000
input.uogTrLqeabd,input.run4,0.00000
input.uogTrLqeabdd,input.run4,0.00000
input.uogTrUB2,input.run4,0.00000
input.UTBase,input.run4,0.00000
input.UTBaseRTF,input.run4,0.00000
input.UTWngFuture,input.run4,0.00000
input.UTWngFutureQ,input.run4,0.00001
input.waterlooa1,input.run4,0.00001
input.waterlooa2,input.run4,0.00000
input.waterlooa3,input.run4,0.00022
input.waterlooa4,input.run4,0.00003
input.WESTfilext,input.run4,0.00000
input.WESTfilter,input.run4,0.00000
input.WESTrelint,input.run4,0.00000
input.WESTrlext,input.run4,0.00000
input.Wise2ndRun,input.run4,0.00580
input.WiseFifthRun,input.run4,0.00000
input.WiseFouthRun,input.run4,0.00000
input.WiseThirdRun,input.run4,0.00580
input.ya3,input.run4,0.00000
input.ya4,input.run4,0.00000
input.YNDXTPC1,input.run4,0.00000
input.YNDXTPC2,input.run4,0.00000
input.RunAll,input.run4a,0.01771
input.RunFut,input.run4a,0.01882
input.runNeMIS,input.run4a,0.44524
input.runNeMISext,input.run4a,0.26955
input.RunPure,input.run4a,0.01209
input.scurtuRun1,input.run4a,0.07302
input.sielrun1,input.run4a,0.19396
input.sielrun2,input.run4a,0.06150
input.sielrun3,input.run4a,0.02570
input.sielrun4,input.run4a,0.06587
input.SienaCL1B,input.run4a,0.00004
input.SienaCL31,input.run4a,0.00005
input.SienaCL342,input.run4a,0.00002
input.SienaCLbase,input.run4a,0.00316
input.simfoll,input.run4a,0.00000
input.simfollTP01,input.run4a,0.00000
input.sylesNoRes,input.run4a,0.00000
input.tfTP01,input.run4a,0.00000
input.udelIndri,input.run4a,0.00025
input.udelLucene,input.run4a,0.02230
input.UDMicroComb1,input.run4a,0.06333
input.UDMicroComb2,input.run4a,0.00025
input.UDMicroIDF,input.run4a,0.00002
input.UDMicroIDFD,input.run4a,0.00513
input.uicir1,input.run4a,0.43323
input.uicir2,input.run4a,0.13168
input.UIowaS1,input.run4a,0.00631
input.UIowaS2,input.run4a,0.00256
input.UIowaS3,input.run4a,0.00230
input.UIowaS4,input.run4a,0.00000
input.uiucsf,input.run4a,0.00000
input.uogTrLqea,input.run4a,0.00410
input.uogTrLqeabd,input.run4a,0.00768
input.uogTrLqeabdd,input.run4a,0.01425
input.uogTrUB2,input.run4a,0.04605
input.UTBase,input.run4a,0.00829
input.UTBaseRTF,input.run4a,0.00220
input.UTWngFuture,input.run4a,0.00009
input.UTWngFutureQ,input.run4a,0.00001
input.waterlooa1,input.run4a,0.00001
input.waterlooa2,input.run4a,0.00005
input.waterlooa3,input.run4a,0.00000
input.waterlooa4,input.run4a,0.00000
input.WESTfilext,input.run4a,0.03696
input.WESTfilter,input.run4a,0.00692
input.WESTrelint,input.run4a,0.51674
input.WESTrlext,input.run4a,0.80014
input.Wise2ndRun,input.run4a,0.00000
input.WiseFifthRun,input.run4a,0.00010
input.WiseFouthRun,input.run4a,0.00002
input.WiseThirdRun,input.run4a,0.00000
input.ya3,input.run4a,0.48241
input.ya4,input.run4a,0.37157
input.YNDXTPC1,input.run4a,0.19200
input.YNDXTPC2,input.run4a,0.13451
input.RunFut,input.RunAll,0.98203
input.runNeMIS,input.RunAll,0.10777
input.runNeMISext,input.RunAll,0.20496
input.RunPure,input.RunAll,0.89025
input.scurtuRun1,input.RunAll,0.56261
input.sielrun1,input.RunAll,0.28341
input.sielrun2,input.RunAll,0.61582
input.sielrun3,input.RunAll,0.88789
input.sielrun4,input.RunAll,0.59447
input.SienaCL1B,input.RunAll,0.08083
input.SienaCL31,input.RunAll,0.09469
input.SienaCL342,input.RunAll,0.05775
input.SienaCLbase,input.RunAll,0.56213
input.simfoll,input.RunAll,0.00000
input.simfollTP01,input.RunAll,0.00014
input.sylesNoRes,input.RunAll,0.00131
input.tfTP01,input.RunAll,0.00017
input.udelIndri,input.RunAll,0.19699
input.udelLucene,input.RunAll,0.00000
input.UDMicroComb1,input.RunAll,0.60673
input.UDMicroComb2,input.RunAll,0.19568
input.UDMicroIDF,input.RunAll,0.05190
input.UDMicroIDFD,input.RunAll,0.66912
input.uicir1,input.RunAll,0.11229
input.uicir2,input.RunAll,0.38751
input.UIowaS1,input.RunAll,0.71923
input.UIowaS2,input.RunAll,0.51960
input.UIowaS3,input.RunAll,0.49818
input.UIowaS4,input.RunAll,0.00565
input.uiucsf,input.RunAll,0.00000
input.uogTrLqea,input.RunAll,0.61775
input.uogTrLqeabd,input.RunAll,0.76874
input.uogTrLqeabdd,input.RunAll,0.93682
input.uogTrUB2,input.RunAll,0.70640
input.UTBase,input.RunAll,0.78844
input.UTBaseRTF,input.RunAll,0.00000
input.UTWngFuture,input.RunAll,0.12317
input.UTWngFutureQ,input.RunAll,0.03806
input.waterlooa1,input.RunAll,0.03270
input.waterlooa2,input.RunAll,0.09137
input.waterlooa3,input.RunAll,0.00496
input.waterlooa4,input.RunAll,0.01914
input.WESTfilext,input.RunAll,0.77532
input.WESTfilter,input.RunAll,0.74200
input.WESTrelint,input.RunAll,0.08484
input.WESTrlext,input.RunAll,0.03413
input.Wise2ndRun,input.RunAll,0.00018
input.WiseFifthRun,input.RunAll,0.12768
input.WiseFouthRun,input.RunAll,0.06137
input.WiseThirdRun,input.RunAll,0.00018
input.ya3,input.RunAll,0.09508
input.ya4,input.RunAll,0.13938
input.YNDXTPC1,input.RunAll,0.28600
input.YNDXTPC2,input.RunAll,0.38153
input.runNeMIS,input.RunFut,0.11279
input.runNeMISext,input.RunFut,0.21312
input.RunPure,input.RunFut,0.87248
input.scurtuRun1,input.RunFut,0.57791
input.sielrun1,input.RunFut,0.29364
input.sielrun2,input.RunFut,0.63175
input.sielrun3,input.RunFut,0.90571
input.sielrun4,input.RunFut,0.61016
input.SienaCL1B,input.RunFut,0.07699
input.SienaCL31,input.RunFut,0.09032
input.SienaCL342,input.RunFut,0.05485
input.SienaCLbase,input.RunFut,0.54704
input.simfoll,input.RunFut,0.00000
input.simfollTP01,input.RunFut,0.00013
input.sylesNoRes,input.RunFut,0.00121
input.tfTP01,input.RunFut,0.00015
input.udelIndri,input.RunFut,0.18928
input.udelLucene,input.RunFut,0.00000
input.UDMicroComb1,input.RunFut,0.62256
input.UDMicroComb2,input.RunFut,0.18802
input.UDMicroIDF,input.RunFut,0.04925
input.UDMicroIDFD,input.RunFut,0.65280
input.uicir1,input.RunFut,0.11748
input.uicir2,input.RunFut,0.40000
input.UIowaS1,input.RunFut,0.70245
input.UIowaS2,input.RunFut,0.50511
input.UIowaS3,input.RunFut,0.48401
input.UIowaS4,input.RunFut,0.00527
input.uiucsf,input.RunFut,0.00000
input.uogTrLqea,input.RunFut,0.60198
input.uogTrLqeabd,input.RunFut,0.75159
input.uogTrLqeabdd,input.RunFut,0.91892
input.uogTrUB2,input.RunFut,0.72321
input.UTBase,input.RunFut,0.77116
input.UTBaseRTF,input.RunFut,0.00000
input.UTWngFuture,input.RunFut,0.11779
input.UTWngFutureQ,input.RunFut,0.03602
input.waterlooa1,input.RunFut,0.03091
input.waterlooa2,input.RunFut,0.08713
input.waterlooa3,input.RunFut,0.00462
input.waterlooa4,input.RunFut,0.01801
input.WESTfilext,input.RunFut,0.79263
input.WESTfilter,input.RunFut,0.72504
input.WESTrelint,input.RunFut,0.08899
input.WESTrlext,input.RunFut,0.03609
input.Wise2ndRun,input.RunFut,0.00017
input.WiseFifthRun,input.RunFut,0.12214
input.WiseFouthRun,input.RunFut,0.05831
input.WiseThirdRun,input.RunFut,0.00017
input.ya3,input.RunFut,0.09962
input.ya4,input.RunFut,0.14551
input.YNDXTPC1,input.RunFut,0.29629
input.YNDXTPC2,input.RunFut,0.39391
input.runNeMISext,input.runNeMIS,0.73330
input.RunPure,input.runNeMIS,0.08076
input.scurtuRun1,input.runNeMIS,0.30333
input.sielrun1,input.runNeMIS,0.59224
input.sielrun2,input.runNeMIS,0.26851
input.sielrun3,input.runNeMIS,0.14229
input.sielrun4,input.runNeMIS,0.28197
input.SienaCL1B,input.runNeMIS,0.00080
input.SienaCL31,input.runNeMIS,0.00104
input.SienaCL342,input.runNeMIS,0.00046
input.SienaCLbase,input.runNeMIS,0.02867
input.simfoll,input.runNeMIS,0.00000
input.simfollTP01,input.runNeMIS,0.00000
input.sylesNoRes,input.runNeMIS,0.00000
input.tfTP01,input.runNeMIS,0.00000
input.udelIndri,input.runNeMIS,0.00375
input.udelLucene,input.runNeMIS,0.00230
input.UDMicroComb1,input.runNeMIS,0.27416
input.UDMicroComb2,input.runNeMIS,0.00371
input.UDMicroIDF,input.runNeMIS,0.00038
input.UDMicroIDFD,input.runNeMIS,0.04179
input.uicir1,input.runNeMIS,0.98380
input.uicir2,input.runNeMIS,0.45680
input.UIowaS1,input.runNeMIS,0.04909
input.UIowaS2,input.runNeMIS,0.02431
input.UIowaS3,input.runNeMIS,0.02228
input.UIowaS4,input.runNeMIS,0.00001
input.uiucsf,input.runNeMIS,0.00000
input.uogTrLqea,input.runNeMIS,0.03509
input.uogTrLqeabd,input.runNeMIS,0.05713
input.uogTrLqeabdd,input.runNeMIS,0.09150
input.uogTrUB2,input.runNeMIS,0.21811
input.UTBase,input.runNeMIS,0.06057
input.UTBaseRTF,input.runNeMIS,0.00013
input.UTWngFuture,input.runNeMIS,0.00163
input.UTWngFutureQ,input.runNeMIS,0.00023
input.waterlooa1,input.runNeMIS,0.00018
input.waterlooa2,input.runNeMIS,0.00098
input.waterlooa3,input.runNeMIS,0.00001
input.waterlooa4,input.runNeMIS,0.00008
input.WESTfilext,input.runNeMIS,0.18588
input.WESTfilter,input.runNeMIS,0.05269
input.WESTrelint,input.runNeMIS,0.90845
input.WESTrlext,input.runNeMIS,0.60991
input.Wise2ndRun,input.runNeMIS,0.00000
input.WiseFifthRun,input.runNeMIS,0.00174
input.WiseFouthRun,input.runNeMIS,0.00050
input.WiseThirdRun,input.runNeMIS,0.00000
input.ya3,input.runNeMIS,0.95141
input.ya4,input.runNeMIS,0.89644
input.YNDXTPC1,input.runNeMIS,0.58828
input.YNDXTPC2,input.runNeMIS,0.46344
input.RunPure,input.runNeMISext,0.15986
input.scurtuRun1,input.runNeMISext,0.49109
input.sielrun1,input.runNeMISext,0.84550
input.sielrun2,input.runNeMISext,0.44382
input.sielrun3,input.runNeMISext,0.25993
input.sielrun4,input.runNeMISext,0.46223
input.SienaCL1B,input.runNeMISext,0.00258
input.SienaCL31,input.runNeMISext,0.00330
input.SienaCL342,input.runNeMISext,0.00155
input.SienaCLbase,input.runNeMISext,0.06472
input.simfoll,input.runNeMISext,0.00000
input.simfollTP01,input.runNeMISext,0.00000
input.sylesNoRes,input.runNeMISext,0.00001
input.tfTP01,input.runNeMISext,0.00000
input.udelIndri,input.runNeMISext,0.01054
input.udelLucene,input.runNeMISext,0.00070
input.UDMicroComb1,input.runNeMISext,0.45157
input.UDMicroComb2,input.runNeMISext,0.01042
input.UDMicroIDF,input.runNeMISext,0.00132
input.UDMicroIDFD,input.runNeMISext,0.09010
input.uicir1,input.runNeMISext,0.74865
input.uicir2,input.runNeMISext,0.68666
input.UIowaS1,input.runNeMISext,0.10373
input.UIowaS2,input.runNeMISext,0.05594
input.UIowaS3,input.runNeMISext,0.05179
input.UIowaS4,input.runNeMISext,0.00005
input.uiucsf,input.runNeMISext,0.00000
input.uogTrLqea,input.runNeMISext,0.07730
input.uogTrLqeabd,input.runNeMISext,0.11839
input.uogTrLqeabdd,input.runNeMISext,0.17804
input.uogTrUB2,input.runNeMISext,0.37301
input.UTBase,input.runNeMISext,0.12457
input.UTBaseRTF,input.runNeMISext,0.00003
input.UTWngFuture,input.runNeMISext,0.00497
input.UTWngFutureQ,input.runNeMISext,0.00083
input.waterlooa1,input.runNeMISext,0.00067
input.waterlooa2,input.runNeMISext,0.00312
input.waterlooa3,input.runNeMISext,0.00005
input.waterlooa4,input.runNeMISext,0.00031
input.WESTfilext,input.runNeMISext,0.32604
input.WESTfilter,input.runNeMISext,0.11032
input.WESTrelint,input.runNeMISext,0.64859
input.WESTrlext,input.runNeMISext,0.39480
input.Wise2ndRun,input.runNeMISext,0.00000
input.WiseFifthRun,input.runNeMISext,0.00526
input.WiseFouthRun,input.runNeMISext,0.00170
input.WiseThirdRun,input.runNeMISext,0.00000
input.ya3,input.runNeMISext,0.68793
input.ya4,input.runNeMISext,0.83322
input.YNDXTPC1,input.runNeMISext,0.84102
input.YNDXTPC2,input.runNeMISext,0.69471
input.scurtuRun1,input.RunPure,0.47340
input.sielrun1,input.RunPure,0.22602
input.sielrun2,input.RunPure,0.52232
input.sielrun3,input.RunPure,0.78027
input.sielrun4,input.RunPure,0.50263
input.SienaCL1B,input.RunPure,0.10785
input.SienaCL31,input.RunPure,0.12523
input.SienaCL342,input.RunPure,0.07848
input.SienaCLbase,input.RunPure,0.65871
input.simfoll,input.RunPure,0.00000
input.simfollTP01,input.RunPure,0.00024
input.sylesNoRes,input.RunPure,0.00209
input.tfTP01,input.RunPure,0.00029
input.udelIndri,input.RunPure,0.24924
input.udelLucene,input.RunPure,0.00000
input.UDMicroComb1,input.RunPure,0.51393
input.UDMicroComb2,input.RunPure,0.24770
input.UDMicroIDF,input.RunPure,0.07093
input.UDMicroIDFD,input.RunPure,0.77230
input.uicir1,input.RunPure,0.08436
input.uicir2,input.RunPure,0.31628
input.UIowaS1,input.RunPure,0.82470
input.UIowaS2,input.RunPure,0.61288
input.UIowaS3,input.RunPure,0.58964
input.UIowaS4,input.RunPure,0.00855
input.uiucsf,input.RunPure,0.00000
input.uogTrLqea,input.RunPure,0.71807
input.uogTrLqeabd,input.RunPure,0.87601
input.uogTrLqeabdd,input.RunPure,0.95317
input.uogTrUB2,input.RunPure,0.60677
input.UTBase,input.RunPure,0.89629
input.UTBaseRTF,input.RunPure,0.00000
input.UTWngFuture,input.RunPure,0.16043
input.UTWngFutureQ,input.RunPure,0.05285
input.waterlooa1,input.RunPure,0.04575
input.waterlooa2,input.RunPure,0.12109
input.waterlooa3,input.RunPure,0.00754
input.waterlooa4,input.RunPure,0.02747
input.WESTfilext,input.RunPure,0.67200
input.WESTfilter,input.RunPure,0.84836
input.WESTrelint,input.RunPure,0.06271
input.WESTrlext,input.RunPure,0.02404
input.Wise2ndRun,input.RunPure,0.00031
input.WiseFifthRun,input.RunPure,0.16595
input.WiseFouthRun,input.RunPure,0.08313
input.WiseThirdRun,input.RunPure,0.00031
input.ya3,input.RunPure,0.07073
input.ya4,input.RunPure,0.10607
input.YNDXTPC1,input.RunPure,0.22823
input.YNDXTPC2,input.RunPure,0.31103
input.sielrun1,input.scurtuRun1,0.62150
input.sielrun2,input.scurtuRun1,0.93848
input.sielrun3,input.scurtuRun1,0.66140
input.sielrun4,input.scurtuRun1,0.96284
input.SienaCL1B,input.scurtuRun1,0.02008
input.SienaCL31,input.scurtuRun1,0.02444
input.SienaCL342,input.scurtuRun1,0.01327
input.SienaCLbase,input.scurtuRun1,0.24660
input.simfoll,input.scurtuRun1,0.00000
input.simfollTP01,input.scurtuRun1,0.00001
input.sylesNoRes,input.scurtuRun1,0.00015
input.tfTP01,input.scurtuRun1,0.00001
input.udelIndri,input.scurtuRun1,0.06160
input.udelLucene,input.scurtuRun1,0.00005
input.UDMicroComb1,input.scurtuRun1,0.94880
input.UDMicroComb2,input.scurtuRun1,0.06108
input.UDMicroIDF,input.scurtuRun1,0.01164
input.UDMicroIDFD,input.scurtuRun1,0.31426
input.uicir1,input.scurtuRun1,0.31297
input.uicir2,input.scurtuRun1,0.77551
input.UIowaS1,input.scurtuRun1,0.34801
input.UIowaS2,input.scurtuRun1,0.22136
input.UIowaS3,input.scurtuRun1,0.20900
input.UIowaS4,input.scurtuRun1,0.00082
input.uiucsf,input.scurtuRun1,0.00000
input.uogTrLqea,input.scurtuRun1,0.28103
input.uogTrLqeabd,input.scurtuRun1,0.38267
input.uogTrLqeabdd,input.scurtuRun1,0.51039
input.uogTrUB2,input.scurtuRun1,0.83971
input.UTBase,input.scurtuRun1,0.39683
input.UTBaseRTF,input.scurtuRun1,0.00000
input.UTWngFuture,input.scurtuRun1,0.03396
input.UTWngFutureQ,input.scurtuRun1,0.00798
input.waterlooa1,input.scurtuRun1,0.00663
input.waterlooa2,input.scurtuRun1,0.02338
input.waterlooa3,input.scurtuRun1,0.00070
input.waterlooa4,input.scurtuRun1,0.00348
input.WESTfilext,input.scurtuRun1,0.76911
input.WESTfilter,input.scurtuRun1,0.36379
input.WESTrelint,input.scurtuRun1,0.25250
input.WESTrlext,input.scurtuRun1,0.12368
input.Wise2ndRun,input.scurtuRun1,0.00002
input.WiseFifthRun,input.scurtuRun1,0.03553
input.WiseFouthRun,input.scurtuRun1,0.01429
input.WiseThirdRun,input.scurtuRun1,0.00002
input.ya3,input.scurtuRun1,0.27561
input.ya4,input.scurtuRun1,0.36857
input.YNDXTPC1,input.scurtuRun1,0.62556
input.YNDXTPC2,input.scurtuRun1,0.76714
input.sielrun2,input.sielrun1,0.56807
input.sielrun3,input.sielrun1,0.35149
input.sielrun4,input.sielrun1,0.58898
input.SienaCL1B,input.sielrun1,0.00482
input.SienaCL31,input.sielrun1,0.00607
input.SienaCL342,input.sielrun1,0.00298
input.SienaCLbase,input.sielrun1,0.09846
input.simfoll,input.sielrun1,0.00000
input.simfollTP01,input.sielrun1,0.00000
input.sylesNoRes,input.sielrun1,0.00002
input.tfTP01,input.sielrun1,0.00000
input.udelIndri,input.sielrun1,0.01813
input.udelLucene,input.sielrun1,0.00034
input.UDMicroComb1,input.sielrun1,0.57689
input.UDMicroComb2,input.sielrun1,0.01795
input.UDMicroIDF,input.sielrun1,0.00256
input.UDMicroIDFD,input.sielrun1,0.13361
input.uicir1,input.sielrun1,0.60635
input.uicir2,input.sielrun1,0.83481
input.UIowaS1,input.sielrun1,0.15209
input.UIowaS2,input.sielrun1,0.08605
input.UIowaS3,input.sielrun1,0.08011
input.UIowaS4,input.sielrun1,0.00012
input.uiucsf,input.sielrun1,0.00000
input.uogTrLqea,input.sielrun1,0.11602
input.uogTrLqeabd,input.sielrun1,0.17172
input.uogTrLqeabdd,input.sielrun1,0.24934
input.uogTrUB2,input.sielrun1,0.48644
input.UTBase,input.sielrun1,0.17991
input.UTBaseRTF,input.sielrun1,0.00001
input.UTWngFuture,input.sielrun1,0.00894
input.UTWngFutureQ,input.sielrun1,0.00165
input.waterlooa1,input.sielrun1,0.00133
input.waterlooa2,input.sielrun1,0.00576
input.waterlooa3,input.sielrun1,0.00010
input.waterlooa4,input.sielrun1,0.00064
input.WESTfilext,input.sielrun1,0.43113
input.WESTfilter,input.sielrun1,0.16095
input.WESTrelint,input.sielrun1,0.51531
input.WESTrlext,input.sielrun1,0.29565
input.Wise2ndRun,input.sielrun1,0.00000
input.WiseFifthRun,input.sielrun1,0.00943
input.WiseFouthRun,input.sielrun1,0.00325
input.WiseThirdRun,input.sielrun1,0.00000
input.ya3,input.sielrun1,0.55082
input.ya4,input.sielrun1,0.68516
input.YNDXTPC1,input.sielrun1,0.99542
input.YNDXTPC2,input.sielrun1,0.84335
input.sielrun3,input.sielrun2,0.71824
input.sielrun4,input.sielrun2,0.97560
input.SienaCL1B,input.sielrun2,0.02460
input.SienaCL31,input.sielrun2,0.02978
input.SienaCL342,input.sielrun2,0.01642
input.SienaCLbase,input.sielrun2,0.27949
input.simfoll,input.sielrun2,0.00000
input.simfollTP01,input.sielrun2,0.00002
input.sylesNoRes,input.sielrun2,0.00020
input.tfTP01,input.sielrun2,0.00002
input.udelIndri,input.sielrun2,0.07314
input.udelLucene,input.sielrun2,0.00003
input.UDMicroComb1,input.sielrun2,0.98966
input.UDMicroComb2,input.sielrun2,0.07254
input.UDMicroIDF,input.sielrun2,0.01446
input.UDMicroIDFD,input.sielrun2,0.35282
input.uicir1,input.sielrun2,0.27740
input.uicir2,input.sielrun2,0.71708
input.UIowaS1,input.sielrun2,0.38909
input.UIowaS2,input.sielrun2,0.25190
input.UIowaS3,input.sielrun2,0.23835
input.UIowaS4,input.sielrun2,0.00108
input.uiucsf,input.sielrun2,0.00000
input.uogTrLqea,input.sielrun2,0.31691
input.uogTrLqeabd,input.sielrun2,0.42615
input.uogTrLqeabdd,input.sielrun2,0.56120
input.uogTrUB2,input.sielrun2,0.90045
input.UTBase,input.sielrun2,0.44123
input.UTBaseRTF,input.sielrun2,0.00000
input.UTWngFuture,input.sielrun2,0.04101
input.UTWngFutureQ,input.sielrun2,0.01000
input.waterlooa1,input.sielrun2,0.00835
input.waterlooa2,input.sielrun2,0.02853
input.waterlooa3,input.sielrun2,0.00093
input.waterlooa4,input.sielrun2,0.00445
input.WESTfilext,input.sielrun2,0.82870
input.WESTfilter,input.sielrun2,0.40598
input.WESTrelint,input.sielrun2,0.22190
input.WESTrlext,input.sielrun2,0.10594
input.Wise2ndRun,input.sielrun2,0.00002
input.WiseFifthRun,input.sielrun2,0.04286
input.WiseFouthRun,input.sielrun2,0.01766
input.WiseThirdRun,input.sielrun2,0.00002
input.ya3,input.sielrun2,0.24304
input.ya4,input.sielrun2,0.32890
input.YNDXTPC1,input.sielrun2,0.57196
input.YNDXTPC2,input.sielrun2,0.70893
input.sielrun4,input.sielrun3,0.69551
input.SienaCL1B,input.sielrun3,0.05918
input.SienaCL31,input.sielrun3,0.06996
input.SienaCL342,input.sielrun3,0.04149
input.SienaCLbase,input.sielrun3,0.47112
input.simfoll,input.sielrun3,0.00000
input.simfollTP01,input.sielrun3,0.00008
input.sylesNoRes,input.sielrun3,0.00079
input.tfTP01,input.sielrun3,0.00010
input.udelIndri,input.sielrun3,0.15238
input.udelLucene,input.sielrun3,0.00001
input.UDMicroComb1,input.sielrun3,0.70858
input.UDMicroComb2,input.sielrun3,0.15131
input.UDMicroIDF,input.sielrun3,0.03708
input.UDMicroIDFD,input.sielrun3,0.56981
input.uicir1,input.sielrun3,0.14790
input.uicir2,input.sielrun3,0.46958
input.UIowaS1,input.sielrun3,0.61674
input.UIowaS2,input.sielrun3,0.43249
input.UIowaS3,input.sielrun3,0.41317
input.UIowaS4,input.sielrun3,0.00363
input.uiucsf,input.sielrun3,0.00000
input.uogTrLqea,input.sielrun3,0.52216
input.uogTrLqeabd,input.sielrun3,0.66356
input.uogTrLqeabdd,input.sielrun3,0.82568
input.uogTrUB2,input.sielrun3,0.81365
input.UTBase,input.sielrun3,0.68231
input.UTBaseRTF,input.sielrun3,0.00000
input.UTWngFuture,input.sielrun3,0.09245
input.UTWngFutureQ,input.sielrun3,0.02675
input.waterlooa1,input.sielrun3,0.02281
input.waterlooa2,input.sielrun3,0.06737
input.waterlooa3,input.sielrun3,0.00317
input.waterlooa4,input.sielrun3,0.01300
input.WESTfilext,input.sielrun3,0.88515
input.WESTfilter,input.sielrun3,0.63822
input.WESTrelint,input.sielrun3,0.11358
input.WESTrlext,input.sielrun3,0.04798
input.Wise2ndRun,input.sielrun3,0.00010
input.WiseFifthRun,input.sielrun3,0.09605
input.WiseFouthRun,input.sielrun3,0.04424
input.WiseThirdRun,input.sielrun3,0.00010
input.ya3,input.sielrun3,0.12646
input.ya4,input.sielrun3,0.18118
input.YNDXTPC1,input.sielrun3,0.35446
input.YNDXTPC2,input.sielrun3,0.46289
input.SienaCL1B,input.sielrun4,0.02271
input.SienaCL31,input.sielrun4,0.02756
input.SienaCL342,input.sielrun4,0.01510
input.SienaCLbase,input.sielrun4,0.26612
input.simfoll,input.sielrun4,0.00000
input.simfollTP01,input.sielrun4,0.00001
input.sylesNoRes,input.sielrun4,0.00018
input.tfTP01,input.sielrun4,0.00002
input.udelIndri,input.sielrun4,0.06837
input.udelLucene,input.sielrun4,0.00004
input.UDMicroComb1,input.sielrun4,0.98594
input.UDMicroComb2,input.sielrun4,0.06780
input.UDMicroIDF,input.sielrun4,0.01328
input.UDMicroIDFD,input.sielrun4,0.33720
input.uicir1,input.sielrun4,0.29115
input.uicir2,input.sielrun4,0.74006
input.UIowaS1,input.sielrun4,0.37247
input.UIowaS2,input.sielrun4,0.23947
input.UIowaS3,input.sielrun4,0.22639
input.UIowaS4,input.sielrun4,0.00097
input.uiucsf,input.sielrun4,0.00000
input.uogTrLqea,input.sielrun4,0.30235
input.uogTrLqeabd,input.sielrun4,0.40858
input.uogTrLqeabdd,input.sielrun4,0.54078
input.uogTrUB2,input.sielrun4,0.87629
input.UTBase,input.sielrun4,0.42330
input.UTBaseRTF,input.sielrun4,0.00000
input.UTWngFuture,input.sielrun4,0.03808
input.UTWngFutureQ,input.sielrun4,0.00915
input.waterlooa1,input.sielrun4,0.00763
input.waterlooa2,input.sielrun4,0.02638
input.waterlooa3,input.sielrun4,0.00083
input.waterlooa4,input.sielrun4,0.00404
input.WESTfilext,input.sielrun4,0.80495
input.WESTfilter,input.sielrun4,0.38892
input.WESTrelint,input.sielrun4,0.23369
input.WESTrlext,input.sielrun4,0.11271
input.Wise2ndRun,input.sielrun4,0.00002
input.WiseFifthRun,input.sielrun4,0.03981
input.WiseFouthRun,input.sielrun4,0.01625
input.WiseThirdRun,input.sielrun4,0.00002
input.ya3,input.sielrun4,0.25561
input.ya4,input.sielrun4,0.34428
input.YNDXTPC1,input.sielrun4,0.59294
input.YNDXTPC2,input.sielrun4,0.73182
input.SienaCL31,input.SienaCL1B,0.94043
input.SienaCL342,input.SienaCL1B,0.87945
input.SienaCLbase,input.SienaCL1B,0.24352
input.simfoll,input.SienaCL1B,0.00197
input.simfollTP01,input.SienaCL1B,0.03908
input.sylesNoRes,input.SienaCL1B,0.14186
input.tfTP01,input.SienaCL1B,0.04391
input.udelIndri,input.SienaCL1B,0.64859
input.udelLucene,input.SienaCL1B,0.00000
input.UDMicroComb1,input.SienaCL1B,0.02378
input.UDMicroComb2,input.SienaCL1B,0.65130
input.UDMicroIDF,input.SienaCL1B,0.84303
input.UDMicroIDFD,input.SienaCL1B,0.18732
input.uicir1,input.SienaCL1B,0.00086
input.uicir2,input.SienaCL1B,0.00905
input.UIowaS1,input.SienaCL1B,0.16562
input.UIowaS2,input.SienaCL1B,0.27048
input.UIowaS3,input.SienaCL1B,0.28527
input.UIowaS4,input.SienaCL1B,0.30705
input.uiucsf,input.SienaCL1B,0.00000
input.uogTrLqea,input.SienaCL1B,0.21244
input.uogTrLqeabd,input.SienaCL1B,0.14653
input.uogTrLqeabdd,input.SienaCL1B,0.09559
input.uogTrUB2,input.SienaCL1B,0.03379
input.UTBase,input.SienaCL1B,0.13952
input.UTBaseRTF,input.SienaCL1B,0.00000
input.UTWngFuture,input.SienaCL1B,0.83812
input.UTWngFutureQ,input.SienaCL1B,0.74272
input.waterlooa1,input.SienaCL1B,0.69670
input.waterlooa2,input.SienaCL1B,0.95398
input.waterlooa3,input.SienaCL1B,0.28737
input.waterlooa4,input.SienaCL1B,0.55058
input.WESTfilext,input.SienaCL1B,0.04222
input.WESTfilter,input.SienaCL1B,0.15657
input.WESTrelint,input.SienaCL1B,0.00052
input.WESTrlext,input.SienaCL1B,0.00011
input.Wise2ndRun,input.SienaCL1B,0.04578
input.WiseFifthRun,input.SienaCL1B,0.82386
input.WiseFouthRun,input.SienaCL1B,0.90060
input.WiseThirdRun,input.SienaCL1B,0.04578
input.ya3,input.SienaCL1B,0.00064
input.ya4,input.SienaCL1B,0.00126
input.YNDXTPC1,input.SienaCL1B,0.00491
input.YNDXTPC2,input.SienaCL1B,0.00877
input.SienaCL342,input.SienaCL31,0.82089
input.SienaCLbase,input.SienaCL31,0.27505
input.simfoll,input.SienaCL31,0.00153
input.simfollTP01,input.SienaCL31,0.03251
input.sylesNoRes,input.SienaCL31,0.12268
input.tfTP01,input.SienaCL31,0.03665
input.udelIndri,input.SienaCL31,0.70321
input.udelLucene,input.SienaCL31,0.00000
input.UDMicroComb1,input.SienaCL31,0.02882
input.UDMicroComb2,input.SienaCL31,0.70600
input.UDMicroIDF,input.SienaCL31,0.78504
input.UDMicroIDFD,input.SienaCL31,0.21356
input.uicir1,input.SienaCL31,0.00112
input.uicir2,input.SienaCL31,0.01123
input.UIowaS1,input.SienaCL31,0.18963
input.UIowaS2,input.SienaCL31,0.30432
input.UIowaS3,input.SienaCL31,0.32031
input.UIowaS4,input.SienaCL31,0.27301
input.uiucsf,input.SienaCL31,0.00000
input.uogTrLqea,input.SienaCL31,0.24114
input.uogTrLqeabd,input.SienaCL31,0.16846
input.uogTrLqeabdd,input.SienaCL31,0.11141
input.uogTrUB2,input.SienaCL31,0.04057
input.UTBase,input.SienaCL31,0.16066
input.UTBaseRTF,input.SienaCL31,0.00000
input.UTWngFuture,input.SienaCL31,0.89691
input.UTWngFutureQ,input.SienaCL31,0.68696
input.waterlooa1,input.SienaCL31,0.64228
input.waterlooa2,input.SienaCL31,0.98642
input.waterlooa3,input.SienaCL31,0.25486
input.waterlooa4,input.SienaCL31,0.50183
input.WESTfilext,input.SienaCL31,0.05039
input.WESTfilter,input.SienaCL31,0.17960
input.WESTrelint,input.SienaCL31,0.00069
input.WESTrlext,input.SienaCL31,0.00015
input.Wise2ndRun,input.SienaCL31,0.03825
input.WiseFifthRun,input.SienaCL31,0.88246
input.WiseFouthRun,input.SienaCL31,0.84176
input.WiseThirdRun,input.SienaCL31,0.03825
input.ya3,input.SienaCL31,0.00084
input.ya4,input.SienaCL31,0.00164
input.YNDXTPC1,input.SienaCL31,0.00618
input.YNDXTPC2,input.SienaCL31,0.01089
input.SienaCLbase,input.SienaCL342,0.18754
input.simfoll,input.SienaCL342,0.00325
input.simfollTP01,input.SienaCL342,0.05592
input.sylesNoRes,input.SienaCL342,0.18776
input.tfTP01,input.SienaCL342,0.06242
input.udelIndri,input.SienaCL342,0.54359
input.udelLucene,input.SienaCL342,0.00000
input.UDMicroComb1,input.SienaCL342,0.01585
input.UDMicroComb2,input.SienaCL342,0.54609
input.UDMicroIDF,input.SienaCL342,0.96303
input.UDMicroIDFD,input.SienaCL342,0.14150
input.uicir1,input.SienaCL342,0.00049
input.uicir2,input.SienaCL342,0.00575
input.UIowaS1,input.SienaCL342,0.12403
input.UIowaS2,input.SienaCL342,0.20998
input.UIowaS3,input.SienaCL342,0.22238
input.UIowaS4,input.SienaCL342,0.38443
input.uiucsf,input.SienaCL342,0.00000
input.uogTrLqea,input.SienaCL342,0.16195
input.uogTrLqeabd,input.SienaCL342,0.10881
input.uogTrLqeabdd,input.SienaCL342,0.06902
input.uogTrUB2,input.SienaCL342,0.02295
input.UTBase,input.SienaCL342,0.10326
input.UTBaseRTF,input.SienaCL342,0.00000
input.UTWngFuture,input.SienaCL342,0.72186
input.UTWngFutureQ,input.SienaCL342,0.85984
input.waterlooa1,input.SienaCL342,0.81180
input.waterlooa2,input.SienaCL342,0.83416
input.waterlooa3,input.SienaCL342,0.36165
input.waterlooa4,input.SienaCL342,0.65617
input.WESTfilext,input.SienaCL342,0.02904
input.WESTfilter,input.SienaCL342,0.11679
input.WESTrelint,input.SienaCL342,0.00029
input.WESTrlext,input.SienaCL342,0.00006
input.Wise2ndRun,input.SienaCL342,0.06493
input.WiseFifthRun,input.SienaCL342,0.70822
input.WiseFouthRun,input.SienaCL342,0.97865
input.WiseThirdRun,input.SienaCL342,0.06493
input.ya3,input.SienaCL342,0.00036
input.ya4,input.SienaCL342,0.00074
input.YNDXTPC1,input.SienaCL342,0.00303
input.YNDXTPC2,input.SienaCL342,0.00556
input.simfoll,input.SienaCLbase,0.00002
input.simfollTP01,input.SienaCLbase,0.00124
input.sylesNoRes,input.SienaCLbase,0.00841
input.tfTP01,input.SienaCLbase,0.00147
input.udelIndri,input.SienaCLbase,0.47739
input.udelLucene,input.SienaCLbase,0.00000
input.UDMicroComb1,input.SienaCLbase,0.27377
input.UDMicroComb2,input.SienaCLbase,0.47506
input.UDMicroIDF,input.SienaCLbase,0.17249
input.UDMicroIDFD,input.SienaCLbase,0.87893
input.uicir1,input.SienaCLbase,0.03019
input.uicir2,input.SienaCLbase,0.14879
input.UIowaS1,input.SienaCLbase,0.82573
input.UIowaS2,input.SienaCLbase,0.94875
input.UIowaS3,input.SienaCLbase,0.92220
input.UIowaS4,input.SienaCLbase,0.02869
input.uiucsf,input.SienaCLbase,0.00000
input.uogTrLqea,input.SienaCLbase,0.93573
input.uogTrLqeabd,input.SienaCLbase,0.77514
input.uogTrLqeabdd,input.SienaCLbase,0.61679
input.uogTrUB2,input.SienaCLbase,0.33888
input.UTBase,input.SienaCLbase,0.75554
input.UTBaseRTF,input.SienaCLbase,0.00000
input.UTWngFuture,input.SienaCLbase,0.33608
input.UTWngFutureQ,input.SienaCLbase,0.13505
input.waterlooa1,input.SienaCLbase,0.11971
input.waterlooa2,input.SienaCLbase,0.26764
input.waterlooa3,input.SienaCLbase,0.02574
input.waterlooa4,input.SienaCLbase,0.07788
input.WESTfilext,input.SienaCLbase,0.38698
input.WESTfilter,input.SienaCLbase,0.80222
input.WESTrelint,input.SienaCLbase,0.02128
input.WESTrlext,input.SienaCLbase,0.00697
input.Wise2ndRun,input.SienaCLbase,0.00156
input.WiseFifthRun,input.SienaCLbase,0.34535
input.WiseFouthRun,input.SienaCLbase,0.19666
input.WiseThirdRun,input.SienaCLbase,0.00156
input.ya3,input.SienaCLbase,0.02452
input.ya4,input.SienaCLbase,0.03961
input.YNDXTPC1,input.SienaCLbase,0.09963
input.YNDXTPC2,input.SienaCLbase,0.14574
input.simfollTP01,input.simfoll,0.30246
input.sylesNoRes,input.simfoll,0.10403
input.tfTP01,input.simfoll,0.28034
input.udelIndri,input.simfoll,0.00038
input.udelLucene,input.simfoll,0.00000
input.UDMicroComb1,input.simfoll,0.00000
input.UDMicroComb2,input.simfoll,0.00039
input.UDMicroIDF,input.simfoll,0.00377
input.UDMicroIDFD,input.simfoll,0.00001
input.uicir1,input.simfoll,0.00000
input.uicir2,input.simfoll,0.00000
input.UIowaS1,input.simfoll,0.00001
input.UIowaS2,input.simfoll,0.00003
input.UIowaS3,input.simfoll,0.00003
input.UIowaS4,input.simfoll,0.03816
input.uiucsf,input.simfoll,0.00000
input.uogTrLqea,input.simfoll,0.00001
input.uogTrLqeabd,input.simfoll,0.00001
input.uogTrLqeabdd,input.simfoll,0.00000
input.uogTrUB2,input.simfoll,0.00000
input.UTBase,input.simfoll,0.00000
input.UTBaseRTF,input.simfoll,0.00000
input.UTWngFuture,input.simfoll,0.00097
input.UTWngFutureQ,input.simfoll,0.00567
input.waterlooa1,input.simfoll,0.00684
input.waterlooa2,input.simfoll,0.00162
input.waterlooa3,input.simfoll,0.04229
input.waterlooa4,input.simfoll,0.01250
input.WESTfilext,input.simfoll,0.00000
input.WESTfilter,input.simfoll,0.00001
input.WESTrelint,input.simfoll,0.00000
input.WESTrlext,input.simfoll,0.00000
input.Wise2ndRun,input.simfoll,0.27259
input.WiseFifthRun,input.simfoll,0.00091
input.WiseFouthRun,input.simfoll,0.00298
input.WiseThirdRun,input.simfoll,0.27259
input.ya3,input.simfoll,0.00000
input.ya4,input.simfoll,0.00000
input.YNDXTPC1,input.simfoll,0.00000
input.YNDXTPC2,input.simfoll,0.00000
input.sylesNoRes,input.simfollTP01,0.55222
input.tfTP01,input.simfollTP01,0.96141
input.udelIndri,input.simfollTP01,0.01177
input.udelLucene,input.simfollTP01,0.00000
input.UDMicroComb1,input.simfollTP01,0.00002
input.UDMicroComb2,input.simfollTP01,0.01189
input.UDMicroIDF,input.simfollTP01,0.06214
input.UDMicroIDFD,input.simfollTP01,0.00072
input.uicir1,input.simfollTP01,0.00000
input.uicir2,input.simfollTP01,0.00000
input.UIowaS1,input.simfollTP01,0.00056
input.UIowaS2,input.simfollTP01,0.00155
input.UIowaS3,input.simfollTP01,0.00174
input.UIowaS4,input.simfollTP01,0.29745
input.uiucsf,input.simfollTP01,0.00000
input.uogTrLqea,input.simfollTP01,0.00093
input.uogTrLqeabd,input.simfollTP01,0.00044
input.uogTrLqeabdd,input.simfollTP01,0.00019
input.uogTrUB2,input.simfollTP01,0.00003
input.UTBase,input.simfollTP01,0.00040
input.UTBaseRTF,input.simfollTP01,0.00000
input.UTWngFuture,input.simfollTP01,0.02335
input.UTWngFutureQ,input.simfollTP01,0.08272
input.waterlooa1,input.simfollTP01,0.09422
input.waterlooa2,input.simfollTP01,0.03392
input.waterlooa3,input.simfollTP01,0.31758
input.waterlooa4,input.simfollTP01,0.14252
input.WESTfilext,input.simfollTP01,0.00004
input.WESTfilter,input.simfollTP01,0.00050
input.WESTrelint,input.simfollTP01,0.00000
input.WESTrlext,input.simfollTP01,0.00000
input.Wise2ndRun,input.simfollTP01,0.94742
input.WiseFifthRun,input.simfollTP01,0.02226
input.WiseFouthRun,input.simfollTP01,0.05257
input.WiseThirdRun,input.simfollTP01,0.94742
input.ya3,input.simfollTP01,0.00000
input.ya4,input.simfollTP01,0.00000
input.YNDXTPC1,input.simfollTP01,0.00000
input.YNDXTPC2,input.simfollTP01,0.00000
input.tfTP01,input.sylesNoRes,0.58503
input.udelIndri,input.sylesNoRes,0.05427
input.udelLucene,input.sylesNoRes,0.00000
input.UDMicroComb1,input.sylesNoRes,0.00019
input.UDMicroComb2,input.sylesNoRes,0.05475
input.UDMicroIDF,input.sylesNoRes,0.20377
input.UDMicroIDFD,input.sylesNoRes,0.00531
input.uicir1,input.sylesNoRes,0.00000
input.uicir2,input.sylesNoRes,0.00005
input.UIowaS1,input.sylesNoRes,0.00430
input.UIowaS2,input.sylesNoRes,0.01014
input.UIowaS3,input.sylesNoRes,0.01117
input.UIowaS4,input.sylesNoRes,0.65453
input.uiucsf,input.sylesNoRes,0.00000
input.uogTrLqea,input.sylesNoRes,0.00661
input.uogTrLqeabd,input.sylesNoRes,0.00349
input.uogTrLqeabdd,input.sylesNoRes,0.00172
input.uogTrUB2,input.sylesNoRes,0.00033
input.UTBase,input.sylesNoRes,0.00321
input.UTBaseRTF,input.sylesNoRes,0.00000
input.UTWngFuture,input.sylesNoRes,0.09429
input.UTWngFutureQ,input.sylesNoRes,0.25401
input.waterlooa1,input.sylesNoRes,0.28053
input.waterlooa2,input.sylesNoRes,0.12686
input.waterlooa3,input.sylesNoRes,0.68547
input.waterlooa4,input.sylesNoRes,0.38319
input.WESTfilext,input.sylesNoRes,0.00046
input.WESTfilter,input.sylesNoRes,0.00391
input.WESTrelint,input.sylesNoRes,0.00000
input.WESTrlext,input.sylesNoRes,0.00000
input.Wise2ndRun,input.sylesNoRes,0.59716
input.WiseFifthRun,input.sylesNoRes,0.09074
input.WiseFouthRun,input.sylesNoRes,0.17895
input.WiseThirdRun,input.sylesNoRes,0.59716
input.ya3,input.sylesNoRes,0.00000
input.ya4,input.sylesNoRes,0.00000
input.YNDXTPC1,input.sylesNoRes,0.00002
input.YNDXTPC2,input.sylesNoRes,0.00004
input.udelIndri,input.tfTP01,0.01349
input.udelLucene,input.tfTP01,0.00000
input.UDMicroComb1,input.tfTP01,0.00002
input.UDMicroComb2,input.tfTP01,0.01363
input.UDMicroIDF,input.tfTP01,0.06923
input.UDMicroIDFD,input.tfTP01,0.00086
input.uicir1,input.tfTP01,0.00000
input.uicir2,input.tfTP01,0.00000
input.UIowaS1,input.tfTP01,0.00067
input.UIowaS2,input.tfTP01,0.00183
input.UIowaS3,input.tfTP01,0.00205
input.UIowaS4,input.tfTP01,0.32045
input.uiucsf,input.tfTP01,0.00000
input.uogTrLqea,input.tfTP01,0.00111
input.uogTrLqeabd,input.tfTP01,0.00053
input.uogTrLqeabdd,input.tfTP01,0.00023
input.uogTrUB2,input.tfTP01,0.00004
input.UTBase,input.tfTP01,0.00048
input.UTBaseRTF,input.tfTP01,0.00000
input.UTWngFuture,input.tfTP01,0.02647
input.UTWngFutureQ,input.tfTP01,0.09166
input.waterlooa1,input.tfTP01,0.10412
input.waterlooa2,input.tfTP01,0.03820
input.waterlooa3,input.tfTP01,0.34157
input.waterlooa4,input.tfTP01,0.15617
input.WESTfilext,input.tfTP01,0.00005
input.WESTfilter,input.tfTP01,0.00060
input.WESTrelint,input.tfTP01,0.00000
input.WESTrlext,input.tfTP01,0.00000
input.Wise2ndRun,input.tfTP01,0.98599
input.WiseFifthRun,input.tfTP01,0.02525
input.WiseFouthRun,input.tfTP01,0.05875
input.WiseThirdRun,input.tfTP01,0.98599
input.ya3,input.tfTP01,0.00000
input.ya4,input.tfTP01,0.00000
input.YNDXTPC1,input.tfTP01,0.00000
input.YNDXTPC2,input.tfTP01,0.00000
input.udelLucene,input.udelIndri,0.00000
input.UDMicroComb1,input.udelIndri,0.07109
input.UDMicroComb2,input.udelIndri,0.99700
input.UDMicroIDF,input.udelIndri,0.51327
input.UDMicroIDFD,input.udelIndri,0.38823
input.uicir1,input.udelIndri,0.00400
input.uicir2,input.udelIndri,0.03121
input.UIowaS1,input.udelIndri,0.35201
input.UIowaS2,input.udelIndri,0.51813
input.UIowaS3,input.udelIndri,0.53999
input.UIowaS4,input.udelIndri,0.13963
input.uiucsf,input.udelIndri,0.00000
input.uogTrLqea,input.udelIndri,0.42886
input.uogTrLqeabd,input.udelIndri,0.31917
input.uogTrLqeabdd,input.udelIndri,0.22593
input.uogTrUB2,input.udelIndri,0.09554
input.UTBase,input.udelIndri,0.30685
input.UTBaseRTF,input.udelIndri,0.00000
input.UTWngFuture,input.udelIndri,0.80148
input.UTWngFutureQ,input.udelIndri,0.43305
input.waterlooa1,input.udelIndri,0.39783
input.waterlooa2,input.udelIndri,0.69061
input.waterlooa3,input.udelIndri,0.12860
input.waterlooa4,input.udelIndri,0.29252
input.WESTfilext,input.udelIndri,0.11512
input.WESTfilter,input.udelIndri,0.33656
input.WESTrelint,input.udelIndri,0.00258
input.WESTrlext,input.udelIndri,0.00065
input.Wise2ndRun,input.udelIndri,0.01416
input.WiseFifthRun,input.udelIndri,0.81564
input.WiseFouthRun,input.udelIndri,0.56149
input.WiseThirdRun,input.udelIndri,0.01416
input.ya3,input.udelIndri,0.00308
input.ya4,input.udelIndri,0.00564
input.YNDXTPC1,input.udelIndri,0.01842
input.YNDXTPC2,input.udelIndri,0.03037
input.UDMicroComb1,input.udelLucene,0.00003
input.UDMicroComb2,input.udelLucene,0.00000
input.UDMicroIDF,input.udelLucene,0.00000
input.UDMicroIDFD,input.udelLucene,0.00000
input.uicir1,input.udelLucene,0.00215
input.uicir2,input.udelLucene,0.00015
input.UIowaS1,input.udelLucene,0.00000
input.UIowaS2,input.udelLucene,0.00000
input.UIowaS3,input.udelLucene,0.00000
input.UIowaS4,input.udelLucene,0.00000
input.uiucsf,input.udelLucene,0.02057
input.uogTrLqea,input.udelLucene,0.00000
input.uogTrLqeabd,input.udelLucene,0.00000
input.uogTrLqeabdd,input.udelLucene,0.00000
input.uogTrUB2,input.udelLucene,0.00002
input.UTBase,input.udelLucene,0.00000
input.UTBaseRTF,input.udelLucene,0.43713
input.UTWngFuture,input.udelLucene,0.00000
input.UTWngFutureQ,input.udelLucene,0.00000
input.waterlooa1,input.udelLucene,0.00000
input.waterlooa2,input.udelLucene,0.00000
input.waterlooa3,input.udelLucene,0.00000
input.waterlooa4,input.udelLucene,0.00000
input.WESTfilext,input.udelLucene,0.00001
input.WESTfilter,input.udelLucene,0.00000
input.WESTrelint,input.udelLucene,0.00335
input.WESTrlext,input.udelLucene,0.01114
input.Wise2ndRun,input.udelLucene,0.00000
input.WiseFifthRun,input.udelLucene,0.00000
input.WiseFouthRun,input.udelLucene,0.00000
input.WiseThirdRun,input.udelLucene,0.00000
input.ya3,input.udelLucene,0.00281
input.ya4,input.udelLucene,0.00148
input.YNDXTPC1,input.udelLucene,0.00033
input.YNDXTPC2,input.udelLucene,0.00016
input.UDMicroComb2,input.UDMicroComb1,0.07050
input.UDMicroIDF,input.UDMicroComb1,0.01394
input.UDMicroIDFD,input.UDMicroComb1,0.34614
input.uicir1,input.UDMicroComb1,0.28317
input.uicir2,input.UDMicroComb1,0.72679
input.UIowaS1,input.UDMicroComb1,0.38199
input.UIowaS2,input.UDMicroComb1,0.24658
input.UIowaS3,input.UDMicroComb1,0.23322
input.UIowaS4,input.UDMicroComb1,0.00103
input.uiucsf,input.UDMicroComb1,0.00000
input.uogTrLqea,input.UDMicroComb1,0.31069
input.uogTrLqeabd,input.UDMicroComb1,0.41865
input.uogTrLqeabdd,input.UDMicroComb1,0.55250
input.uogTrUB2,input.UDMicroComb1,0.89020
input.UTBase,input.UDMicroComb1,0.43358
input.UTBaseRTF,input.UDMicroComb1,0.00000
input.UTWngFuture,input.UDMicroComb1,0.03975
input.UTWngFutureQ,input.UDMicroComb1,0.00963
input.waterlooa1,input.UDMicroComb1,0.00804
input.waterlooa2,input.UDMicroComb1,0.02760
input.waterlooa3,input.UDMicroComb1,0.00089
input.waterlooa4,input.UDMicroComb1,0.00427
input.WESTfilext,input.UDMicroComb1,0.81861
input.WESTfilter,input.UDMicroComb1,0.39870
input.WESTrelint,input.UDMicroComb1,0.22685
input.WESTrlext,input.UDMicroComb1,0.10877
input.Wise2ndRun,input.UDMicroComb1,0.00002
input.WiseFifthRun,input.UDMicroComb1,0.04154
input.WiseFouthRun,input.UDMicroComb1,0.01705
input.WiseThirdRun,input.UDMicroComb1,0.00002
input.ya3,input.UDMicroComb1,0.24831
input.ya4,input.UDMicroComb1,0.33536
input.YNDXTPC1,input.UDMicroComb1,0.58081
input.YNDXTPC2,input.UDMicroComb1,0.71860
input.UDMicroIDF,input.UDMicroComb2,0.51570
input.UDMicroIDFD,input.UDMicroComb2,0.38617
input.uicir1,input.UDMicroComb2,0.00395
input.uicir2,input.UDMicroComb2,0.03092
input.UIowaS1,input.UDMicroComb2,0.35007
input.UIowaS2,input.UDMicroComb2,0.51570
input.UIowaS3,input.UDMicroComb2,0.53750
input.UIowaS4,input.UDMicroComb2,0.14065
input.uiucsf,input.UDMicroComb2,0.00000
input.uogTrLqea,input.UDMicroComb2,0.42667
input.uogTrLqeabd,input.UDMicroComb2,0.31735
input.uogTrLqeabdd,input.UDMicroComb2,0.22449
input.uogTrUB2,input.UDMicroComb2,0.09479
input.UTBase,input.UDMicroComb2,0.30508
input.UTBaseRTF,input.UDMicroComb2,0.00000
input.UTWngFuture,input.UDMicroComb2,0.80439
input.UTWngFutureQ,input.UDMicroComb2,0.43526
input.waterlooa1,input.UDMicroComb2,0.39993
input.waterlooa2,input.UDMicroComb2,0.69339
input.waterlooa3,input.UDMicroComb2,0.12955
input.waterlooa4,input.UDMicroComb2,0.29425
input.WESTfilext,input.UDMicroComb2,0.11425
input.WESTfilter,input.UDMicroComb2,0.33468
input.WESTrelint,input.UDMicroComb2,0.00255
input.WESTrlext,input.UDMicroComb2,0.00064
input.Wise2ndRun,input.UDMicroComb2,0.01431
input.WiseFifthRun,input.UDMicroComb2,0.81857
input.WiseFouthRun,input.UDMicroComb2,0.56403
input.WiseThirdRun,input.UDMicroComb2,0.01431
input.ya3,input.UDMicroComb2,0.00305
input.ya4,input.UDMicroComb2,0.00557
input.YNDXTPC1,input.UDMicroComb2,0.01823
input.YNDXTPC2,input.UDMicroComb2,0.03008
input.UDMicroIDFD,input.UDMicroIDF,0.12937
input.uicir1,input.UDMicroIDF,0.00041
input.uicir2,input.UDMicroIDF,0.00498
input.UIowaS1,input.UDMicroIDF,0.11309
input.UIowaS2,input.UDMicroIDF,0.19361
input.UIowaS3,input.UDMicroIDF,0.20530
input.UIowaS4,input.UDMicroIDF,0.41028
input.uiucsf,input.UDMicroIDF,0.00000
input.uogTrLqea,input.UDMicroIDF,0.14849
input.uogTrLqeabd,input.UDMicroIDF,0.09896
input.uogTrLqeabdd,input.UDMicroIDF,0.06223
input.uogTrUB2,input.UDMicroIDF,0.02031
input.UTBase,input.UDMicroIDF,0.09382
input.UTBaseRTF,input.UDMicroIDF,0.00000
input.UTWngFuture,input.UDMicroIDF,0.68745
input.UTWngFutureQ,input.UDMicroIDF,0.89639
input.waterlooa1,input.UDMicroIDF,0.84794
input.waterlooa2,input.UDMicroIDF,0.79816
input.waterlooa3,input.UDMicroIDF,0.38656
input.waterlooa4,input.UDMicroIDF,0.69000
input.WESTfilext,input.UDMicroIDF,0.02579
input.WESTfilter,input.UDMicroIDF,0.10637
input.WESTrelint,input.UDMicroIDF,0.00025
input.WESTrlext,input.UDMicroIDF,0.00005
input.Wise2ndRun,input.UDMicroIDF,0.07196
input.WiseFifthRun,input.UDMicroIDF,0.67405
input.WiseFouthRun,input.UDMicroIDF,0.94171
input.WiseThirdRun,input.UDMicroIDF,0.07196
input.ya3,input.UDMicroIDF,0.00030
input.ya4,input.UDMicroIDF,0.00062
input.YNDXTPC1,input.UDMicroIDF,0.00260
input.YNDXTPC2,input.UDMicroIDF,0.00482
input.uicir1,input.UDMicroIDFD,0.04387
input.uicir2,input.UDMicroIDFD,0.19653
input.UIowaS1,input.UDMicroIDFD,0.94590
input.UIowaS2,input.UDMicroIDFD,0.82852
input.UIowaS3,input.UDMicroIDFD,0.80259
input.UIowaS4,input.UDMicroIDFD,0.01928
input.uiucsf,input.UDMicroIDFD,0.00000
input.uogTrLqea,input.UDMicroIDFD,0.94285
input.uogTrLqeabd,input.UDMicroIDFD,0.89393
input.uogTrLqeabdd,input.UDMicroIDFD,0.72778
input.uogTrUB2,input.UDMicroIDFD,0.42137
input.UTBase,input.UDMicroIDFD,0.87365
input.UTBaseRTF,input.UDMicroIDFD,0.00000
input.UTWngFuture,input.UDMicroIDFD,0.26517
input.UTWngFutureQ,input.UDMicroIDFD,0.09960
input.waterlooa1,input.UDMicroIDFD,0.08757
input.waterlooa2,input.UDMicroIDFD,0.20736
input.waterlooa3,input.UDMicroIDFD,0.01720
input.waterlooa4,input.UDMicroIDFD,0.05544
input.WESTfilext,input.UDMicroIDFD,0.47599
input.WESTfilter,input.UDMicroIDFD,0.92182
input.WESTrelint,input.UDMicroIDFD,0.03151
input.WESTrlext,input.UDMicroIDFD,0.01090
input.Wise2ndRun,input.UDMicroIDFD,0.00091
input.WiseFifthRun,input.UDMicroIDFD,0.27309
input.WiseFouthRun,input.UDMicroIDFD,0.14889
input.WiseThirdRun,input.UDMicroIDFD,0.00091
input.ya3,input.UDMicroIDFD,0.03603
input.ya4,input.UDMicroIDFD,0.05672
input.YNDXTPC1,input.UDMicroIDFD,0.13510
input.YNDXTPC2,input.UDMicroIDFD,0.19277
input.uicir2,input.uicir1,0.46917
input.UIowaS1,input.uicir1,0.05148
input.UIowaS2,input.uicir1,0.02562
input.UIowaS3,input.uicir1,0.02349
input.UIowaS4,input.uicir1,0.00001
input.uiucsf,input.uicir1,0.00000
input.uogTrLqea,input.uicir1,0.03689
input.uogTrLqeabd,input.uicir1,0.05984
input.uogTrLqeabdd,input.uicir1,0.09547
input.uogTrUB2,input.uicir1,0.22579
input.UTBase,input.uicir1,0.06341
input.UTBaseRTF,input.uicir1,0.00012
input.UTWngFuture,input.uicir1,0.00175
input.UTWngFutureQ,input.uicir1,0.00025
input.waterlooa1,input.uicir1,0.00020
input.waterlooa2,input.uicir1,0.00105
input.waterlooa3,input.uicir1,0.00001
input.waterlooa4,input.uicir1,0.00008
input.WESTfilext,input.uicir1,0.19273
input.WESTfilter,input.uicir1,0.05522
input.WESTrelint,input.uicir1,0.89237
input.WESTrlext,input.uicir1,0.59575
input.Wise2ndRun,input.uicir1,0.00000
input.WiseFifthRun,input.uicir1,0.00186
input.WiseFouthRun,input.uicir1,0.00054
input.WiseThirdRun,input.uicir1,0.00000
input.ya3,input.uicir1,0.93525
input.ya4,input.uicir1,0.91252
input.YNDXTPC1,input.uicir1,0.60235
input.YNDXTPC2,input.uicir1,0.47591
input.UIowaS1,input.uicir2,0.22109
input.UIowaS2,input.uicir2,0.13153
input.UIowaS3,input.uicir2,0.12320
input.UIowaS4,input.uicir2,0.00028
input.uiucsf,input.uicir2,0.00000
input.uogTrLqea,input.uicir2,0.17283
input.uogTrLqeabd,input.uicir2,0.24680
input.uogTrLqeabdd,input.uicir2,0.34547
input.uogTrUB2,input.uicir2,0.62594
input.UTBase,input.uicir2,0.25743
input.UTBaseRTF,input.uicir2,0.00000
input.UTWngFuture,input.uicir2,0.01614
input.UTWngFutureQ,input.uicir2,0.00330
input.waterlooa1,input.uicir2,0.00270
input.waterlooa2,input.uicir2,0.01070
input.waterlooa3,input.uicir2,0.00024
input.waterlooa4,input.uicir2,0.00134
input.WESTfilext,input.uicir2,0.56278
input.WESTfilter,input.uicir2,0.23273
input.WESTrelint,input.uicir2,0.39027
input.WESTrlext,input.uicir2,0.20972
input.Wise2ndRun,input.uicir2,0.00000
input.WiseFifthRun,input.uicir2,0.01696
input.WiseFouthRun,input.uicir2,0.00624
input.WiseThirdRun,input.uicir2,0.00000
input.ya3,input.uicir2,0.42078
input.ya4,input.uicir2,0.53924
input.YNDXTPC1,input.uicir2,0.83929
input.YNDXTPC2,input.uicir2,0.99128
input.UIowaS2,input.UIowaS1,0.77606
input.UIowaS3,input.UIowaS1,0.75059
input.UIowaS4,input.UIowaS1,0.01605
input.uiucsf,input.UIowaS1,0.00000
input.uogTrLqea,input.UIowaS1,0.88902
input.uogTrLqeabd,input.UIowaS1,0.94780
input.uogTrLqeabdd,input.UIowaS1,0.77931
input.uogTrUB2,input.UIowaS1,0.46162
input.UTBase,input.UIowaS1,0.92737
input.UTBaseRTF,input.UIowaS1,0.00000
input.UTWngFuture,input.UIowaS1,0.23716
input.UTWngFutureQ,input.UIowaS1,0.08641
input.waterlooa1,input.UIowaS1,0.07570
input.waterlooa2,input.UIowaS1,0.18394
input.waterlooa3,input.UIowaS1,0.01427
input.waterlooa4,input.UIowaS1,0.04733
input.WESTfilext,input.UIowaS1,0.51898
input.WESTfilter,input.UIowaS1,0.97584
input.WESTrelint,input.UIowaS1,0.03727
input.WESTrlext,input.UIowaS1,0.01321
input.Wise2ndRun,input.UIowaS1,0.00071
input.WiseFifthRun,input.UIowaS1,0.24449
input.WiseFouthRun,input.UIowaS1,0.13071
input.WiseThirdRun,input.UIowaS1,0.00071
input.ya3,input.UIowaS1,0.04249
input.ya4,input.UIowaS1,0.06612
input.YNDXTPC1,input.UIowaS1,0.15374
input.YNDXTPC2,input.UIowaS1,0.21699
input.UIowaS3,input.UIowaS2,0.97336
input.UIowaS4,input.UIowaS2,0.03372
input.uiucsf,input.UIowaS2,0.00000
input.uogTrLqea,input.UIowaS2,0.88477
input.uogTrLqeabd,input.UIowaS2,0.72639
input.uogTrLqeabdd,input.UIowaS2,0.57229
input.uogTrUB2,input.UIowaS2,0.30742
input.UTBase,input.UIowaS2,0.70720
input.UTBaseRTF,input.UIowaS2,0.00000
input.UTWngFuture,input.UIowaS2,0.36937
input.UTWngFutureQ,input.UIowaS2,0.15266
input.waterlooa1,input.UIowaS2,0.13577
input.waterlooa2,input.UIowaS2,0.29637
input.waterlooa3,input.UIowaS2,0.03032
input.waterlooa4,input.UIowaS2,0.08935
input.WESTfilext,input.UIowaS2,0.35269
input.WESTfilter,input.UIowaS2,0.75295
input.WESTrelint,input.UIowaS2,0.01792
input.WESTrlext,input.UIowaS2,0.00574
input.Wise2ndRun,input.UIowaS2,0.00194
input.WiseFifthRun,input.UIowaS2,0.37920
input.WiseFouthRun,input.UIowaS2,0.21987
input.WiseThirdRun,input.UIowaS2,0.00194
input.ya3,input.UIowaS2,0.02071
input.ya4,input.UIowaS2,0.03383
input.YNDXTPC1,input.UIowaS2,0.08710
input.YNDXTPC2,input.UIowaS2,0.12875
input.UIowaS4,input.UIowaS3,0.03662
input.uiucsf,input.UIowaS3,0.00000
input.uogTrLqea,input.UIowaS3,0.85848
input.uogTrLqeabd,input.UIowaS3,0.70148
input.uogTrLqeabdd,input.UIowaS3,0.54979
input.uogTrUB2,input.UIowaS3,0.29186
input.UTBase,input.UIowaS3,0.68253
input.UTBaseRTF,input.UIowaS3,0.00000
input.UTWngFuture,input.UIowaS3,0.38744
input.UTWngFutureQ,input.UIowaS3,0.16247
input.waterlooa1,input.UIowaS3,0.14475
input.waterlooa2,input.UIowaS3,0.31209
input.waterlooa3,input.UIowaS3,0.03297
input.waterlooa4,input.UIowaS3,0.09582
input.WESTfilext,input.UIowaS3,0.33566
input.WESTfilter,input.UIowaS3,0.72773
input.WESTrelint,input.UIowaS3,0.01637
input.WESTrlext,input.UIowaS3,0.00518
input.Wise2ndRun,input.UIowaS3,0.00217
input.WiseFifthRun,input.UIowaS3,0.39756
input.WiseFouthRun,input.UIowaS3,0.23269
input.WiseThirdRun,input.UIowaS3,0.00217
input.ya3,input.UIowaS3,0.01895
input.ya4,input.UIowaS3,0.03113
input.YNDXTPC1,input.UIowaS3,0.08111
input.YNDXTPC2,input.UIowaS3,0.12056
input.uiucsf,input.UIowaS4,0.00000
input.uogTrLqea,input.UIowaS4,0.02331
input.uogTrLqeabd,input.UIowaS4,0.01339
input.uogTrLqeabdd,input.UIowaS4,0.00719
input.uogTrUB2,input.UIowaS4,0.00167
input.UTBase,input.UIowaS4,0.01245
input.UTBaseRTF,input.UIowaS4,0.00000
input.UTWngFuture,input.UIowaS4,0.22030
input.UTWngFutureQ,input.UIowaS4,0.48820
input.waterlooa1,input.UIowaS4,0.52762
input.waterlooa2,input.UIowaS4,0.28053
input.waterlooa3,input.UIowaS4,0.96612
input.waterlooa4,input.UIowaS4,0.67117
input.WESTfilext,input.UIowaS4,0.00227
input.WESTfilter,input.UIowaS4,0.01476
input.WESTrelint,input.UIowaS4,0.00001
input.WESTrlext,input.UIowaS4,0.00000
input.Wise2ndRun,input.UIowaS4,0.32908
input.WiseFifthRun,input.UIowaS4,0.21350
input.WiseFouthRun,input.UIowaS4,0.36997
input.WiseThirdRun,input.UIowaS4,0.32908
input.ya3,input.UIowaS4,0.00001
input.ya4,input.UIowaS4,0.00002
input.YNDXTPC1,input.UIowaS4,0.00013
input.YNDXTPC2,input.UIowaS4,0.00027
input.uogTrLqea,input.uiucsf,0.00000
input.uogTrLqeabd,input.uiucsf,0.00000
input.uogTrLqeabdd,input.uiucsf,0.00000
input.uogTrUB2,input.uiucsf,0.00000
input.UTBase,input.uiucsf,0.00000
input.UTBaseRTF,input.uiucsf,0.12388
input.UTWngFuture,input.uiucsf,0.00000
input.UTWngFutureQ,input.uiucsf,0.00000
input.waterlooa1,input.uiucsf,0.00000
input.waterlooa2,input.uiucsf,0.00000
input.waterlooa3,input.uiucsf,0.00000
input.waterlooa4,input.uiucsf,0.00000
input.WESTfilext,input.uiucsf,0.00000
input.WESTfilter,input.uiucsf,0.00000
input.WESTrelint,input.uiucsf,0.00000
input.WESTrlext,input.uiucsf,0.00000
input.Wise2ndRun,input.uiucsf,0.00000
input.WiseFifthRun,input.uiucsf,0.00000
input.WiseFouthRun,input.uiucsf,0.00000
input.WiseThirdRun,input.uiucsf,0.00000
input.ya3,input.uiucsf,0.00000
input.ya4,input.uiucsf,0.00000
input.YNDXTPC1,input.uiucsf,0.00000
input.YNDXTPC2,input.uiucsf,0.00000
input.uogTrLqeabd,input.uogTrLqea,0.83756
input.uogTrLqeabdd,input.uogTrLqea,0.67466
input.uogTrUB2,input.uogTrLqea,0.38118
input.UTBase,input.uogTrLqea,0.81755
input.UTBaseRTF,input.uogTrLqea,0.00000
input.UTWngFuture,input.uogTrLqea,0.29715
input.UTWngFutureQ,input.uogTrLqea,0.11523
input.waterlooa1,input.uogTrLqea,0.10170
input.waterlooa2,input.uogTrLqea,0.23437
input.waterlooa3,input.uogTrLqea,0.02085
input.waterlooa4,input.uogTrLqea,0.06522
input.WESTfilext,input.uogTrLqea,0.43277
input.WESTfilter,input.uogTrLqea,0.86514
input.WESTrelint,input.uogTrLqea,0.02626
input.WESTrlext,input.uogTrLqea,0.00886
input.Wise2ndRun,input.uogTrLqea,0.00118
input.WiseFifthRun,input.uogTrLqea,0.30570
input.WiseFouthRun,input.uogTrLqea,0.17013
input.WiseThirdRun,input.uogTrLqea,0.00118
input.ya3,input.uogTrLqea,0.03014
input.ya4,input.uogTrLqea,0.04802
input.YNDXTPC1,input.uogTrLqea,0.11735
input.YNDXTPC2,input.uogTrLqea,0.16941
input.uogTrLqeabdd,input.uogTrLqeabd,0.82996
input.uogTrUB2,input.uogTrLqeabd,0.50240
input.UTBase,input.uogTrLqeabd,0.97951
input.UTBaseRTF,input.uogTrLqeabd,0.00000
input.UTWngFuture,input.uogTrLqeabd,0.21218
input.UTWngFutureQ,input.uogTrLqeabd,0.07505
input.waterlooa1,input.uogTrLqeabd,0.06552
input.waterlooa2,input.uogTrLqeabd,0.16326
input.waterlooa3,input.uogTrLqeabd,0.01188
input.waterlooa4,input.uogTrLqeabd,0.04048
input.WESTfilext,input.uogTrLqeabd,0.56229
input.WESTfilter,input.uogTrLqeabd,0.97193
input.WESTrelint,input.uogTrLqeabd,0.04367
input.WESTrlext,input.uogTrLqeabd,0.01584
input.Wise2ndRun,input.uogTrLqeabd,0.00056
input.WiseFifthRun,input.uogTrLqeabd,0.21896
input.WiseFouthRun,input.uogTrLqeabd,0.11484
input.WiseThirdRun,input.uogTrLqeabd,0.00056
input.ya3,input.uogTrLqeabd,0.04962
input.ya4,input.uogTrLqeabd,0.07637
input.YNDXTPC1,input.uogTrLqeabd,0.17352
input.YNDXTPC2,input.uogTrLqeabd,0.24236
input.uogTrUB2,input.uogTrLqeabdd,0.64841
input.UTBase,input.uogTrLqeabdd,0.85004
input.UTBaseRTF,input.uogTrLqeabdd,0.00000
input.UTWngFuture,input.uogTrLqeabdd,0.14365
input.UTWngFutureQ,input.uogTrLqeabdd,0.04605
input.waterlooa1,input.uogTrLqeabdd,0.03974
input.waterlooa2,input.uogTrLqeabdd,0.10763
input.waterlooa3,input.uogTrLqeabdd,0.00632
input.waterlooa4,input.uogTrLqeabdd,0.02360
input.WESTfilext,input.uogTrLqeabdd,0.71534
input.WESTfilter,input.uogTrLqeabdd,0.80264
input.WESTrelint,input.uogTrLqeabdd,0.07146
input.WESTrlext,input.uogTrLqeabdd,0.02797
input.Wise2ndRun,input.uogTrLqeabdd,0.00025
input.WiseFifthRun,input.uogTrLqeabdd,0.14872
input.WiseFouthRun,input.uogTrLqeabdd,0.07321
input.WiseThirdRun,input.uogTrLqeabdd,0.00025
input.ya3,input.uogTrLqeabdd,0.08038
input.ya4,input.uogTrLqeabdd,0.11938
input.YNDXTPC1,input.uogTrLqeabdd,0.25171
input.YNDXTPC2,input.uogTrLqeabdd,0.33991
input.UTBase,input.uogTrUB2,0.51891
input.UTBaseRTF,input.uogTrUB2,0.00000
input.UTWngFuture,input.uogTrUB2,0.05507
input.UTWngFutureQ,input.uogTrUB2,0.01425
input.waterlooa1,input.uogTrUB2,0.01199
input.waterlooa2,input.uogTrUB2,0.03893
input.waterlooa3,input.uogTrUB2,0.00144
input.waterlooa4,input.uogTrUB2,0.00654
input.WESTfilext,input.uogTrUB2,0.92727
input.WESTfilter,input.uogTrUB2,0.48025
input.WESTrelint,input.uogTrUB2,0.17812
input.WESTrlext,input.uogTrUB2,0.08155
input.Wise2ndRun,input.uogTrUB2,0.00004
input.WiseFifthRun,input.uogTrUB2,0.05743
input.WiseFouthRun,input.uogTrUB2,0.02461
input.WiseThirdRun,input.uogTrUB2,0.00004
input.ya3,input.uogTrUB2,0.19618
input.ya4,input.uogTrUB2,0.27072
input.YNDXTPC1,input.uogTrUB2,0.49004
input.YNDXTPC2,input.uogTrUB2,0.61822
input.UTBaseRTF,input.UTBase,0.00000
input.UTWngFuture,input.UTBase,0.20292
input.UTWngFutureQ,input.UTBase,0.07095
input.waterlooa1,input.UTBase,0.06185
input.waterlooa2,input.UTBase,0.15565
input.waterlooa3,input.UTBase,0.01104
input.waterlooa4,input.UTBase,0.03804
input.WESTfilext,input.UTBase,0.57975
input.WESTfilter,input.UTBase,0.95146
input.WESTrelint,input.UTBase,0.04641
input.WESTrlext,input.UTBase,0.01699
input.Wise2ndRun,input.UTBase,0.00051
input.WiseFifthRun,input.UTBase,0.20948
input.WiseFouthRun,input.UTBase,0.10905
input.WiseThirdRun,input.UTBase,0.00051
input.ya3,input.UTBase,0.05268
input.ya4,input.UTBase,0.08073
input.YNDXTPC1,input.UTBase,0.18178
input.YNDXTPC2,input.UTBase,0.25287
input.UTWngFuture,input.UTBaseRTF,0.00000
input.UTWngFutureQ,input.UTBaseRTF,0.00000
input.waterlooa1,input.UTBaseRTF,0.00000
input.waterlooa2,input.UTBaseRTF,0.00000
input.waterlooa3,input.UTBaseRTF,0.00000
input.waterlooa4,input.UTBaseRTF,0.00000
input.WESTfilext,input.UTBaseRTF,0.00000
input.WESTfilter,input.UTBaseRTF,0.00000
input.WESTrelint,input.UTBaseRTF,0.00021
input.WESTrlext,input.UTBaseRTF,0.00091
input.Wise2ndRun,input.UTBaseRTF,0.00000
input.WiseFifthRun,input.UTBaseRTF,0.00000
input.WiseFouthRun,input.UTBaseRTF,0.00000
input.WiseThirdRun,input.UTBaseRTF,0.00000
input.ya3,input.UTBaseRTF,0.00017
input.ya4,input.UTBaseRTF,0.00008
input.YNDXTPC1,input.UTBaseRTF,0.00001
input.YNDXTPC2,input.UTBaseRTF,0.00001
input.UTWngFutureQ,input.UTWngFuture,0.59435
input.waterlooa1,input.UTWngFuture,0.55246
input.waterlooa2,input.UTWngFuture,0.88345
input.waterlooa3,input.UTWngFuture,0.20473
input.waterlooa4,input.UTWngFuture,0.42303
input.WESTfilext,input.UTWngFuture,0.06770
input.WESTfilter,input.UTWngFuture,0.22536
input.WESTrelint,input.UTWngFuture,0.00110
input.WESTrlext,input.UTWngFuture,0.00025
input.Wise2ndRun,input.UTWngFuture,0.02769
input.WiseFifthRun,input.UTWngFuture,0.98542
input.WiseFouthRun,input.UTWngFuture,0.74200
input.WiseThirdRun,input.UTWngFuture,0.02769
input.ya3,input.UTWngFuture,0.00132
input.ya4,input.UTWngFuture,0.00253
input.YNDXTPC1,input.UTWngFuture,0.00909
input.YNDXTPC2,input.UTWngFuture,0.01566
input.waterlooa1,input.UTWngFutureQ,0.95094
input.waterlooa2,input.UTWngFutureQ,0.69953
input.waterlooa3,input.UTWngFutureQ,0.46194
input.waterlooa4,input.UTWngFutureQ,0.78821
input.WESTfilext,input.UTWngFutureQ,0.01830
input.WESTfilter,input.UTWngFutureQ,0.08099
input.WESTrelint,input.UTWngFutureQ,0.00015
input.WESTrlext,input.UTWngFutureQ,0.00003
input.Wise2ndRun,input.UTWngFutureQ,0.09509
input.WiseFifthRun,input.UTWngFutureQ,0.58175
input.WiseFouthRun,input.UTWngFutureQ,0.83887
input.WiseThirdRun,input.UTWngFutureQ,0.09509
input.ya3,input.UTWngFutureQ,0.00018
input.ya4,input.UTWngFutureQ,0.00038
input.YNDXTPC1,input.UTWngFutureQ,0.00168
input.YNDXTPC2,input.UTWngFutureQ,0.00319
input.waterlooa2,input.waterlooa1,0.65453
input.waterlooa3,input.waterlooa1,0.50023
input.waterlooa4,input.waterlooa1,0.83593
input.WESTfilext,input.waterlooa1,0.01547
input.WESTfilter,input.waterlooa1,0.07084
input.WESTrelint,input.waterlooa1,0.00011
input.WESTrlext,input.waterlooa1,0.00002
input.Wise2ndRun,input.waterlooa1,0.10792
input.WiseFifthRun,input.waterlooa1,0.54030
input.WiseFouthRun,input.waterlooa1,0.79111
input.WiseThirdRun,input.waterlooa1,0.10792
input.ya3,input.waterlooa1,0.00014
input.ya4,input.waterlooa1,0.00030
input.YNDXTPC1,input.waterlooa1,0.00136
input.YNDXTPC2,input.waterlooa1,0.00261
input.waterlooa3,input.waterlooa2,0.26203
input.waterlooa4,input.waterlooa2,0.51273
input.WESTfilext,input.waterlooa2,0.04842
input.WESTfilter,input.waterlooa2,0.17415
input.WESTrelint,input.waterlooa2,0.00065
input.WESTrlext,input.waterlooa2,0.00014
input.Wise2ndRun,input.waterlooa2,0.03987
input.WiseFifthRun,input.waterlooa2,0.86904
input.WiseFouthRun,input.waterlooa2,0.85510
input.WiseThirdRun,input.waterlooa2,0.03987
input.ya3,input.waterlooa2,0.00079
input.ya4,input.waterlooa2,0.00154
input.YNDXTPC1,input.waterlooa2,0.00587
input.YNDXTPC2,input.waterlooa2,0.01037
input.waterlooa4,input.waterlooa3,0.64049
input.WESTfilext,input.waterlooa3,0.00197
input.WESTfilter,input.waterlooa3,0.01312
input.WESTrelint,input.waterlooa3,0.00001
input.WESTrlext,input.waterlooa3,0.00000
input.Wise2ndRun,input.waterlooa3,0.35056
input.WiseFifthRun,input.waterlooa3,0.19828
input.WiseFouthRun,input.waterlooa3,0.34773
input.WiseThirdRun,input.waterlooa3,0.35056
input.ya3,input.waterlooa3,0.00001
input.ya4,input.waterlooa3,0.00002
input.YNDXTPC1,input.waterlooa3,0.00011
input.YNDXTPC2,input.waterlooa3,0.00023
input.WESTfilext,input.waterlooa4,0.00858
input.WESTfilter,input.waterlooa4,0.04405
input.WESTrelint,input.waterlooa4,0.00005
input.WESTrlext,input.waterlooa4,0.00001
input.Wise2ndRun,input.waterlooa4,0.16136
input.WiseFifthRun,input.waterlooa4,0.41252
input.WiseFouthRun,input.waterlooa4,0.63694
input.WiseThirdRun,input.waterlooa4,0.16136
input.ya3,input.waterlooa4,0.00006
input.ya4,input.waterlooa4,0.00013
input.YNDXTPC1,input.waterlooa4,0.00065
input.YNDXTPC2,input.waterlooa4,0.00129
input.WESTfilter,input.WESTfilext,0.53880
input.WESTrelint,input.WESTfilext,0.15048
input.WESTrlext,input.WESTfilext,0.06679
input.Wise2ndRun,input.WESTfilext,0.00006
input.WiseFifthRun,input.WESTfilext,0.07049
input.WiseFouthRun,input.WESTfilext,0.03107
input.WiseThirdRun,input.WESTfilext,0.00006
input.ya3,input.WESTfilext,0.16642
input.ya4,input.WESTfilext,0.23299
input.YNDXTPC1,input.WESTfilext,0.43449
input.YNDXTPC2,input.WESTfilext,0.55542
input.WESTrelint,input.WESTfilter,0.04012
input.WESTrlext,input.WESTfilter,0.01438
input.Wise2ndRun,input.WESTfilter,0.00064
input.WiseFifthRun,input.WESTfilter,0.23243
input.WiseFouthRun,input.WESTfilter,0.12317
input.WiseThirdRun,input.WESTfilter,0.00064
input.ya3,input.WESTfilter,0.04567
input.ya4,input.WESTfilter,0.07071
input.YNDXTPC1,input.WESTfilter,0.16267
input.YNDXTPC2,input.WESTfilter,0.22848
input.WESTrlext,input.WESTrelint,0.69268
input.Wise2ndRun,input.WESTrelint,0.00000
input.WiseFifthRun,input.WESTrelint,0.00117
input.WiseFouthRun,input.WESTrelint,0.00033
input.WiseThirdRun,input.WESTrelint,0.00000
input.ya3,input.WESTrelint,0.95689
input.ya4,input.WESTrelint,0.80633
input.YNDXTPC1,input.WESTrelint,0.51162
input.YNDXTPC2,input.WESTrelint,0.39633
input.Wise2ndRun,input.WESTrlext,0.00000
input.WiseFifthRun,input.WESTrlext,0.00027
input.WiseFouthRun,input.WESTrlext,0.00007
input.WiseThirdRun,input.WESTrlext,0.00000
input.ya3,input.WESTrlext,0.65323
input.ya4,input.WESTrlext,0.52193
input.YNDXTPC1,input.WESTrlext,0.29301
input.YNDXTPC2,input.WESTrlext,0.21372
input.WiseFifthRun,input.Wise2ndRun,0.02642
input.WiseFouthRun,input.Wise2ndRun,0.06114
input.WiseThirdRun,input.Wise2ndRun,1.00000
input.ya3,input.Wise2ndRun,0.00000
input.ya4,input.Wise2ndRun,0.00000
input.YNDXTPC1,input.Wise2ndRun,0.00000
input.YNDXTPC2,input.Wise2ndRun,0.00000
input.WiseFouthRun,input.WiseFifthRun,0.72823
input.WiseThirdRun,input.WiseFifthRun,0.02642
input.ya3,input.WiseFifthRun,0.00141
input.ya4,input.WiseFifthRun,0.00269
input.YNDXTPC1,input.WiseFifthRun,0.00959
input.YNDXTPC2,input.WiseFifthRun,0.01647
input.WiseThirdRun,input.WiseFouthRun,0.06114
input.ya3,input.WiseFouthRun,0.00040
input.ya4,input.WiseFouthRun,0.00081
input.YNDXTPC1,input.WiseFouthRun,0.00331
input.YNDXTPC2,input.WiseFouthRun,0.00603
input.ya3,input.WiseThirdRun,0.00000
input.ya4,input.WiseThirdRun,0.00000
input.YNDXTPC1,input.WiseThirdRun,0.00000
input.YNDXTPC2,input.WiseThirdRun,0.00000
input.ya4,input.ya3,0.84845
input.YNDXTPC1,input.ya3,0.54700
input.YNDXTPC2,input.ya3,0.42712
input.YNDXTPC1,input.ya4,0.68095
input.YNDXTPC2,input.ya4,0.54648
input.YNDXTPC2,input.YNDXTPC1,0.84784
